0 0
1 3672
2 1492
3 2136
4 2404
5 2474
6 1948
7 1412
8 2088
9 3084
10 2500
11 2556
12 320
13 1704
14 3452
15 2618
16 1578
17 2190
18 2304
19 3134
20 2274
21 3872
22 1810
23 2418
24 1398
25 2330
26 3322
27 1488
28 2822
29 1466
30 2632
31 1342
32 1744
33 3722
34 2120
35 2630
36 2824
37 3904
38 2544
39 1166
40 1834
41 3996
42 1784
43 1442
44 1814
45 4392
46 2866
47 3136
48 1914
49 2862
50 2390
51 2146
52 2298
53 3390
54 968
55 3744
56 4054
57 2234
58 3258
59 3178
60 2358
61 2724
62 3986
63 3026
64 2270
65 3908
66 1148
67 3816
68 57288
69 6424
70 3248
71 3512
72 3162
73 2704
74 3484
75 3224
76 3262
77 4438
78 3632
79 636
80 3340
81 4952
82 3834
83 5230
84 3862
85 3454
86 3936
87 3494
88 4160
89 3118
90 3926
91 906
92 3324
93 4860
94 4420
95 4422
96 6220
97 3502
98 3298
99 3592
100 3570
101 3398
102 3400
103 1994
104 3484
105 6462
106 2400
107 2884
108 4982
109 3448
110 3580
111 2762
112 3510
113 2316
114 2724
115 36
116 2252
117 4798
118 2128
119 2210
120 6278
121 1028
122 6248
123 108348
124 10490
125 5612
126 6248
127 2166
128 4868
129 9162
130 4288
131 3410
132 4022
133 3450
134 4366
135 2826
136 4814
137 9678
138 2216
139 2430
140 4742
141 8842
142 4822
143 3576
144 3518
145 3110
146 3726
147 4324
148 3572
149 3100
150 2952
151 2140
152 3236
153 6314
154 3448
155 3794
156 1312
157 4178
158 7380
159 16220
160 3664
161 3688
162 4638
163 3974
164 4920
165 4512
166 3610
167 3166
168 2384
169 2742
170 2812
171 1966
172 3760
173 2650
174 3646
175 1358
176 2986
177 65670
178 6292
179 2866
180 2400
181 3858
182 2804
183 2630
184 2698
185 4000
186 2754
187 1336
188 4994
189 3872
190 4620
191 2984
192 2526
193 2756
194 3688
195 3842
196 2552
197 3396
198 2588
199 1558
200 2518
201 4326
202 3896
203 2252
204 1162
205 3260
206 1454
207 3308
208 1858
209 2526
210 3660
211 1432
212 2412
213 4784
214 3158
215 79380
216 1968
217 1596
218 2784
219 1960
220 2268
221 1740
222 2094
223 514
224 1892
225 4488
226 1874
227 1618
228 3822
229 2660
230 3386
231 2840
232 2598
233 5042
234 3078
235 318
236 3264
237 3628
238 2948
239 3946
240 3578
241 3504
242 3230
243 3692
244 2898
245 2814
246 3846
247 714
248 3418
249 5598
250 4206
251 3514
252 3852
253 4028
254 4844
255 4108
256 3656
257 3182
258 2740
259 452
260 2750
261 5600
262 4804
263 3498
264 2680
265 3382
266 4416
267 4438
268 3188
269 4460
270 6582
271 710
272 3318
273 6304
274 3638
275 3448
276 4468
277 3486
278 3284
279 3326
280 3596
281 2326
282 4356
283 512
284 2730
285 4404
286 3636
287 3998
288 2286
289 3350
290 2582
291 3744
292 3120
293 2980
294 3324
295 262
296 3094
297 4680
298 3062
299 2920
300 3452
301 3456
302 3870
303 3106
304 3576
305 5442
306 4644
307 496
308 3734
309 4698
310 2494
311 2286
312 3050
313 2064
314 2206
315 1864
316 2366
317 3044
318 2346
319 1094
320 2964
321 5144
322 2784
323 4842
324 2716
325 3542
326 992
327 6470
328 74506
329 11564
330 3802
331 1594
332 2970
333 5674
334 4832
335 4454
336 2392
337 3774
338 2794
339 2514
340 3346
341 3392
342 3600
343 2704
344 4050
345 5514
346 3144
347 5444
348 2320
349 3616
350 3292
351 800
352 2378
353 5344
354 2258
355 1388
356 2510
357 3374
358 2354
359 2794
360 2732
361 1138
362 2482
363 73958
364 4612
365 3782
366 2786
367 982
368 4624
369 4038
370 4514
371 3724
372 4430
373 4690
374 3858
375 4030
376 3388
377 2938
378 4774
379 1604
380 2998
381 7656
382 6022
383 3074
384 2628
385 3408
386 2232
387 3910
388 2114
389 3602
390 3284
391 948
392 2978
393 4570
394 3672
395 2882
396 3068
397 2308
398 2994
399 7832
400 2882
401 3218
402 2900
403 578
404 2642
405 4300
406 2552
407 450
408 2330
409 8624
410 3184
411 3582
412 4222
413 3348
414 4192
415 582
416 3196
417 5638
418 1422
419 5378
420 66560
421 8754
422 5468
423 4912
424 4558
425 1308
426 3536
427 4616
428 5184
429 4566
430 4846
431 6932
432 2810
433 4552
434 5156
435 4740
436 5054
437 4620
438 5324
439 1674
440 3004
441 6562
442 3866
443 2624
444 3496
445 1642
446 3912
447 3880
448 3898
449 5736
450 696
451 3704
452 6160
453 5370
454 7184
455 2512
456 6050
457 7684
458 4542
459 4302
460 3956
461 4428
462 5650
463 1136
464 5040
465 5414
466 4420
467 2906
468 5642
469 3464
470 1058
471 4342
472 4532
473 11872
474 65684
475 1104
476 3852
477 4386
478 2376
479 3000
480 2200
481 2416
482 4156
483 2936
484 3430
485 2694
486 2096
487 1202
488 2198
489 3448
490 3270
491 3492
492 4634
493 2912
494 1946
495 3690
496 2256
497 2030
498 2302
499 1018
500 2248
501 3754
502 2182
503 2638
504 2730
505 2092
506 1826
507 3300
508 3418
509 2124
510 5020
511 2116
512 2940
513 4728
514 1686
515 2244
516 2526
517 2434
518 2256
519 2042
520 2066
521 1072
522 1852
523 1128
524 2824
525 2212
526 2944
527 2030
528 4800
529 3112
530 1812
531 2968
532 2196
533 2292
534 1808
535 1174
536 2678
537 3018
538 2488
539 2472
540 1824
541 2008
542 1784
543 1914
544 2686
545 2632
546 5396
547 1864
548 2702
549 4610
550 2606
551 2056
552 2788
553 2628
554 2696
555 1438
556 1922
557 1798
558 3294
559 786
560 3290
561 3328
562 3684
563 2522
564 4038
565 2368
566 3364
567 2056
568 2270
569 2554
570 1380
571 702
572 3616
573 2588
574 2514
575 1570
576 2096
577 2892
578 2110
579 1204
580 2722
581 49524
582 5390
583 1490
584 2194
585 2746
586 1376
587 1212
588 732
589 1346
590 1220
591 2192
592 1504
593 1244
594 3150
595 614
596 898
597 2508
598 2674
599 2392
600 1364
601 1652
602 2048
603 2016
604 1380
605 1174
606 1930
607 560
608 1358
609 2988
610 2516
611 1094
612 1446
613 1156
614 1182
615 2502
616 1338
617 2840
618 1426
619 1454
620 3518
621 3582
622 2292
623 2136
624 2746
625 1924
626 2146
627 988
628 1260
629 3708
630 2118
631 568
632 1452
633 3084
634 2028
635 2614
636 2118
637 1750
638 2810
639 2032
640 1166
641 2326
642 698
643 1078
644 2906
645 2820
646 1702
647 868
648 1886
649 702
650 1828
651 1286
652 836
653 5322
654 49924
655 664
656 6684
657 3514
658 1882
659 5170
660 1828
661 2484
662 1980
663 2106
664 1986
665 2326
666 2428
667 944
668 2228
669 3464
670 3166
671 3458
672 4948
673 4028
674 2334
675 2428
676 2154
677 2486
678 2220
679 912
680 1682
681 3794
682 2374
683 2028
684 2628
685 2560
686 2456
687 2110
688 2882
689 2204
690 2944
691 1776
692 3436
693 4816
694 2550
695 2062
696 2418
697 2528
698 1804
699 1092
700 1288
701 2850
702 1624
703 742
704 2100
705 4574
706 926
707 4158
708 78614
709 9304
710 3276
711 1922
712 1798
713 3432
714 2186
715 1100
716 2988
717 5076
718 3074
719 1548
720 3006
721 1502
722 3410
723 1376
724 3240
725 3044
726 4112
727 1536
728 3230
729 4182
730 5124
731 2410
732 2306
733 2592
734 3036
735 2332
736 1938
737 2714
738 2314
739 912
740 3066
741 4184
742 4630
743 682
744 3804
745 3806
746 2316
747 3218
748 2544
749 2430
750 2630
751 1282
752 2396
753 4964
754 2396
755 2530
756 2778
757 2006
758 2574
759 1856
760 2696
761 3066
762 6268
763 1520
764 2386
765 3766
766 2824
767 548
768 1692
769 77548
770 2126
771 2024
772 4062
773 1402
774 2372
775 1162
776 1742
777 4414
778 2496
779 2270
780 2910
781 2068
782 2154
783 2760
784 2058
785 2856
786 2996
787 5040
788 2332
789 3112
790 3224
791 2708
792 3144
793 3080
794 3524
795 2306
796 2648
797 1806
798 2604
799 1256
800 2478
801 3150
802 2008
803 2390
804 3294
805 3374
806 4006
807 2618
808 3880
809 2862
810 2768
811 1462
812 2562
813 3624
814 2408
815 2408
816 3700
817 2972
818 4492
819 4200
820 4902
821 4632
822 4346
823 2820
824 3664
825 4748
826 3338
827 1466
828 1770
