1 0
2 7220
3 5524
4 7444
5 4248
6 3610
7 3782
8 3758
9 6022
10 3440
11 3166
12 3772
13 4526
14 4480
15 3960
16 3262
17 3426
18 3762
19 76210
20 4750
21 2812
22 5064
23 5958
24 4688
25 6298
26 2254
27 4878
28 4274
29 4394
30 3290
31 4982
32 4364
33 3226
34 3092
35 2686
36 686
37 4076
38 4306
39 3630
40 2086
41 862
42 3288
43 2820
44 3122
45 1702
46 3034
47 2344
48 4654
49 4172
50 2034
51 1196
52 2792
53 1570
54 3060
55 3834
56 982
57 2634
58 2100
59 2352
60 2280
61 4796
62 3122
63 2628
64 3678
65 1606
66 1276
67 3202
68 1410
69 1560
70 1526
71 1140
72 1262
73 2938
74 2120
75 1894
76 5492
77 4766
78 3502
79 4628
80 1834
81 1630
82 2476
83 1672
84 1454
85 4542
86 1350
87 1070
88 85592
89 7198
90 11474
91 2306
92 14272
93 17096
94 14390
95 14876
96 1702
97 18102
98 23624
99 21206
100 13282
101 1712
102 16096
103 15492
104 9852
105 13316
106 5256
107 11788
108 8420
109 8260
110 9062
111 1534
112 7342
113 5334
114 4796
115 5324
116 1494
117 3432
118 3674
119 5700
120 8722
121 5960
122 7704
123 6752
124 5824
125 5992
126 1212
127 6220
128 7210
129 6368
130 6578
131 1830
132 7222
133 9184
134 6284
135 5852
136 2848
137 12904
138 10930
139 10810
140 8778
141 1220
142 7090
143 7848
144 7100
145 9900
146 1856
147 10218
148 5496
149 8164
150 5670
151 3272
152 5848
153 5400
154 5134
155 3666
156 1296
157 8168
158 2624
159 3184
160 2566
161 1350
162 3120
163 1858
164 4762
165 1772
166 2638
167 2136
168 2964
169 4960
170 3242
171 968
172 2712
173 2284
174 1872
175 2012
176 520
177 1414
178 1902
179 1590
180 1784
181 3444
182 2468
183 2922
184 2612
185 3130
186 1092
187 2858
188 2682
189 2554
190 2182
191 830
192 2236
193 5256
194 2304
195 2212
196 2688
197 2444
198 2964
199 4642
200 3894
201 868
202 2504
203 2642
204 2484
205 5210
206 1366
207 2520
208 3090
209 1960
210 1642
211 3218
212 1592
213 54130
214 2968
215 1876
216 1048
217 3634
218 3250
219 2240
220 1990
221 2156
222 1896
223 2294
224 3284
225 3526
226 3586
227 4448
228 5874
229 5604
230 4378
231 1260
232 4210
233 3244
234 2730
235 3318
236 1172
237 4692
238 4672
239 5534
240 4028
241 4640
242 3736
243 3342
244 3816
245 2892
246 1378
247 3524
248 2778
249 3950
250 2872
251 1336
252 2680
253 5144
254 3004
255 2206
256 3406
257 1510
258 3022
259 6074
260 2152
261 916
262 1548
263 742
264 53204
265 2768
266 1456
267 1298
268 666
269 638
270 1030
271 2142
272 1096
273 2158
274 2020
275 1962
276 864
277 3396
278 2332
279 1728
280 2250
281 1310
282 2220
283 1234
284 1624
285 1646
286 2786
287 1834
288 1920
289 3488
290 2360
291 900
292 1982
293 4888
294 3672
295 3252
296 1340
297 2764
298 3398
299 3402
300 3752
301 4680
302 3622
303 2188
304 2778
305 1776
306 966
307 2230
308 1572
309 1794
310 2246
311 1200
312 2528
313 4836
314 3752
315 2142
316 2478
317 2652
318 2298
319 5222
320 2044
321 952
322 4940
323 2386
324 2448
325 6242
326 1790
327 2668
328 2172
329 2338
330 2192
331 3646
332 2030
333 2328
334 1974
335 3504
336 1214
337 5248
338 3082
339 2752
340 2690
341 1002
342 4158
343 3880
344 3542
345 2938
346 2516
347 2536
348 2650
349 3914
350 3184
351 3586
352 1912
353 2294
354 2276
355 2554
356 1076
357 1690
358 1782
359 1684
360 1920
361 5270
362 2562
363 3106
364 2870
365 3190
366 1152
367 3138
368 4646
369 4916
370 3982
371 1732
372 4046
373 5296
374 4790
375 3828
376 3000
377 3480
378 4046
379 4952
380 4860
381 1072
382 4646
383 3080
384 3404
385 5654
386 2338
387 2186
388 2542
389 3472
390 3556
391 3074
392 3200
393 3526
394 2558
395 2744
396 1138
397 5188
398 3674
399 4892
400 5188
401 1932
402 5042
403 4100
404 4388
405 3596
406 3038
407 4544
408 3582
409 6654
410 2880
411 686
412 2614
413 2258
414 3352
415 3326
416 1128
417 3410
418 2538
419 2902
420 1736
421 4018
422 2540
423 2784
424 3496
425 4750
426 1276
427 5928
428 8166
429 6256
430 4008
431 1068
432 6152
433 4528
434 4648
435 3052
436 3388
437 2774
438 4842
439 4310
440 2682
441 1074
442 3270
443 2888
444 3026
445 4908
446 1366
447 3568
448 3220
449 3040
450 2890
451 3246
452 2210
453 2574
454 2832
455 2374
456 1166
457 4214
458 2082
459 1448
460 1426
461 1002
462 68496
463 2592
464 2136
465 3344
466 2216
467 3526
468 1864
469 3336
470 2466
471 734
472 3290
473 1956
474 1714
475 1138
476 528
477 1390
478 1080
479 1370
480 1706
481 1978
482 2058
483 2308
484 2510
485 2604
486 870
487 2996
488 2644
489 2550
490 2802
491 2248
492 3832
493 4516
494 6572
495 5780
496 1344
497 7616
498 5666
499 7088
500 4218
501 1548
502 4994
503 4996
504 3944
505 6064
506 1188
507 2438
508 1920
509 3048
510 2672
511 3664
512 2626
513 2092
514 1704
515 1200
516 644
517 4210
518 880
519 59268
520 2546
521 1146
522 1064
523 2368
524 3930
525 4524
526 3278
527 4562
528 4072
529 6248
530 3980
531 1712
532 3296
533 3448
534 3250
535 3242
536 1316
537 3982
538 3464
539 3436
540 2416
541 4688
542 2258
543 2868
544 2284
545 1872
546 1052
547 2008
548 3474
549 2402
550 2124
551 718
552 2506
553 4548
554 3112
555 3448
556 2966
557 3908
558 3394
559 5632
560 3114
561 1748
562 3544
563 3868
564 3062
565 5550
566 1878
567 4198
568 3664
569 4320
570 3530
571 3696
572 3746
573 3338
574 3566
575 3524
576 1288
577 4992
578 2728
579 2666
580 2896
581 1198
582 3786
583 4552
584 6140
585 6960
586 3410
587 8046
588 5046
589 8248
590 4606
591 1618
592 5650
593 4706
594 3312
595 2810
596 872
597 3300
598 3816
599 2972
600 4012
601 5400
602 4340
603 3500
604 2788
605 2208
606 2956
607 2556
608 2172
609 2934
610 1922
611 1256
612 1772
613 4410
614 2486
615 2396
616 2630
617 2058
618 2876
619 4832
620 2354
621 1322
622 3652
623 2146
624 2882
625 3420
626 1990
627 3132
628 2864
629 2678
630 3066
631 3632
632 5024
633 3504
634 3770
635 4964
636 812
637 6314
638 5822
639 4060
640 5808
641 2508
642 7372
643 7386
644 9878
645 7518
646 2800
647 5326
648 4902
649 8794
650 6454
651 1368
652 4606
653 4116
654 3934
655 3372
656 1362
657 3830
658 2880
659 2880
660 3516
661 5942
662 4288
663 2708
664 58804
665 3710
666 2440
667 3540
668 3462
669 4836
670 5970
671 1302
672 5766
673 6946
674 5206
675 4654
676 3676
677 3928
678 4916
679 3302
680 3222
681 1152
682 3232
683 3354
684 3970
685 5740
686 1372
687 5118
688 5260
689 4596
690 4226
691 3304
692 4422
693 5320
694 3778
695 3224
696 1146
697 6780
698 2932
699 3482
700 3214
701 674
702 2672
703 2386
704 2652
705 2478
706 4010
707 2484
708 3396
709 5262
710 2474
711 1062
712 2944
713 2094
714 2714
715 3048
716 1348
717 3664
718 4652
719 4228
720 4944
721 4484
722 8398
723 6448
724 8876
725 7580
726 1650
727 6022
728 5300
729 5278
730 4922
731 1660
732 4944
733 6802
734 4376
735 3634
736 4338
737 3980
738 3836
739 3558
740 2348
741 1374
742 3216
743 4500
744 6410
745 8318
746 1332
747 7156
748 9976
749 6452
750 4494
751 6522
752 5414
753 8154
754 11348
755 5546
756 1422
757 6186
758 4354
759 3668
760 4030
761 1082
762 2740
763 4018
764 4530
765 6356
766 4198
767 6364
768 8028
769 9434
770 6464
771 1180
772 7736
773 7452
774 9332
775 11630
776 862
777 10278
778 7984
779 7742
780 10846
781 4876
782 6944
783 6820
784 11528
785 6140
786 2440
787 6454
788 5918
789 7188
790 11310
791 1214
792 9894
793 12610
794 6762
795 8358
796 3266
797 8490
798 9674
799 9808
800 16934
801 1458
802 11230
803 8876
804 8580
805 16774
806 1264
807 12798
808 8470
809 5222
810 5522
811 2802
812 4860
813 2840
814 6268
815 5950
816 1380
817 8032
818 3448
819 1134
820 4776
821 1046
822 1138
823 2792
824 1250
825 2070
826 4046
827 1834
828 3610
829 4736
830 1854
831 2462
832 2350
833 2432
834 1984
835 2370
836 1348
837 41304
838 3642
839 5252
840 5694
841 4426
842 9002
843 5356
844 4594
845 5384
846 746
847 4368
848 3356
849 3256
850 4818
851 846
852 4334
853 4436
854 5646
855 3496
856 3220
857 4752
858 2092
859 3724
860 2996
861 1710
862 3042
863 3942
864 4230
865 3542
866 3070
867 3456
868 4732
869 6768
870 6134
871 2578
872 6774
873 7166
874 5898
875 7322
876 1452
877 5844
878 4476
879 4464
880 3464
881 1172
882 2166
883 1952
884 2736
885 3312
886 3532
887 4278
888 2964
889 86000
890 1180
891 1058
892 482
893 1872
894 384
895 818
896 326
897 278
898 622
899 486
900 578
901 1902
902 1252
903 368
904 1050
905 1162
906 472
907 2384
908 2900
909 3592
910 2562
911 646
912 2028
913 5142
914 2514
915 4116
916 3218
917 4810
918 3072
919 5536
920 4906
921 552
922 6022
923 5552
924 3428
925 4676
926 966
927 4742
928 5804
929 3560
930 4404
931 2964
932 5296
933 3578
934 5266
935 3518
936 630
937 5700
938 3602
939 5306
940 4512
941 1120
942 3620
943 998
944 1736
945 1284
946 2630
947 3188
948 2152
949 5736
950 2638
951 1376
952 1548
953 1522
954 1664
955 1322
956 392
957 2142
958 1982
959 1498
960 1524
961 3174
962 17596
963 3764
964 7706
965 8462
966 616
967 13834
968 12358
969 10450
970 19322
971 456
972 10608
973 44466
974 31904
975 21922
976 3320
977 11136
978 804
979 2328
980 2120
981 438
982 1404
983 686
984 1184
985 1486
986 1490
987 2088
988 976
989 702
990 1352
991 1366
992 2010
993 572
994 816
995 606
996 562
997 1998
998 1352
999 638
1000 726
1001 354
1002 818
1003 762
1004 734
1005 3404
1006 938
1007 1130
1008 566
1009 1962
1010 536
1011 798
1012 688
1013 660
1014 996
1015 1002
1016 324
1017 848
1018 1118
1019 678
1020 1062
1021 2184
1022 1130
1023 736
1024 778
1025 1070
1026 948
1027 900
1028 586
1029 542
1030 440
1031 506
1032 832
1033 1342
1034 1736
1035 670
1036 582
1037 538
1038 782
1039 3836
1040 7914
1041 14358
1042 24146
1043 133424
1044 5684
1045 4782
1046 8740
1047 36682
1048 99856
1049 130966
1050 150464
1051 3136
1052 0
