(46, 46)
(137, 145)
(219, 224)
(277, 277)
(324, 324)
(401, 406)
(422, 422)
(447, 454)
(516, 521)
(624, 629)
(650, 660)
(685, 690)
(745, 747)
(790, 790)
(835, 836)
(974, 977)
(1019, 1019)
(1071, 1081)
(1112, 1112)
(1144, 1144)
(1149, 1152)
(1169, 1171)
(1244, 1246)
(1279, 1280)
(1286, 1292)
(1315, 1317)
(1349, 1354)
(1382, 1387)
(1416, 1421)
(1450, 1452)
(1486, 1490)
(1519, 1519)
(1535, 1537)
(1564, 1569)
(1642, 1645)
(1767, 1770)
(46, 46)
(132, 137)
(144, 149)
(215, 220)
(277, 277)
(324, 324)
(396, 400)
(406, 411)
(422, 422)
(445, 454)
(511, 517)
(525, 527)
(617, 620)
(629, 634)
(649, 654)
(661, 665)
(680, 684)
(691, 696)
(740, 744)
(749, 755)
(790, 790)
(835, 836)
(967, 971)
(979, 984)
(1019, 1019)
(1069, 1072)
(1079, 1084)
(1112, 1112)
(1144, 1152)
(1162, 1162)
(1279, 1280)
(1299, 1299)
(1315, 1324)
(1344, 1349)
(1355, 1360)
(1376, 1381)
(1386, 1392)
(1411, 1417)
(1422, 1427)
(1442, 1447)
(1456, 1459)
(1480, 1482)
(1491, 1496)
(1519, 1519)
(1540, 1545)
(1564, 1564)
(1570, 1580)
(1642, 1651)
(1762, 1766)
(135, 149)
(215, 222)
(277, 277)
(324, 324)
(399, 410)
(422, 422)
(445, 454)
(512, 526)
(620, 634)
(649, 661)
(684, 692)
(742, 742)
(747, 749)
(790, 790)
(835, 836)
(967, 980)
(1019, 1019)
(1069, 1084)
(1112, 1112)
(1144, 1152)
(1165, 1169)
(1177, 1177)
(1279, 1280)
(1292, 1295)
(1315, 1319)
(1349, 1357)
(1379, 1392)
(1411, 1421)
(1442, 1442)
(1449, 1457)
(1481, 1496)
(1519, 1519)
(1535, 1539)
(1564, 1569)
(1642, 1650)
(1762, 1770)
36 49 36
