(11, 11) 	(11, 11) 	(11, 11)
(426, 426) 	(426, 426) 	(426, 426)
(503, 503) 	(575, 575) 	(503, 503)
(575, 575) 	(754, 754) 	(575, 575)
(754, 754) 	(821, 821) 	(754, 754)
(821, 821) 	(941, 941) 	(1572, 1572)
(941, 941) 	(1032, 1032) 	(1644, 1644)
(1032, 1032) 	(1211, 1211) 	(1710, 1715)
(1211, 1211) 	(1572, 1572) 	(1751, 1755)
(1291, 1291) 	(1644, 1644) 	(1841, 1841)
(1361, 1361) 	(1710, 1712) 	       
(1572, 1572) 	(1751, 1752) 	       
(1644, 1644) 	(1841, 1841) 	       
(1710, 1710) 	        	       
(1841, 1841) 	        	       
