(77, 83) 	(76, 83) 	(9, 9)
(108, 108) 	(108, 108) 	(76, 83)
(161, 162) 	(161, 162) 	(108, 108)
(169, 169) 	(169, 169) 	(161, 162)
(179, 179) 	(179, 179) 	(169, 171)
(198, 203) 	(188, 188) 	(179, 179)
(228, 231) 	(194, 203) 	(188, 203)
(249, 249) 	(227, 231) 	(227, 231)
(274, 274) 	(249, 249) 	(249, 249)
(287, 287) 	(274, 274) 	(274, 274)
(302, 302) 	(287, 287) 	(287, 287)
(317, 317) 	(293, 293) 	(293, 293)
(332, 332) 	(302, 302) 	(302, 302)
(362, 367) 	(317, 317) 	(317, 317)
(412, 418) 	(332, 332) 	(332, 332)
(438, 438) 	(362, 369) 	(362, 369)
(461, 461) 	(409, 419) 	(409, 419)
(491, 491) 	(461, 461) 	(438, 438)
(512, 512) 	(491, 491) 	(461, 461)
(531, 531) 	(512, 512) 	(491, 491)
(543, 543) 	(531, 531) 	(512, 512)
(557, 557) 	(543, 543) 	(531, 531)
(568, 568) 	(557, 557) 	(543, 543)
(606, 612) 	(568, 568) 	(557, 557)
(653, 658) 	(606, 612) 	(568, 568)
(677, 677) 	(653, 658) 	(606, 612)
(694, 694) 	(677, 677) 	(653, 658)
(762, 768) 	(694, 694) 	(677, 677)
(791, 791) 	(762, 768) 	(694, 694)
(813, 813) 	(812, 819) 	(762, 768)
(818, 819) 	(908, 908) 	(791, 791)
(908, 908) 	        	(812, 819)
        	        	(908, 908)
