videos.hw01/04_frame/1.jpg 0 0 0 0 0 0 0 0 0 0 0 0 0 0 0 0
videos.hw01/04_frame/2.jpg 250 106 50 1932 318 338 1662 2776 132 112 506 2296 136 104 40 158
videos.hw01/04_frame/3.jpg 198 112 86 502 478 340 1864 2274 706 106 472 2142 296 76 60 346
videos.hw01/04_frame/4.jpg 86 78 82 302 716 418 1102 4062 402 64 508 1406 348 84 38 376
videos.hw01/04_frame/5.jpg 280 148 106 100 400 668 214 2068 440 86 414 2152 674 524 94 502
videos.hw01/04_frame/6.jpg 282 136 224 216 608 268 260 896 768 284 530 622 566 78 92 148
videos.hw01/04_frame/7.jpg 216 154 166 72 738 282 340 1118 334 206 430 2288 358 54 64 418
videos.hw01/04_frame/8.jpg 234 136 322 102 550 486 164 1102 382 308 490 1808 308 236 114 280
videos.hw01/04_frame/9.jpg 536 296 206 168 1056 518 470 1368 1272 198 788 1106 854 312 168 266
videos.hw01/04_frame/10.jpg 358 168 68 192 604 496 192 1458 484 162 346 896 206 106 340 482
videos.hw01/04_frame/11.jpg 414 286 160 242 530 366 222 798 820 190 454 482 612 138 118 468
videos.hw01/04_frame/12.jpg 398 130 162 92 422 628 158 1436 238 338 460 1784 210 160 232 388
videos.hw01/04_frame/13.jpg 212 210 124 226 598 378 148 1398 954 312 402 2064 418 98 184 300
videos.hw01/04_frame/14.jpg 38 24 14 34 526 478 208 1324 662 126 414 1344 960 40 68 382
videos.hw01/04_frame/15.jpg 184 16 24 350 298 544 136 1314 180 288 424 2374 74 58 126 568
videos.hw01/04_frame/16.jpg 116 88 44 408 398 324 298 842 334 88 630 1230 358 8 88 450
videos.hw01/04_frame/17.jpg 8 2 14 72 338 400 280 1310 176 116 648 2114 0 0 8 586
videos.hw01/04_frame/18.jpg 0 12 2 8 488 1016 280 1284 182 470 852 2006 144 0 0 918
videos.hw01/04_frame/19.jpg 8906 2316 6502 4796 8898 3768 5712 5364 8454 5534 6924 6014 9320 7306 7930 7178
videos.hw01/04_frame/20.jpg 288 66 544 140 350 414 362 504 1116 1050 1378 1166 642 688 542 834
videos.hw01/04_frame/21.jpg 280 170 156 86 358 14 60 392 408 432 506 432 402 540 218 642
videos.hw01/04_frame/22.jpg 2 154 314 82 338 296 384 616 768 858 1452 1260 570 1180 944 1604
videos.hw01/04_frame/23.jpg 342 100 376 598 782 310 528 638 1058 840 952 1322 722 984 1102 1264
videos.hw01/04_frame/24.jpg 0 258 262 268 342 194 706 588 900 740 942 1546 414 642 954 1306
videos.hw01/04_frame/25.jpg 214 194 452 590 688 548 854 650 1002 990 1732 916 334 848 686 1918
videos.hw01/04_frame/26.jpg 8 24 246 316 16 186 398 156 456 222 284 196 238 596 450 372
videos.hw01/04_frame/27.jpg 430 220 566 304 164 590 728 630 1016 818 1166 1084 376 784 566 1004
videos.hw01/04_frame/28.jpg 340 176 618 338 174 346 484 378 710 526 1194 646 192 502 700 864
videos.hw01/04_frame/29.jpg 0 326 1304 826 12 126 358 414 604 398 1048 556 362 738 406 768
videos.hw01/04_frame/30.jpg 0 384 562 408 12 234 452 272 486 434 1224 690 104 418 594 780
videos.hw01/04_frame/31.jpg 714 538 334 634 902 132 262 340 564 430 612 804 568 618 660 1042
videos.hw01/04_frame/32.jpg 192 228 1322 698 324 184 332 406 626 728 750 878 108 542 428 1096
videos.hw01/04_frame/33.jpg 238 234 500 428 0 114 208 354 224 390 814 658 44 286 622 976
videos.hw01/04_frame/34.jpg 154 248 792 244 640 206 486 298 234 384 702 998 36 450 506 774
videos.hw01/04_frame/35.jpg 172 158 820 166 74 140 218 270 294 462 666 640 40 324 510 684
videos.hw01/04_frame/36.jpg 12 14 148 30 4 24 34 134 52 104 150 50 16 32 66 170
videos.hw01/04_frame/37.jpg 534 290 670 336 596 398 642 498 940 546 1084 720 442 498 628 1320
videos.hw01/04_frame/38.jpg 6 246 1196 488 156 186 370 214 1006 502 1012 572 114 368 456 560
videos.hw01/04_frame/39.jpg 0 472 1218 454 2 226 502 412 660 520 950 498 64 520 248 528
videos.hw01/04_frame/40.jpg 0 196 284 368 180 196 414 274 586 530 644 680 40 72 464 302
videos.hw01/04_frame/41.jpg 0 80 374 50 0 6 38 142 50 26 196 300 44 4 234 308
videos.hw01/04_frame/42.jpg 96 304 638 346 0 136 400 352 634 652 808 592 98 188 692 794
videos.hw01/04_frame/43.jpg 0 274 316 266 2 150 202 384 556 508 940 568 58 156 242 178
videos.hw01/04_frame/44.jpg 0 180 606 532 2 100 266 458 486 490 704 446 70 270 434 326
videos.hw01/04_frame/45.jpg 144 250 388 300 2 180 210 238 280 398 620 480 110 122 68 390
videos.hw01/04_frame/46.jpg 4 118 448 572 554 120 254 278 652 262 492 1070 346 288 578 824
videos.hw01/04_frame/47.jpg 14 116 162 254 448 148 108 264 790 216 696 234 56 258 306 516
videos.hw01/04_frame/48.jpg 464 288 298 672 972 230 686 494 1492 482 1160 910 630 268 726 1000
videos.hw01/04_frame/49.jpg 412 228 484 684 462 116 564 450 932 666 942 880 482 536 652 744
videos.hw01/04_frame/50.jpg 0 30 330 106 332 32 188 318 374 428 466 342 236 504 356 354
videos.hw01/04_frame/51.jpg 0 4 162 316 178 8 208 178 34 78 54 90 42 184 120 172
videos.hw01/04_frame/52.jpg 0 194 652 416 256 60 44 360 458 394 496 398 166 642 362 430
videos.hw01/04_frame/53.jpg 14 28 118 106 0 0 64 202 360 142 162 156 158 424 312 570
videos.hw01/04_frame/54.jpg 0 176 324 502 16 2 208 344 828 192 270 280 300 622 488 760
videos.hw01/04_frame/55.jpg 38 40 190 408 408 338 340 352 504 550 836 496 168 584 522 778
videos.hw01/04_frame/56.jpg 0 116 16 188 192 72 42 72 140 74 192 170 0 192 158 300
videos.hw01/04_frame/57.jpg 40 122 100 16 336 98 348 402 540 500 586 480 238 294 796 812
videos.hw01/04_frame/58.jpg 0 30 194 4 0 120 384 274 472 464 532 602 230 428 434 156
videos.hw01/04_frame/59.jpg 0 4 344 66 92 122 240 396 702 448 868 652 276 392 762 640
videos.hw01/04_frame/60.jpg 0 60 346 150 16 238 356 506 420 378 338 616 200 358 348 320
videos.hw01/04_frame/61.jpg 146 272 476 502 746 362 526 734 1098 502 1128 1148 540 506 782 914
videos.hw01/04_frame/62.jpg 8 132 194 174 34 180 442 534 762 454 812 376 252 390 342 906
videos.hw01/04_frame/63.jpg 350 38 208 254 26 36 352 468 444 454 712 562 336 502 328 428
videos.hw01/04_frame/64.jpg 418 80 66 388 550 24 362 540 740 226 516 208 226 444 598 530
videos.hw01/04_frame/65.jpg 70 12 50 304 58 80 214 448 140 130 102 304 136 386 274 498
videos.hw01/04_frame/66.jpg 160 12 152 182 18 144 22 144 26 110 178 310 60 236 76 34
videos.hw01/04_frame/67.jpg 234 60 312 570 668 382 296 466 424 112 740 528 386 374 536 280
videos.hw01/04_frame/68.jpg 0 12 152 72 22 36 354 196 342 162 370 150 110 306 218 68
videos.hw01/04_frame/69.jpg 14 34 82 106 134 6 202 232 276 376 274 422 32 394 280 156
videos.hw01/04_frame/70.jpg 0 28 94 400 6 2 206 506 288 172 294 106 184 176 278 404
videos.hw01/04_frame/71.jpg 2 12 36 494 18 16 78 38 128 68 40 78 12 142 254 28
videos.hw01/04_frame/72.jpg 0 52 106 372 0 4 88 202 174 216 196 96 22 188 228 282
videos.hw01/04_frame/73.jpg 172 118 262 380 680 368 296 442 748 372 726 646 172 452 734 640
videos.hw01/04_frame/74.jpg 8 24 96 218 312 206 240 350 116 108 552 172 144 196 382 260
videos.hw01/04_frame/75.jpg 168 12 96 158 148 2 332 288 70 98 586 130 174 208 346 168
videos.hw01/04_frame/76.jpg 228 174 662 658 876 84 604 358 1172 404 1250 502 74 498 686 480
videos.hw01/04_frame/77.jpg 446 132 556 610 1078 342 408 592 750 722 688 1006 460 606 484 922
videos.hw01/04_frame/78.jpg 284 34 500 406 584 146 236 290 534 28 150 210 48 316 282 384
videos.hw01/04_frame/79.jpg 676 110 170 730 960 406 384 740 538 482 882 1098 460 494 586 1116
videos.hw01/04_frame/80.jpg 256 86 210 168 848 428 198 66 462 140 116 270 46 94 142 250
videos.hw01/04_frame/81.jpg 616 68 40 32 154 272 8 4 230 34 12 218 2 4 212 198
videos.hw01/04_frame/82.jpg 540 46 58 30 418 104 98 300 352 134 134 244 206 124 32 170
videos.hw01/04_frame/83.jpg 526 32 96 46 164 112 300 342 238 104 236 272 144 166 42 236
videos.hw01/04_frame/84.jpg 30 134 220 36 176 38 168 244 352 14 72 246 156 378 146 58
videos.hw01/04_frame/85.jpg 356 278 576 290 1200 236 610 478 760 624 682 788 608 836 674 748
videos.hw01/04_frame/86.jpg 232 26 90 72 326 74 266 84 38 280 382 192 168 44 124 108
videos.hw01/04_frame/87.jpg 80 114 2 42 92 26 94 260 148 112 402 162 60 104 208 56
videos.hw01/04_frame/88.jpg 9592 8776 7822 4472 9348 8414 7074 6000 7888 7346 7710 6108 6154 4048 6472 5562
videos.hw01/04_frame/89.jpg 0 428 302 684 2032 4780 1580 1412 1864 1788 1912 1828 374 374 278 446
videos.hw01/04_frame/90.jpg 94 352 780 1496 2098 3666 4290 2304 3704 1668 2692 3478 262 524 92 756
videos.hw01/04_frame/91.jpg 6 112 548 98 378 522 344 488 678 128 316 830 76 134 58 290
videos.hw01/04_frame/92.jpg 2 548 628 1436 1994 3990 3842 4182 2650 2130 4048 4230 802 642 40 1160
videos.hw01/04_frame/93.jpg 60 270 196 724 1990 3414 5400 6100 3966 3818 3738 6652 378 544 124 910
videos.hw01/04_frame/94.jpg 10 492 1388 2238 1990 4104 3110 6124 3030 4516 2760 3844 320 120 12 746
videos.hw01/04_frame/95.jpg 0 436 2034 2484 3460 4132 2246 3274 4674 3602 3244 2592 370 368 56 294
videos.hw01/04_frame/96.jpg 0 88 162 260 306 392 298 100 492 230 548 156 18 66 208 28
videos.hw01/04_frame/97.jpg 32 816 1418 2792 1948 7556 5520 1866 3796 3184 3914 2184 692 858 320 676
videos.hw01/04_frame/98.jpg 0 368 2968 2726 1860 6192 8606 8396 2176 6190 4438 6398 490 500 218 998
videos.hw01/04_frame/99.jpg 0 254 2292 4108 2482 3034 4300 7466 1598 2988 5036 7054 734 614 310 1510
videos.hw01/04_frame/100.jpg 114 560 1122 1958 1522 1046 2376 3592 1944 3258 4048 4230 504 1490 3424 3494
videos.hw01/04_frame/101.jpg 0 86 84 192 164 14 358 752 326 424 320 156 104 132 46 78
videos.hw01/04_frame/102.jpg 16 396 662 1804 1362 762 2106 2986 2528 2364 4964 5612 390 1012 3916 6208
videos.hw01/04_frame/103.jpg 0 226 1368 1238 1514 428 3018 2868 2686 1600 2620 4518 520 340 3510 7570
videos.hw01/04_frame/104.jpg 0 184 668 1622 746 546 2142 2780 1450 2934 1550 4926 202 526 1322 2054
videos.hw01/04_frame/105.jpg 2 30 1060 1562 1422 582 2074 2678 758 2012 2794 3662 104 612 1512 4272
videos.hw01/04_frame/106.jpg 38 436 916 992 712 284 1206 996 740 242 208 858 784 714 848 1132
videos.hw01/04_frame/107.jpg 40 340 1304 2634 1880 924 1632 2808 692 94 122 1654 330 454 1522 3540
videos.hw01/04_frame/108.jpg 110 500 2100 1658 1402 1082 2252 1840 860 74 124 852 382 370 88 2016
videos.hw01/04_frame/109.jpg 108 448 1622 2168 1884 960 2068 2142 876 352 74 1412 408 966 582 1500
videos.hw01/04_frame/110.jpg 92 640 1880 2182 1748 502 2172 2358 798 158 36 1212 336 618 266 918
videos.hw01/04_frame/111.jpg 16 96 264 624 184 134 406 512 94 2 0 202 28 222 12 40
videos.hw01/04_frame/112.jpg 386 548 2078 1706 1216 648 1862 1566 874 188 102 1546 428 518 168 708
videos.hw01/04_frame/113.jpg 156 600 1564 1606 948 444 1966 1138 296 40 104 1272 398 366 166 332
videos.hw01/04_frame/114.jpg 204 430 1778 1172 574 294 1110 1184 360 54 64 832 224 90 218 352
videos.hw01/04_frame/115.jpg 172 328 1456 2202 542 256 802 688 438 2 34 528 240 34 156 184
videos.hw01/04_frame/116.jpg 18 50 846 728 126 78 446 120 200 0 40 88 58 8 6 10
videos.hw01/04_frame/117.jpg 118 332 1096 1338 964 194 946 548 210 148 116 1100 252 86 88 444
videos.hw01/04_frame/118.jpg 294 416 1374 878 1050 368 1202 1240 356 18 36 730 358 344 168 228
videos.hw01/04_frame/119.jpg 122 476 1142 2114 824 508 1310 1082 1006 20 76 1000 572 484 334 472
videos.hw01/04_frame/120.jpg 102 754 2224 2150 930 1250 3190 2874 1004 164 258 1508 460 566 370 714
videos.hw01/04_frame/121.jpg 352 696 1390 1616 784 122 804 712 1138 310 204 826 482 658 310 1012
videos.hw01/04_frame/122.jpg 164 426 1732 2338 1358 1258 2954 2530 704 122 186 1040 438 562 550 656
videos.hw01/04_frame/123.jpg 240 1176 1570 1810 1460 1496 2162 1196 670 222 264 924 524 786 496 712
videos.hw01/04_frame/124.jpg 280 1056 1654 1514 1470 864 1460 958 804 380 98 1200 694 886 888 722
videos.hw01/04_frame/125.jpg 0 546 1262 1362 1662 442 1380 1022 1118 502 152 1294 660 1242 864 836
videos.hw01/04_frame/126.jpg 0 4 168 296 202 102 248 304 78 30 8 328 62 54 88 178
videos.hw01/04_frame/127.jpg 0 622 1186 1924 1304 608 1662 1170 970 254 238 1770 526 708 528 1002
videos.hw01/04_frame/128.jpg 0 774 1576 2132 1470 720 1802 1542 956 332 298 1586 756 936 876 1298
videos.hw01/04_frame/129.jpg 0 790 1342 2320 1386 860 1216 1128 1420 268 356 1168 830 804 736 1210
videos.hw01/04_frame/130.jpg 0 842 1248 2062 1122 978 1600 1868 944 198 366 1388 944 1126 1432 1262
videos.hw01/04_frame/131.jpg 0 210 288 398 36 60 270 114 274 32 34 80 272 254 62 196
videos.hw01/04_frame/132.jpg 0 902 1708 1658 1230 1208 1852 1944 1076 316 696 1398 784 1156 1114 898
videos.hw01/04_frame/133.jpg 110 1016 1220 2002 1316 1396 1578 1990 1066 490 796 1638 918 1102 948 1636
videos.hw01/04_frame/134.jpg 0 840 1534 1444 1252 1384 1870 2058 1322 556 888 1270 1102 1194 824 1204
videos.hw01/04_frame/135.jpg 964 880 1194 1478 686 1940 2276 1640 1014 684 1126 1512 786 1108 986 1400
videos.hw01/04_frame/136.jpg 130 788 144 180 200 78 488 618 372 72 126 370 94 84 146 150
videos.hw01/04_frame/137.jpg 2382 3140 3140 3118 1134 1636 1988 2114 1036 968 1312 1514 764 966 1042 982
videos.hw01/04_frame/138.jpg 2780 2590 2848 2824 882 1566 1646 2058 1824 778 1132 1526 908 920 952 1226
videos.hw01/04_frame/139.jpg 2902 2210 2848 3282 730 1054 2366 3162 1598 890 1582 1400 1096 932 1374 1094
videos.hw01/04_frame/140.jpg 2442 1894 2372 2018 772 1466 1868 2192 1256 820 1586 1410 1038 914 952 1286
videos.hw01/04_frame/141.jpg 198 158 212 92 6 228 194 128 260 14 180 230 122 36 120 32
videos.hw01/04_frame/142.jpg 1872 1894 1538 1598 412 1038 1720 2510 842 676 1404 1502 816 778 738 1194
videos.hw01/04_frame/143.jpg 2878 1876 2020 2304 1384 1350 1964 1912 916 892 1522 1204 1176 858 816 926
videos.hw01/04_frame/144.jpg 1580 2368 2522 2402 1214 1532 2030 1928 1082 618 1484 1138 832 844 770 846
videos.hw01/04_frame/145.jpg 1372 1434 2206 1786 840 1350 1974 1872 1136 712 1556 1540 1086 714 644 1776
videos.hw01/04_frame/146.jpg 170 180 184 170 166 210 526 324 172 138 60 476 164 182 134 58
videos.hw01/04_frame/147.jpg 1214 1702 1790 1496 1022 1282 1720 2126 666 522 1160 2098 770 924 816 622
videos.hw01/04_frame/148.jpg 1412 1578 1674 1500 686 1220 1104 1806 590 846 1070 1458 616 628 1000 1164
videos.hw01/04_frame/149.jpg 912 1354 1720 1442 592 1164 1458 1808 586 698 1362 2866 646 630 614 1208
videos.hw01/04_frame/150.jpg 1046 830 1564 1232 746 810 1050 1190 156 596 1534 1224 800 596 836 916
videos.hw01/04_frame/151.jpg 432 324 414 268 270 390 284 544 342 124 574 1224 450 254 448 274
videos.hw01/04_frame/152.jpg 880 812 1356 1324 622 1166 1044 1160 504 488 1394 1514 1012 884 694 1150
videos.hw01/04_frame/153.jpg 686 942 1424 960 492 1226 996 896 514 412 1350 1364 748 374 708 718
videos.hw01/04_frame/154.jpg 390 732 1376 962 564 1008 1000 772 330 336 1048 1348 652 632 620 666
videos.hw01/04_frame/155.jpg 356 524 1280 916 586 706 824 764 176 418 842 1068 472 388 440 822
videos.hw01/04_frame/156.jpg 166 60 140 144 118 142 60 70 0 54 200 590 140 60 20 188
videos.hw01/04_frame/157.jpg 1166 470 1260 940 528 1006 758 738 662 510 1644 1884 718 426 648 1438
videos.hw01/04_frame/158.jpg 168 226 512 344 470 398 358 148 372 260 502 580 152 104 100 328
videos.hw01/04_frame/159.jpg 376 390 602 152 672 702 542 94 404 344 1160 640 134 126 94 324
videos.hw01/04_frame/160.jpg 194 394 558 200 502 620 362 472 408 304 886 392 90 170 120 228
videos.hw01/04_frame/161.jpg 10 280 152 194 48 182 212 200 42 46 118 104 32 0 138 180
videos.hw01/04_frame/162.jpg 244 194 736 390 596 654 464 390 264 222 892 448 264 246 168 106
videos.hw01/04_frame/163.jpg 262 222 308 132 178 316 548 212 6 22 698 512 54 32 60 104
videos.hw01/04_frame/164.jpg 1010 760 938 548 714 788 550 580 384 308 1330 1116 646 484 742 788
videos.hw01/04_frame/165.jpg 214 306 252 86 588 494 264 290 186 10 208 220 108 44 4 364
videos.hw01/04_frame/166.jpg 262 226 682 216 246 472 348 182 502 178 560 584 462 82 344 514
videos.hw01/04_frame/167.jpg 190 428 688 436 588 364 304 170 406 106 460 266 196 44 174 584
videos.hw01/04_frame/168.jpg 300 696 690 416 690 710 630 420 302 194 570 394 74 18 30 306
videos.hw01/04_frame/169.jpg 506 1024 1208 504 730 822 1026 658 432 414 1004 768 672 236 574 804
videos.hw01/04_frame/170.jpg 466 410 1010 488 702 418 548 396 130 110 584 826 156 100 126 116
videos.hw01/04_frame/171.jpg 74 222 294 50 178 92 288 8 18 36 78 208 146 24 46 56
videos.hw01/04_frame/172.jpg 346 134 986 574 436 278 542 288 254 140 442 758 142 16 62 164
videos.hw01/04_frame/173.jpg 122 178 972 454 124 376 160 406 4 248 396 230 8 14 50 118
videos.hw01/04_frame/174.jpg 228 406 546 342 264 242 418 424 78 338 362 624 32 50 94 330
videos.hw01/04_frame/175.jpg 294 240 680 528 200 334 438 376 108 198 224 672 194 14 96 104
videos.hw01/04_frame/176.jpg 6 112 140 108 12 168 272 28 2 154 34 156 10 18 16 18
videos.hw01/04_frame/177.jpg 70 80 436 448 240 292 176 134 66 110 406 184 72 64 88 82
videos.hw01/04_frame/178.jpg 48 32 548 178 368 326 244 152 140 130 508 422 20 20 218 242
videos.hw01/04_frame/179.jpg 0 180 612 330 276 138 356 164 26 154 708 506 42 32 100 418
videos.hw01/04_frame/180.jpg 26 126 348 56 72 84 134 106 100 186 742 682 16 16 152 246
videos.hw01/04_frame/181.jpg 518 618 926 740 728 534 1126 546 204 208 858 1196 284 218 250 394
videos.hw01/04_frame/182.jpg 214 72 238 242 872 358 230 252 234 302 1054 800 136 224 344 242
videos.hw01/04_frame/183.jpg 496 426 320 322 816 546 652 224 428 248 1068 790 264 12 280 204
videos.hw01/04_frame/184.jpg 374 382 358 302 646 464 600 118 380 424 1176 912 192 128 134 282
videos.hw01/04_frame/185.jpg 448 382 536 64 642 560 576 56 626 456 1116 542 338 2 260 230
videos.hw01/04_frame/186.jpg 20 248 152 40 60 116 164 98 46 156 450 128 162 2 16 120
videos.hw01/04_frame/187.jpg 470 478 640 166 466 414 436 560 432 418 760 692 48 22 258 334
videos.hw01/04_frame/188.jpg 384 292 286 64 638 374 374 336 448 374 910 656 38 2 138 112
videos.hw01/04_frame/189.jpg 490 430 594 66 732 528 374 194 488 374 942 752 44 2 420 168
videos.hw01/04_frame/190.jpg 208 526 282 304 574 538 280 66 274 190 672 300 38 2 132 86
videos.hw01/04_frame/191.jpg 46 60 272 118 118 200 188 42 66 42 196 50 38 2 8 24
videos.hw01/04_frame/192.jpg 500 482 504 422 680 758 382 300 82 220 514 450 224 18 114 120
videos.hw01/04_frame/193.jpg 988 404 806 812 638 926 770 770 646 316 1256 1346 686 642 552 596
videos.hw01/04_frame/194.jpg 168 650 572 504 388 580 700 500 162 272 368 220 246 142 76 82
videos.hw01/04_frame/195.jpg 264 520 732 454 730 588 392 308 74 280 118 336 206 42 18 58
videos.hw01/04_frame/196.jpg 284 558 506 352 114 316 428 274 400 162 890 636 188 38 78 0
videos.hw01/04_frame/197.jpg 254 508 934 288 808 658 736 168 142 228 354 2 22 40 86 20
videos.hw01/04_frame/198.jpg 516 764 778 508 1016 530 464 686 294 154 700 322 20 40 4 192
videos.hw01/04_frame/199.jpg 750 810 702 744 876 906 876 1064 524 534 1344 822 390 110 226 294
videos.hw01/04_frame/200.jpg 960 1142 916 416 792 1066 608 452 98 94 690 30 148 34 56 114
videos.hw01/04_frame/201.jpg 56 184 184 78 110 62 66 24 2 90 336 136 46 10 6 46
videos.hw01/04_frame/202.jpg 568 636 820 512 470 762 604 324 42 182 466 168 56 12 22 38
videos.hw01/04_frame/203.jpg 436 730 1088 548 452 756 650 254 22 134 124 180 22 28 4 0
videos.hw01/04_frame/204.jpg 524 904 790 666 526 662 372 114 110 82 514 68 54 104 14 0
videos.hw01/04_frame/205.jpg 912 822 806 548 562 716 552 772 250 578 1638 856 210 156 352 346
videos.hw01/04_frame/206.jpg 174 254 62 284 28 82 212 156 38 72 486 234 160 122 82 174
videos.hw01/04_frame/207.jpg 356 524 764 680 522 312 432 408 72 268 454 156 302 54 174 314
videos.hw01/04_frame/208.jpg 488 446 774 640 480 464 542 756 198 218 860 580 214 98 162 358
videos.hw01/04_frame/209.jpg 300 384 530 370 332 416 356 336 98 188 438 48 126 34 72 96
videos.hw01/04_frame/210.jpg 248 146 648 198 234 400 390 348 44 92 396 50 58 56 144 34
videos.hw01/04_frame/211.jpg 362 412 556 388 460 462 422 318 160 260 1288 984 426 190 366 688
videos.hw01/04_frame/212.jpg 176 180 646 106 252 328 466 70 26 48 330 168 188 100 14 10
videos.hw01/04_frame/213.jpg 8708 5746 7510 7568 6924 6300 5026 5946 6464 7318 4994 4856 7798 9092 8976 8936
videos.hw01/04_frame/214.jpg 204 132 134 208 548 242 176 214 426 274 300 168 920 570 410 456
videos.hw01/04_frame/215.jpg 152 186 312 342 312 466 434 474 296 142 88 26 158 16 242 206
videos.hw01/04_frame/216.jpg 0 8 14 218 10 30 272 312 108 20 274 2 164 22 170 6
videos.hw01/04_frame/217.jpg 502 354 426 820 668 546 984 942 626 520 930 732 286 366 406 310
videos.hw01/04_frame/218.jpg 256 228 434 624 134 802 782 772 408 370 216 96 276 58 0 180
videos.hw01/04_frame/219.jpg 144 332 366 550 234 576 956 466 302 156 186 106 6 32 174 34
videos.hw01/04_frame/220.jpg 114 234 308 404 328 482 1010 432 162 74 168 178 10 122 92 14
videos.hw01/04_frame/221.jpg 14 24 56 56 150 62 134 280 340 98 48 12 1016 0 0 314
videos.hw01/04_frame/222.jpg 92 350 304 452 182 426 918 324 104 74 212 76 324 360 218 114
videos.hw01/04_frame/223.jpg 68 184 498 586 100 520 652 286 198 152 72 200 326 170 226 2
videos.hw01/04_frame/224.jpg 80 254 514 1138 272 638 918 410 172 208 326 140 132 234 202 68
videos.hw01/04_frame/225.jpg 152 342 846 1310 414 714 1024 526 200 122 268 28 264 0 0 166
videos.hw01/04_frame/226.jpg 100 60 58 480 420 134 578 214 276 332 564 208 900 724 662 264
videos.hw01/04_frame/227.jpg 174 346 672 2118 606 822 1298 690 622 82 124 36 188 96 212 414
videos.hw01/04_frame/228.jpg 276 336 864 2730 356 790 926 974 522 256 262 226 610 608 290 6
videos.hw01/04_frame/229.jpg 256 348 1184 1802 302 1090 1436 1202 610 508 322 228 1036 844 320 234
videos.hw01/04_frame/230.jpg 298 450 1274 1220 264 768 1238 1478 56 294 58 186 500 110 22 246
videos.hw01/04_frame/231.jpg 88 42 214 102 70 60 180 318 66 64 20 70 388 162 4 38
videos.hw01/04_frame/232.jpg 40 532 578 1306 224 348 1482 1568 50 214 188 210 350 0 10 256
videos.hw01/04_frame/233.jpg 18 180 498 1060 208 214 888 1438 10 46 208 62 190 54 160 0
videos.hw01/04_frame/234.jpg 14 244 1060 994 22 262 634 1106 192 38 10 70 188 0 0 2
videos.hw01/04_frame/235.jpg 16 224 900 976 418 244 860 1036 420 146 378 222 552 592 150 142
videos.hw01/04_frame/236.jpg 34 18 60 372 74 156 50 332 68 38 126 56 50 238 0 2
videos.hw01/04_frame/237.jpg 74 508 718 1326 396 520 1298 1374 312 368 370 230 512 412 256 272
videos.hw01/04_frame/238.jpg 278 806 998 1990 170 494 1034 1768 226 60 240 48 166 0 26 16
videos.hw01/04_frame/239.jpg 908 552 1168 2262 390 742 1206 1816 112 14 80 126 228 12 2 114
videos.hw01/04_frame/240.jpg 720 400 1488 892 302 560 1322 1426 352 206 206 130 606 108 22 6
videos.hw01/04_frame/241.jpg 402 386 710 1488 438 330 1070 906 714 566 512 300 892 672 848 122
videos.hw01/04_frame/242.jpg 614 556 884 1318 688 638 1422 996 448 1046 680 680 784 810 476 164
videos.hw01/04_frame/243.jpg 494 362 780 754 370 396 998 804 240 104 262 72 526 462 238 454
videos.hw01/04_frame/244.jpg 108 164 548 996 286 394 838 670 64 90 176 196 282 608 468 526
videos.hw01/04_frame/245.jpg 264 94 536 914 394 428 668 502 186 72 362 178 180 242 40 306
videos.hw01/04_frame/246.jpg 150 22 202 106 130 88 174 98 40 90 82 44 100 352 274 180
videos.hw01/04_frame/247.jpg 272 236 710 912 464 260 1120 902 188 196 224 354 300 688 380 150
videos.hw01/04_frame/248.jpg 282 376 1002 1354 182 334 1276 670 270 300 136 260 324 216 128 0
videos.hw01/04_frame/249.jpg 488 406 1012 1366 228 412 1130 996 562 262 136 304 204 80 536 264
videos.hw01/04_frame/250.jpg 306 398 708 802 508 470 1098 728 148 124 174 226 194 454 24 472
videos.hw01/04_frame/251.jpg 6 74 220 112 42 24 350 52 182 40 52 100 646 246 28 52
videos.hw01/04_frame/252.jpg 102 474 470 582 218 496 758 358 310 374 218 422 450 534 552 216
videos.hw01/04_frame/253.jpg 338 468 638 1210 562 632 1644 830 404 982 734 474 1280 818 330 468
videos.hw01/04_frame/254.jpg 98 304 400 1078 164 458 442 416 448 262 348 260 548 310 512 222
videos.hw01/04_frame/255.jpg 94 162 492 590 86 164 464 688 106 342 18 60 0 14 242 38
videos.hw01/04_frame/256.jpg 64 68 426 1162 140 200 392 622 386 460 382 304 1178 326 728 568
videos.hw01/04_frame/257.jpg 24 300 220 416 168 240 244 260 220 300 82 28 114 116 162 312
videos.hw01/04_frame/258.jpg 154 270 520 600 200 420 296 608 420 158 352 218 566 20 378 362
videos.hw01/04_frame/259.jpg 248 304 646 894 1078 616 1040 584 1388 422 1562 526 1990 1436 1058 1198
videos.hw01/04_frame/260.jpg 32 282 276 430 260 40 222 78 346 54 322 154 780 630 158 414
videos.hw01/04_frame/261.jpg 22 14 108 116 194 22 52 30 228 118 210 74 12 212 194 70
videos.hw01/04_frame/262.jpg 38 208 144 114 80 206 216 24 152 368 208 20 202 294 340 256
videos.hw01/04_frame/263.jpg 28 270 182 8 60 42 56 52 12 188 190 0 2 74 104 152
videos.hw01/04_frame/264.jpg 8744 6716 7144 7548 7106 6124 4844 5880 6090 7318 5148 5298 8194 9284 8038 8300
videos.hw01/04_frame/265.jpg 234 142 286 522 638 416 304 500 248 142 670 552 118 112 574 572
videos.hw01/04_frame/266.jpg 122 148 474 68 222 62 322 336 22 130 242 194 178 88 66 10
videos.hw01/04_frame/267.jpg 96 278 208 234 84 64 420 276 22 48 40 98 26 36 124 10
videos.hw01/04_frame/268.jpg 104 94 60 16 108 14 68 166 166 132 82 30 40 52 14 16
videos.hw01/04_frame/269.jpg 0 2 42 60 0 84 214 244 78 126 4 8 78 34 8 72
videos.hw01/04_frame/270.jpg 6 236 176 392 0 2 150 248 118 110 362 20 30 46 142 22
videos.hw01/04_frame/271.jpg 136 156 272 586 246 118 418 274 494 224 384 230 244 148 0 138
videos.hw01/04_frame/272.jpg 0 26 106 16 10 78 268 108 284 200 304 166 112 78 132 200
videos.hw01/04_frame/273.jpg 144 274 62 110 320 132 456 318 318 364 552 584 248 42 122 246
videos.hw01/04_frame/274.jpg 190 62 14 56 140 96 488 546 264 258 792 518 228 42 282 394
videos.hw01/04_frame/275.jpg 160 300 186 22 44 80 268 414 306 246 750 670 22 46 180 420
videos.hw01/04_frame/276.jpg 52 88 40 262 20 10 78 40 32 74 370 48 22 58 174 132
videos.hw01/04_frame/277.jpg 212 216 308 738 172 128 458 912 476 456 1106 850 92 160 496 486
videos.hw01/04_frame/278.jpg 94 100 204 462 200 92 382 696 596 278 630 206 152 48 146 168
videos.hw01/04_frame/279.jpg 164 60 150 224 48 110 282 600 436 324 714 376 52 36 316 202
videos.hw01/04_frame/280.jpg 196 234 190 238 534 74 330 568 302 396 772 52 210 40 110 98
videos.hw01/04_frame/281.jpg 4 48 10 232 168 42 52 190 244 28 94 342 208 36 70 178
videos.hw01/04_frame/282.jpg 252 174 68 500 220 200 194 382 368 250 468 568 202 42 162 200
videos.hw01/04_frame/283.jpg 116 214 148 214 84 130 314 174 264 308 232 62 194 36 96 28
videos.hw01/04_frame/284.jpg 66 198 232 178 216 120 324 372 152 176 564 204 56 54 262 60
videos.hw01/04_frame/285.jpg 72 132 84 122 262 234 228 240 220 234 580 332 46 36 62 208
videos.hw01/04_frame/286.jpg 212 378 110 446 212 156 498 748 418 252 726 1164 256 86 428 526
videos.hw01/04_frame/287.jpg 12 44 174 254 106 104 418 202 246 374 526 308 46 50 228 60
videos.hw01/04_frame/288.jpg 52 194 496 364 148 144 498 494 286 200 656 232 40 46 300 208
videos.hw01/04_frame/289.jpg 258 426 436 412 424 210 656 870 308 302 1124 1156 350 100 630 388
videos.hw01/04_frame/290.jpg 58 246 322 292 202 212 454 308 290 236 822 470 138 42 276 50
videos.hw01/04_frame/291.jpg 144 138 162 72 4 178 184 46 34 68 58 144 48 50 20 48
videos.hw01/04_frame/292.jpg 178 16 162 28 170 52 346 420 202 242 1234 656 226 54 122 180
videos.hw01/04_frame/293.jpg 278 386 638 450 300 432 898 1084 442 388 1714 1488 570 238 906 642
videos.hw01/04_frame/294.jpg 84 8 104 108 162 92 604 756 312 282 1494 994 272 10 364 158
videos.hw01/04_frame/295.jpg 92 0 26 0 18 26 318 1006 698 334 1440 1348 14 0 202 312
videos.hw01/04_frame/296.jpg 22 2 0 0 0 0 164 344 22 70 850 302 2 0 52 0
videos.hw01/04_frame/297.jpg 0 166 16 6 4 22 274 878 404 378 1304 1414 2 0 162 252
videos.hw01/04_frame/298.jpg 0 0 42 48 196 34 486 540 558 310 1256 1714 2 0 262 544
videos.hw01/04_frame/299.jpg 0 0 26 0 210 82 206 596 554 322 1188 1940 2 0 178 304
videos.hw01/04_frame/300.jpg 52 42 6 78 148 134 364 1214 580 276 1174 1824 98 10 174 608
videos.hw01/04_frame/301.jpg 246 328 718 466 452 468 962 1154 522 426 1768 616 716 194 580 584
videos.hw01/04_frame/302.jpg 154 44 94 458 278 152 538 650 302 216 1554 722 222 40 312 488
videos.hw01/04_frame/303.jpg 282 264 300 190 320 212 242 420 500 132 944 526 84 6 594 160
videos.hw01/04_frame/304.jpg 98 160 226 412 222 120 266 596 436 272 776 622 108 24 256 412
videos.hw01/04_frame/305.jpg 194 192 174 140 78 154 214 610 424 214 520 374 80 0 176 116
videos.hw01/04_frame/306.jpg 86 6 228 86 74 54 110 208 56 124 234 172 80 0 6 60
videos.hw01/04_frame/307.jpg 258 196 338 252 134 126 234 302 246 482 626 602 80 0 124 194
videos.hw01/04_frame/308.jpg 114 198 250 216 50 24 378 512 388 200 588 568 80 0 200 256
videos.hw01/04_frame/309.jpg 202 144 124 296 180 24 382 552 452 236 1286 658 80 0 114 162
videos.hw01/04_frame/310.jpg 0 26 120 166 6 14 204 674 318 108 1082 600 80 0 98 114
videos.hw01/04_frame/311.jpg 0 0 34 262 0 14 40 36 102 50 642 162 80 0 8 96
videos.hw01/04_frame/312.jpg 0 256 366 188 0 64 420 568 314 318 1316 594 88 4 264 492
videos.hw01/04_frame/313.jpg 270 364 786 606 454 260 688 750 738 466 1742 1080 148 50 546 820
videos.hw01/04_frame/314.jpg 132 50 210 320 66 116 1062 1460 556 360 1258 1040 136 38 380 476
videos.hw01/04_frame/315.jpg 4 8 14 76 14 50 514 492 430 416 972 802 178 6 312 428
videos.hw01/04_frame/316.jpg 184 304 396 632 310 246 602 442 302 180 806 278 226 80 214 446
videos.hw01/04_frame/317.jpg 50 24 76 422 42 72 538 350 212 264 1264 710 170 2 84 524
videos.hw01/04_frame/318.jpg 102 232 302 422 76 112 570 448 260 216 996 652 80 0 184 424
videos.hw01/04_frame/319.jpg 418 530 712 748 662 402 820 890 458 344 1498 1234 700 214 414 700
videos.hw01/04_frame/320.jpg 206 418 44 74 220 158 492 372 88 228 666 542 200 48 54 0
videos.hw01/04_frame/321.jpg 32 194 38 58 184 42 158 78 68 76 326 114 108 30 42 84
videos.hw01/04_frame/322.jpg 562 496 624 572 348 504 1146 1034 398 230 1440 1452 534 320 754 552
videos.hw01/04_frame/323.jpg 132 122 250 34 392 144 528 532 40 254 698 534 18 60 264 374
videos.hw01/04_frame/324.jpg 264 256 348 152 222 128 470 458 282 384 790 640 32 24 178 218
videos.hw01/04_frame/325.jpg 392 810 686 546 494 464 910 948 588 368 1486 1154 672 158 600 1004
videos.hw01/04_frame/326.jpg 90 150 196 150 188 158 226 316 68 74 548 572 164 36 88 158
videos.hw01/04_frame/327.jpg 196 188 400 344 194 112 678 694 210 210 956 922 128 2 40 334
videos.hw01/04_frame/328.jpg 158 274 284 198 162 216 602 330 112 214 814 712 12 14 278 260
videos.hw01/04_frame/329.jpg 118 116 174 354 170 100 270 632 102 362 884 866 12 40 368 238
videos.hw01/04_frame/330.jpg 126 36 20 92 36 56 346 576 150 168 1048 1044 0 0 114 184
videos.hw01/04_frame/331.jpg 94 148 512 302 454 306 452 486 288 218 1390 1028 288 30 358 458
videos.hw01/04_frame/332.jpg 94 142 358 40 20 170 264 478 250 202 766 426 82 42 280 140
videos.hw01/04_frame/333.jpg 162 184 218 324 296 122 460 518 222 250 1208 934 26 10 42 148
videos.hw01/04_frame/334.jpg 58 228 50 14 346 100 430 410 216 208 1276 550 0 0 4 16
videos.hw01/04_frame/335.jpg 54 76 150 34 0 74 654 966 174 410 1726 938 0 0 0 164
videos.hw01/04_frame/336.jpg 22 2 142 14 4 74 158 14 24 50 638 224 0 0 0 104
videos.hw01/04_frame/337.jpg 162 294 308 590 538 322 1014 1320 386 532 1584 1324 242 36 298 662
videos.hw01/04_frame/338.jpg 296 248 412 72 278 82 576 698 554 142 1230 936 318 96 280 438
videos.hw01/04_frame/339.jpg 122 362 50 34 122 316 490 274 150 238 1244 530 134 66 64 422
videos.hw01/04_frame/340.jpg 80 218 134 120 174 124 772 676 412 462 1426 822 4 66 242 410
videos.hw01/04_frame/341.jpg 90 126 8 266 8 8 240 130 42 72 420 168 126 64 84 98
videos.hw01/04_frame/342.jpg 182 220 284 74 52 66 1050 936 406 388 1702 1038 42 166 562 522
videos.hw01/04_frame/343.jpg 104 56 22 54 170 88 1202 1036 632 464 1584 1310 14 90 262 662
videos.hw01/04_frame/344.jpg 42 648 342 84 0 108 654 638 790 448 1474 1330 22 78 284 706
videos.hw01/04_frame/345.jpg 8 226 286 146 8 24 504 506 690 296 1240 890 54 100 454 446
videos.hw01/04_frame/346.jpg 378 178 424 378 230 172 460 466 260 216 852 878 354 92 494 374
videos.hw01/04_frame/347.jpg 328 144 354 172 8 146 698 460 390 236 1172 938 70 106 422 342
videos.hw01/04_frame/348.jpg 140 718 156 186 136 132 740 458 660 336 922 684 18 38 194 186
videos.hw01/04_frame/349.jpg 434 510 682 558 314 436 658 626 780 514 1182 1000 362 232 554 534
videos.hw01/04_frame/350.jpg 266 392 360 410 104 88 732 542 468 218 1058 566 342 112 214 134
videos.hw01/04_frame/351.jpg 552 566 652 480 310 256 698 544 462 218 966 1136 336 288 856 652
videos.hw01/04_frame/352.jpg 116 120 132 62 18 28 438 438 426 276 726 402 150 22 372 264
videos.hw01/04_frame/353.jpg 84 180 154 142 32 74 566 574 246 468 800 408 38 26 58 112
videos.hw01/04_frame/354.jpg 244 330 304 312 126 98 270 550 564 274 656 462 38 6 232 310
videos.hw01/04_frame/355.jpg 198 300 376 120 274 180 372 488 246 260 876 530 38 6 78 438
videos.hw01/04_frame/356.jpg 12 12 196 18 156 164 116 96 82 34 92 262 38 8 38 406
videos.hw01/04_frame/357.jpg 160 60 66 24 208 176 194 360 432 160 614 608 38 6 80 130
videos.hw01/04_frame/358.jpg 218 70 84 32 242 204 260 506 310 344 608 486 38 6 28 112
videos.hw01/04_frame/359.jpg 154 120 68 2 162 264 358 432 304 332 660 634 38 6 92 42
videos.hw01/04_frame/360.jpg 116 152 14 2 310 306 630 422 170 342 656 156 38 6 66 46
videos.hw01/04_frame/361.jpg 500 490 526 634 590 368 904 858 298 390 1376 928 290 104 776 1406
videos.hw01/04_frame/362.jpg 298 406 310 248 194 266 398 510 434 242 712 400 178 106 300 86
videos.hw01/04_frame/363.jpg 282 882 452 228 380 378 628 466 428 428 692 570 136 82 104 162
videos.hw01/04_frame/364.jpg 330 368 376 698 546 328 496 704 94 196 380 564 126 78 88 182
videos.hw01/04_frame/365.jpg 498 628 428 692 410 290 400 952 202 118 1018 488 92 78 70 10
videos.hw01/04_frame/366.jpg 52 192 34 210 48 52 62 230 64 32 518 76 92 78 76 10
videos.hw01/04_frame/367.jpg 550 452 536 688 386 252 852 1266 652 162 854 986 92 78 228 266
videos.hw01/04_frame/368.jpg 572 458 582 480 532 872 1108 1348 298 320 1330 784 132 78 120 26
videos.hw01/04_frame/369.jpg 560 550 584 444 740 796 932 1184 686 288 1242 1282 92 78 438 156
videos.hw01/04_frame/370.jpg 470 320 610 528 594 522 1052 1210 418 526 1234 1152 92 78 646 366
videos.hw01/04_frame/371.jpg 4 202 150 172 100 168 298 370 132 62 608 416 92 78 152 18
videos.hw01/04_frame/372.jpg 296 680 780 438 1102 842 806 1216 508 412 1554 902 92 90 360 476
videos.hw01/04_frame/373.jpg 178 594 1000 524 1286 808 1322 1746 642 530 1022 1298 214 70 420 734
videos.hw01/04_frame/374.jpg 132 226 1170 668 660 590 954 1632 546 434 934 1218 80 34 552 340
videos.hw01/04_frame/375.jpg 140 232 948 432 782 566 844 1256 418 354 1136 1040 82 16 270 144
videos.hw01/04_frame/376.jpg 110 608 356 368 448 322 818 1052 340 234 1048 940 10 2 312 246
videos.hw01/04_frame/377.jpg 132 424 1028 840 674 386 688 1362 356 354 392 970 10 2 228 172
videos.hw01/04_frame/378.jpg 176 360 1192 1046 830 714 992 1248 400 458 778 886 10 0 166 142
videos.hw01/04_frame/379.jpg 342 710 1194 1178 654 854 994 1266 572 412 1622 1620 232 106 448 804
videos.hw01/04_frame/380.jpg 430 714 1406 1022 812 656 838 1058 424 352 972 1510 316 338 802 666
videos.hw01/04_frame/381.jpg 0 32 214 162 86 222 64 188 104 6 120 264 96 14 66 14
videos.hw01/04_frame/382.jpg 220 744 1348 800 794 612 734 566 410 376 802 874 14 32 288 316
videos.hw01/04_frame/383.jpg 436 632 742 574 626 468 512 434 356 404 672 416 0 52 156 34
videos.hw01/04_frame/384.jpg 384 444 538 410 482 500 396 606 366 180 764 596 40 238 122 394
videos.hw01/04_frame/385.jpg 440 586 1092 580 550 256 832 1532 564 254 1456 1290 362 364 592 704
videos.hw01/04_frame/386.jpg 162 134 264 328 246 114 340 310 106 76 728 690 162 118 160 326
videos.hw01/04_frame/387.jpg 184 170 470 448 160 190 290 252 348 232 208 814 130 26 118 164
videos.hw01/04_frame/388.jpg 260 134 572 328 382 350 374 652 606 400 576 680 36 2 330 124
videos.hw01/04_frame/389.jpg 246 206 602 358 426 382 514 610 872 440 1006 744 16 14 266 138
videos.hw01/04_frame/390.jpg 374 382 906 396 420 332 530 706 912 488 1346 770 16 2 248 392
videos.hw01/04_frame/391.jpg 242 186 546 314 300 176 664 370 718 140 702 1064 258 142 472 554
videos.hw01/04_frame/392.jpg 374 184 508 694 650 260 388 840 508 394 1294 970 66 6 358 248
videos.hw01/04_frame/393.jpg 384 260 550 650 472 424 580 646 540 426 1104 486 20 8 652 98
videos.hw01/04_frame/394.jpg 286 328 564 578 338 226 548 450 410 282 672 892 20 6 212 102
videos.hw01/04_frame/395.jpg 424 268 432 432 346 202 262 378 550 254 952 1126 108 8 254 242
videos.hw01/04_frame/396.jpg 4 12 112 48 78 28 108 126 194 60 684 278 20 6 224 12
videos.hw01/04_frame/397.jpg 516 422 812 842 440 362 946 712 598 466 1550 1392 196 120 984 866
videos.hw01/04_frame/398.jpg 116 314 460 492 266 224 632 500 690 574 1370 1460 178 82 862 554
videos.hw01/04_frame/399.jpg 152 160 290 392 216 194 596 1034 544 754 1896 2042 116 38 452 610
videos.hw01/04_frame/400.jpg 172 86 288 436 78 178 364 588 892 742 2728 1900 52 14 602 450
videos.hw01/04_frame/401.jpg 20 170 158 32 238 38 68 134 124 176 734 1008 24 6 200 120
videos.hw01/04_frame/402.jpg 50 214 254 358 56 112 482 246 782 784 1590 1936 10 28 668 840
videos.hw01/04_frame/403.jpg 232 44 106 328 246 118 430 216 658 544 1848 1314 18 8 608 844
videos.hw01/04_frame/404.jpg 20 226 212 354 94 88 294 226 626 568 1494 2294 12 22 526 584
videos.hw01/04_frame/405.jpg 168 86 226 82 48 66 422 180 694 422 1452 2028 14 6 664 566
videos.hw01/04_frame/406.jpg 170 264 652 606 304 316 492 146 1100 294 1170 1080 32 22 482 236
videos.hw01/04_frame/407.jpg 58 76 220 486 232 104 344 404 586 500 1538 1948 26 12 418 516
videos.hw01/04_frame/408.jpg 62 242 234 228 90 224 280 208 524 702 1022 1538 14 12 366 416
videos.hw01/04_frame/409.jpg 442 528 824 794 564 474 912 758 676 440 1500 2888 466 440 702 1192
videos.hw01/04_frame/410.jpg 28 214 82 176 56 320 376 208 316 162 744 1950 240 70 138 388
videos.hw01/04_frame/411.jpg 0 14 44 50 44 18 30 52 130 22 316 142 110 16 194 12
videos.hw01/04_frame/412.jpg 26 218 148 236 60 118 388 350 370 356 1128 1438 92 40 180 126
videos.hw01/04_frame/413.jpg 4 10 314 242 36 118 280 268 298 380 1026 1098 90 36 88 252
videos.hw01/04_frame/414.jpg 0 18 70 18 52 78 340 98 300 436 1204 1912 90 10 196 246
videos.hw01/04_frame/415.jpg 0 10 76 100 24 112 356 60 574 340 1364 1772 88 24 146 346
videos.hw01/04_frame/416.jpg 0 54 130 72 24 6 30 0 188 68 334 258 90 0 136 46
videos.hw01/04_frame/417.jpg 0 58 158 124 24 40 134 24 576 358 1718 1680 94 10 394 346
videos.hw01/04_frame/418.jpg 0 54 130 108 44 18 220 44 434 470 888 1420 90 2 106 238
videos.hw01/04_frame/419.jpg 18 60 134 188 28 54 416 146 466 500 1624 1678 98 0 44 346
videos.hw01/04_frame/420.jpg 170 54 164 76 70 98 54 132 436 344 928 690 94 8 44 274
videos.hw01/04_frame/421.jpg 38 298 364 418 264 254 656 536 210 282 1658 1750 258 72 218 560
videos.hw01/04_frame/422.jpg 18 216 324 378 128 214 250 242 346 504 770 976 104 58 152 324
videos.hw01/04_frame/423.jpg 10 96 516 322 96 92 206 396 266 294 1234 1238 100 16 120 138
videos.hw01/04_frame/424.jpg 140 40 132 324 234 150 184 258 532 404 788 1650 90 24 114 338
videos.hw01/04_frame/425.jpg 10 24 202 316 18 214 378 244 728 802 1114 2878 90 2 270 324
videos.hw01/04_frame/426.jpg 0 24 82 322 64 66 110 168 152 84 378 702 86 0 36 48
videos.hw01/04_frame/427.jpg 34 108 604 590 106 192 1004 594 796 562 2186 3530 80 6 752 612
videos.hw01/04_frame/428.jpg 268 142 532 340 28 152 726 1368 886 734 3114 3816 200 136 746 1186
videos.hw01/04_frame/429.jpg 2 38 578 276 92 170 692 1104 1552 564 2848 1566 60 30 728 1210
videos.hw01/04_frame/430.jpg 48 154 376 204 212 192 998 1024 1120 1046 2244 938 290 54 776 928
videos.hw01/04_frame/431.jpg 0 42 130 30 6 128 222 114 112 152 236 176 196 24 94 232
videos.hw01/04_frame/432.jpg 16 68 288 140 22 278 1750 1192 574 778 2306 1866 32 142 714 538
videos.hw01/04_frame/433.jpg 352 194 856 720 238 426 978 860 450 350 1296 1342 346 160 674 1036
videos.hw01/04_frame/434.jpg 144 230 386 282 280 456 770 842 608 452 1552 1046 74 126 1118 702
videos.hw01/04_frame/435.jpg 200 244 350 236 236 126 740 406 520 338 1040 696 196 78 792 508
videos.hw01/04_frame/436.jpg 130 82 366 364 140 340 886 362 572 380 1044 538 68 122 380 822
videos.hw01/04_frame/437.jpg 132 32 356 258 200 112 586 470 624 302 998 556 40 54 622 518
videos.hw01/04_frame/438.jpg 258 382 746 776 720 538 828 436 760 496 1812 1006 456 242 1022 772
videos.hw01/04_frame/439.jpg 220 556 862 552 502 622 1066 426 464 286 1210 1112 386 162 562 806
videos.hw01/04_frame/440.jpg 358 250 380 222 306 392 674 414 836 372 368 662 288 102 312 266
videos.hw01/04_frame/441.jpg 0 24 308 138 42 110 154 14 88 54 210 374 52 2 218 28
videos.hw01/04_frame/442.jpg 150 228 514 264 286 452 888 508 520 454 800 818 4 52 424 424
videos.hw01/04_frame/443.jpg 158 430 100 186 382 318 726 458 630 474 656 600 18 36 458 332
videos.hw01/04_frame/444.jpg 150 484 468 468 222 376 468 478 456 404 1024 532 68 8 330 560
videos.hw01/04_frame/445.jpg 218 346 682 676 468 304 1210 728 1038 488 1312 746 326 168 710 824
videos.hw01/04_frame/446.jpg 32 150 126 158 120 68 236 244 404 334 286 196 82 68 128 92
videos.hw01/04_frame/447.jpg 136 190 492 210 108 238 572 844 768 638 1392 702 142 18 720 326
videos.hw01/04_frame/448.jpg 78 168 240 434 140 190 802 662 682 716 1252 746 226 0 484 394
videos.hw01/04_frame/449.jpg 184 260 250 216 174 216 700 572 756 242 928 594 26 100 494 312
videos.hw01/04_frame/450.jpg 106 176 242 186 94 136 680 490 472 396 1274 888 50 8 254 222
videos.hw01/04_frame/451.jpg 562 374 788 538 122 486 350 672 642 230 830 626 268 82 644 552
videos.hw01/04_frame/452.jpg 50 66 52 250 194 82 584 392 242 276 1002 346 208 20 108 62
videos.hw01/04_frame/453.jpg 0 96 560 142 40 112 690 542 484 280 442 510 266 22 150 346
videos.hw01/04_frame/454.jpg 0 372 282 196 110 70 468 214 466 378 754 620 250 52 238 282
videos.hw01/04_frame/455.jpg 102 50 274 156 266 78 234 396 378 280 630 422 188 18 44 120
videos.hw01/04_frame/456.jpg 116 44 42 48 84 18 120 154 118 92 194 380 66 6 186 136
videos.hw01/04_frame/457.jpg 316 468 700 360 440 310 942 794 602 392 1226 654 344 136 868 832
videos.hw01/04_frame/458.jpg 182 478 366 198 204 126 614 296 178 258 706 336 48 86 308 138
videos.hw01/04_frame/459.jpg 94 174 120 220 128 44 338 336 112 272 582 114 0 28 134 128
videos.hw01/04_frame/460.jpg 2 154 98 66 78 152 382 484 74 130 386 486 108 32 20 104
videos.hw01/04_frame/461.jpg 2 152 42 40 82 32 216 68 296 94 144 194 12 100 0 136
videos.hw01/04_frame/462.jpg 8316 5706 7432 9130 7420 5666 5362 6464 5930 5746 9006 8460 3428 8134 7190 7784
videos.hw01/04_frame/463.jpg 164 176 58 0 460 364 444 448 434 206 346 768 292 36 296 476
videos.hw01/04_frame/464.jpg 152 176 4 0 1020 608 836 528 444 668 470 588 218 14 294 676
videos.hw01/04_frame/465.jpg 4 10 16 0 814 730 794 258 944 1008 450 408 208 2 354 618
videos.hw01/04_frame/466.jpg 12 110 156 336 328 124 302 182 266 320 494 292 506 80 488 342
videos.hw01/04_frame/467.jpg 0 42 6 0 902 666 630 498 802 848 594 634 36 0 520 330
videos.hw01/04_frame/468.jpg 100 2 116 12 618 676 638 394 478 324 618 614 402 6 208 194
videos.hw01/04_frame/469.jpg 348 172 354 28 828 1042 1034 456 452 456 442 1062 166 170 418 224
videos.hw01/04_frame/470.jpg 168 20 82 0 788 722 1012 528 478 444 564 506 200 6 152 114
videos.hw01/04_frame/471.jpg 0 2 68 0 162 66 220 22 138 22 244 100 18 4 18 152
videos.hw01/04_frame/472.jpg 134 2 52 0 660 684 742 536 306 226 552 430 62 8 434 612
videos.hw01/04_frame/473.jpg 2 28 52 0 546 550 656 318 498 298 176 240 104 4 364 328
videos.hw01/04_frame/474.jpg 62 2 60 0 388 182 326 330 124 190 276 136 16 54 498 152
videos.hw01/04_frame/475.jpg 0 24 76 0 232 214 342 242 26 186 94 112 84 68 56 66
videos.hw01/04_frame/476.jpg 0 10 78 0 240 8 112 24 0 46 82 24 16 14 2 102
videos.hw01/04_frame/477.jpg 20 16 68 0 342 352 392 148 98 282 196 124 22 6 56 144
videos.hw01/04_frame/478.jpg 0 2 52 10 162 392 430 198 6 94 186 60 104 6 170 154
videos.hw01/04_frame/479.jpg 136 2 52 0 468 380 550 274 386 200 300 242 18 6 218 244
videos.hw01/04_frame/480.jpg 0 2 46 0 202 376 610 390 190 208 78 422 34 22 168 222
videos.hw01/04_frame/481.jpg 156 390 252 2 536 230 486 152 492 194 370 796 414 28 598 374
videos.hw01/04_frame/482.jpg 146 14 24 0 216 410 566 298 510 96 194 496 216 8 146 396
videos.hw01/04_frame/483.jpg 0 8 116 8 504 548 620 362 196 140 336 504 268 8 454 382
videos.hw01/04_frame/484.jpg 2 8 238 0 608 596 830 718 648 600 426 514 194 6 464 160
videos.hw01/04_frame/485.jpg 0 10 108 0 620 1110 900 638 656 170 474 558 16 4 340 312
videos.hw01/04_frame/486.jpg 0 8 102 0 18 88 148 178 140 50 44 126 38 4 148 32
videos.hw01/04_frame/487.jpg 0 12 112 0 948 1160 738 358 534 188 670 836 16 4 510 394
videos.hw01/04_frame/488.jpg 0 8 102 0 532 1150 848 348 588 258 538 1138 92 4 508 292
videos.hw01/04_frame/489.jpg 0 16 108 0 824 1042 822 536 550 378 474 740 16 4 320 156
videos.hw01/04_frame/490.jpg 0 8 12 0 488 836 840 812 444 524 416 778 16 4 250 254
videos.hw01/04_frame/491.jpg 324 176 386 10 512 278 224 284 228 206 356 874 558 164 444 378
videos.hw01/04_frame/492.jpg 108 278 190 20 780 902 654 944 584 656 434 940 312 84 616 286
videos.hw01/04_frame/493.jpg 288 600 658 38 564 1254 772 828 564 646 820 1150 620 180 1004 722
videos.hw01/04_frame/494.jpg 600 508 598 52 2434 1152 1068 1102 436 1054 1196 2138 476 574 1374 1258
videos.hw01/04_frame/495.jpg 578 638 738 82 792 1526 1278 1158 892 1752 1470 1696 520 676 1214 1596
videos.hw01/04_frame/496.jpg 382 240 196 0 116 340 100 144 270 402 176 250 280 64 330 368
videos.hw01/04_frame/497.jpg 864 610 1918 128 1036 1544 1424 894 518 1692 1054 1354 456 660 880 856
videos.hw01/04_frame/498.jpg 558 694 1556 80 496 1186 1246 736 472 1504 834 1170 810 1182 592 796
videos.hw01/04_frame/499.jpg 1678 730 970 0 798 1406 1054 1012 342 1396 936 1500 1008 562 760 908
videos.hw01/04_frame/500.jpg 450 322 740 0 810 1422 1004 804 146 1152 774 1024 1104 826 626 1122
videos.hw01/04_frame/501.jpg 408 236 74 0 110 242 68 76 92 476 186 288 38 42 214 214
videos.hw01/04_frame/502.jpg 336 366 686 0 864 1014 934 648 348 1062 948 852 472 428 854 1014
videos.hw01/04_frame/503.jpg 284 266 566 0 622 988 1028 510 298 1054 522 790 494 322 1052 1030
videos.hw01/04_frame/504.jpg 342 402 306 0 312 1070 930 542 128 1026 406 980 558 238 426 624
videos.hw01/04_frame/505.jpg 448 486 358 16 394 758 1466 1336 284 882 858 1216 496 406 1082 1256
videos.hw01/04_frame/506.jpg 44 82 88 0 144 88 88 136 96 296 120 266 250 46 58 182
videos.hw01/04_frame/507.jpg 130 58 292 0 266 914 656 532 232 680 334 1172 140 106 238 338
videos.hw01/04_frame/508.jpg 0 132 0 0 56 818 234 510 130 370 232 694 268 10 414 248
videos.hw01/04_frame/509.jpg 126 152 30 0 130 624 360 450 222 638 420 1022 156 134 764 258
videos.hw01/04_frame/510.jpg 0 8 46 0 182 774 324 536 230 630 384 854 166 18 694 170
videos.hw01/04_frame/511.jpg 302 152 732 0 192 566 596 58 84 470 254 736 288 320 1070 566
videos.hw01/04_frame/512.jpg 142 38 406 0 220 526 458 550 88 606 408 914 326 206 708 264
videos.hw01/04_frame/513.jpg 338 88 186 0 106 304 492 406 206 352 376 582 396 36 534 524
videos.hw01/04_frame/514.jpg 266 150 108 0 194 312 496 262 38 238 224 454 64 238 176 258
videos.hw01/04_frame/515.jpg 60 100 154 0 26 264 220 240 30 382 284 160 48 0 58 134
videos.hw01/04_frame/516.jpg 0 0 42 0 34 148 62 56 14 30 2 36 48 16 420 0
videos.hw01/04_frame/517.jpg 312 440 434 0 382 594 478 730 186 564 428 840 506 154 962 354
videos.hw01/04_frame/518.jpg 132 22 34 0 26 228 328 286 46 336 190 246 50 18 162 182
videos.hw01/04_frame/519.jpg 8102 6410 8336 9128 7538 5088 4328 5406 6960 6530 8136 7906 3522 8128 7510 7504
videos.hw01/04_frame/520.jpg 6 138 262 290 4 80 450 138 230 228 756 744 134 18 358 876
videos.hw01/04_frame/521.jpg 150 12 200 4 10 8 62 90 12 22 380 134 46 42 134 502
videos.hw01/04_frame/522.jpg 122 14 108 32 70 18 178 24 272 342 172 324 0 2 34 124
videos.hw01/04_frame/523.jpg 110 48 60 188 42 72 326 244 540 412 1134 706 0 2 140 198
videos.hw01/04_frame/524.jpg 36 70 328 140 130 124 878 522 550 426 2026 1300 0 2 356 606
videos.hw01/04_frame/525.jpg 48 64 62 198 188 48 766 918 750 390 1802 1298 0 8 378 636
videos.hw01/04_frame/526.jpg 202 36 382 506 232 228 638 780 290 174 932 820 20 16 180 588
videos.hw01/04_frame/527.jpg 32 26 122 132 64 102 792 1006 800 364 1736 1832 0 6 554 908
videos.hw01/04_frame/528.jpg 62 78 168 284 64 58 484 918 1066 558 1792 1832 70 10 422 918
videos.hw01/04_frame/529.jpg 392 334 644 550 252 282 1002 1584 848 484 1914 1874 278 126 532 1202
videos.hw01/04_frame/530.jpg 192 38 166 194 106 248 522 990 688 452 1322 1568 168 88 180 192
videos.hw01/04_frame/531.jpg 182 20 50 78 30 12 66 386 104 104 540 682 66 12 30 78
videos.hw01/04_frame/532.jpg 202 222 48 236 16 188 764 764 542 390 1206 1148 46 20 650 498
videos.hw01/04_frame/533.jpg 198 2 80 32 104 102 672 560 524 406 1760 828 0 8 464 492
videos.hw01/04_frame/534.jpg 214 238 198 128 58 154 696 456 620 574 1658 998 0 2 486 424
videos.hw01/04_frame/535.jpg 190 48 12 70 64 6 648 326 864 650 1264 588 0 14 358 366
videos.hw01/04_frame/536.jpg 230 64 40 68 0 6 312 114 122 122 528 390 40 18 152 156
videos.hw01/04_frame/537.jpg 314 128 228 74 306 136 932 874 808 578 1760 978 46 12 124 296
videos.hw01/04_frame/538.jpg 174 6 70 32 162 48 818 1054 572 448 1434 1390 6 12 464 308
videos.hw01/04_frame/539.jpg 208 412 102 154 162 20 676 1080 616 234 1010 964 20 12 346 380
videos.hw01/04_frame/540.jpg 206 322 160 214 142 10 120 1060 314 290 778 330 32 14 76 206
videos.hw01/04_frame/541.jpg 256 658 488 584 446 368 756 1042 660 436 1562 1146 202 176 768 556
videos.hw01/04_frame/542.jpg 100 218 184 244 78 142 376 942 354 346 688 362 120 92 288 170
videos.hw01/04_frame/543.jpg 58 278 284 222 108 166 658 530 298 254 932 1082 72 30 102 426
videos.hw01/04_frame/544.jpg 44 532 426 286 14 114 264 340 440 266 922 618 132 16 146 116
videos.hw01/04_frame/545.jpg 52 98 70 378 10 122 88 314 358 312 702 556 28 18 18 122
videos.hw01/04_frame/546.jpg 34 28 116 430 0 98 10 90 446 52 216 18 8 12 76 64
videos.hw01/04_frame/547.jpg 44 64 18 348 8 118 182 620 564 232 880 518 32 42 76 76
videos.hw01/04_frame/548.jpg 298 290 832 584 220 332 738 738 342 282 1168 1020 432 366 548 510
videos.hw01/04_frame/549.jpg 102 204 188 332 136 106 158 620 248 174 856 898 54 26 12 28
videos.hw01/04_frame/550.jpg 4 154 12 340 2 54 134 498 340 254 688 526 10 34 20 10
videos.hw01/04_frame/551.jpg 8 0 0 6 0 4 12 24 26 72 298 274 10 0 0 180
videos.hw01/04_frame/552.jpg 8 162 36 130 0 26 184 612 522 258 882 748 10 0 50 198
videos.hw01/04_frame/553.jpg 280 634 482 592 238 270 1084 808 596 452 1412 650 450 246 334 366
videos.hw01/04_frame/554.jpg 154 36 146 406 42 36 840 652 446 372 920 1278 94 104 346 314
videos.hw01/04_frame/555.jpg 20 150 128 64 16 48 160 536 614 362 1052 2314 34 14 232 286
videos.hw01/04_frame/556.jpg 90 374 682 344 36 160 418 652 400 190 996 668 280 22 434 310
videos.hw01/04_frame/557.jpg 0 20 274 266 22 32 386 832 458 402 1284 1684 14 6 168 504
videos.hw01/04_frame/558.jpg 32 84 286 286 158 34 332 624 842 574 1600 1666 214 42 324 376
videos.hw01/04_frame/559.jpg 402 558 660 670 202 316 480 816 970 512 1952 1068 394 216 556 896
videos.hw01/04_frame/560.jpg 4 154 210 282 2 58 288 510 528 380 1678 1132 36 4 372 574
videos.hw01/04_frame/561.jpg 4 304 8 6 2 22 52 58 406 70 392 582 2 10 146 170
videos.hw01/04_frame/562.jpg 122 192 96 78 2 22 570 662 696 436 1812 1630 176 92 468 548
videos.hw01/04_frame/563.jpg 4 10 20 188 34 36 610 172 386 348 1502 2140 22 62 472 646
videos.hw01/04_frame/564.jpg 4 14 132 206 8 138 594 540 446 342 1570 1840 2 18 472 980
videos.hw01/04_frame/565.jpg 196 374 444 688 200 412 970 770 862 508 2134 1924 92 162 802 1130
videos.hw01/04_frame/566.jpg 154 26 50 164 32 54 334 258 96 130 708 576 66 114 206 174
videos.hw01/04_frame/567.jpg 6 62 176 114 190 220 1004 294 764 642 1858 1734 42 30 592 666
videos.hw01/04_frame/568.jpg 174 40 118 162 78 170 704 322 944 534 1534 1634 4 16 490 730
videos.hw01/04_frame/569.jpg 96 356 10 174 278 244 612 566 1148 782 1638 1006 6 12 616 710
videos.hw01/04_frame/570.jpg 222 334 10 96 258 276 342 206 826 432 1556 1586 0 2 632 740
videos.hw01/04_frame/571.jpg 220 370 410 438 236 400 752 426 430 324 1020 482 260 184 360 780
videos.hw01/04_frame/572.jpg 192 478 36 104 274 388 1076 158 864 490 1480 1146 34 44 328 366
videos.hw01/04_frame/573.jpg 146 276 50 90 298 246 744 138 470 428 1350 1030 16 26 458 414
videos.hw01/04_frame/574.jpg 222 252 190 86 346 416 592 358 1018 292 1446 1410 36 40 316 504
videos.hw01/04_frame/575.jpg 198 578 14 46 354 448 626 342 596 380 1370 810 16 26 394 376
videos.hw01/04_frame/576.jpg 8 28 22 14 82 158 72 248 84 164 252 600 16 24 48 266
videos.hw01/04_frame/577.jpg 390 1042 682 304 344 628 1204 762 1048 528 1512 1496 512 472 748 798
videos.hw01/04_frame/578.jpg 256 248 268 224 436 230 230 410 612 722 1148 1046 74 60 234 510
videos.hw01/04_frame/579.jpg 286 466 164 44 260 284 344 274 600 580 1358 1276 16 76 304 422
videos.hw01/04_frame/580.jpg 194 534 180 28 302 96 400 650 544 428 1168 1444 10 22 398 486
videos.hw01/04_frame/581.jpg 62 160 164 74 8 56 2 170 214 242 142 532 8 16 24 34
videos.hw01/04_frame/582.jpg 160 108 168 8 318 160 620 1052 872 558 2056 1214 8 16 516 392
videos.hw01/04_frame/583.jpg 196 94 304 154 224 138 746 814 606 714 1662 1644 8 16 458 1212
videos.hw01/04_frame/584.jpg 48 82 186 64 48 126 764 1094 674 702 1806 2190 8 16 202 3494
videos.hw01/04_frame/585.jpg 104 120 280 74 14 160 1318 968 552 712 2018 1940 8 16 1916 2538
videos.hw01/04_frame/586.jpg 20 396 288 102 158 220 882 646 390 270 932 806 8 24 486 242
videos.hw01/04_frame/587.jpg 0 174 148 32 120 208 1056 620 580 868 1376 1532 8 162 2854 2588
videos.hw01/04_frame/588.jpg 68 398 54 228 210 220 704 948 848 898 1814 1060 112 1728 2316 1404
videos.hw01/04_frame/589.jpg 76 326 320 356 296 366 1164 1564 1914 1014 1962 1736 196 1218 1444 1766
videos.hw01/04_frame/590.jpg 32 70 230 166 244 258 614 376 508 488 1688 1454 846 1174 1680 428
videos.hw01/04_frame/591.jpg 32 20 144 36 4 70 56 262 234 170 332 466 14 150 584 82
videos.hw01/04_frame/592.jpg 68 178 156 328 202 292 1006 712 1284 886 1866 1018 394 672 1598 266
videos.hw01/04_frame/593.jpg 0 8 96 40 38 94 434 840 1446 1002 1452 800 620 810 1058 4
videos.hw01/04_frame/594.jpg 2 4 316 238 58 78 150 506 1090 1304 1070 594 226 916 776 44
videos.hw01/04_frame/595.jpg 56 144 128 64 326 350 288 448 1346 1174 1108 260 64 1066 970 232
videos.hw01/04_frame/596.jpg 0 84 0 46 8 124 52 206 128 414 442 32 14 200 138 10
videos.hw01/04_frame/597.jpg 76 328 508 126 254 500 534 458 1052 1312 964 912 150 1016 680 314
videos.hw01/04_frame/598.jpg 162 244 186 18 324 280 628 284 1076 1518 1120 842 242 750 184 16
videos.hw01/04_frame/599.jpg 196 260 58 172 296 344 458 634 870 1468 992 1020 200 732 196 52
videos.hw01/04_frame/600.jpg 210 262 72 74 416 276 778 592 1342 1600 1118 1180 206 398 184 120
videos.hw01/04_frame/601.jpg 202 522 480 372 458 618 950 898 1258 1078 958 2084 210 238 740 648
videos.hw01/04_frame/602.jpg 192 522 350 332 546 450 626 516 1804 1150 1248 700 102 338 286 246
videos.hw01/04_frame/603.jpg 194 362 452 366 234 346 586 532 1030 926 966 992 154 126 100 294
videos.hw01/04_frame/604.jpg 160 460 468 394 248 210 302 672 680 1058 1172 548 36 60 168 168
videos.hw01/04_frame/605.jpg 148 182 250 192 384 290 438 224 508 572 880 520 14 16 24 180
videos.hw01/04_frame/606.jpg 372 530 612 536 328 430 792 688 584 984 734 852 314 310 464 500
videos.hw01/04_frame/607.jpg 154 156 134 430 264 360 598 328 1114 784 996 922 50 28 162 168
videos.hw01/04_frame/608.jpg 184 398 290 366 258 188 328 336 858 662 674 668 6 16 12 56
videos.hw01/04_frame/609.jpg 316 282 274 244 246 206 380 698 568 940 724 450 88 18 316 390
videos.hw01/04_frame/610.jpg 286 258 126 210 240 182 310 278 544 698 418 22 6 26 34 46
videos.hw01/04_frame/611.jpg 16 266 78 16 0 18 166 18 266 424 348 32 6 6 20 46
videos.hw01/04_frame/612.jpg 92 612 268 84 236 208 196 368 378 642 162 208 6 0 20 206
videos.hw01/04_frame/613.jpg 392 790 622 484 424 500 906 1030 1058 966 862 750 446 154 274 426
videos.hw01/04_frame/614.jpg 34 62 218 210 122 168 400 182 628 790 694 638 52 38 184 48
videos.hw01/04_frame/615.jpg 6 86 88 184 98 176 196 144 538 696 940 788 18 18 28 12
videos.hw01/04_frame/616.jpg 186 338 362 284 112 200 592 460 462 576 810 710 60 70 138 230
videos.hw01/04_frame/617.jpg 108 92 216 82 54 134 126 330 450 522 568 822 30 34 72 26
videos.hw01/04_frame/618.jpg 68 316 118 138 142 108 774 412 746 732 604 890 14 6 106 74
videos.hw01/04_frame/619.jpg 168 1004 844 412 526 516 1182 1316 1216 1082 1146 1010 402 126 328 278
videos.hw01/04_frame/620.jpg 146 166 358 72 306 338 542 494 970 600 930 580 184 28 96 344
videos.hw01/04_frame/621.jpg 0 164 178 56 18 68 178 412 190 190 342 80 10 12 84 48
videos.hw01/04_frame/622.jpg 148 112 180 14 390 400 740 716 966 738 1254 986 24 18 38 18
videos.hw01/04_frame/623.jpg 166 30 174 2 306 298 716 450 534 542 862 702 26 22 38 8
videos.hw01/04_frame/624.jpg 172 370 192 44 382 354 370 394 924 884 718 824 12 10 22 0
videos.hw01/04_frame/625.jpg 290 368 508 496 678 494 788 1132 710 800 714 982 118 170 280 302
videos.hw01/04_frame/626.jpg 210 296 82 80 76 92 254 406 198 424 600 596 102 38 78 286
videos.hw01/04_frame/627.jpg 106 496 238 164 274 374 450 432 612 848 1258 1078 18 12 136 8
videos.hw01/04_frame/628.jpg 212 760 318 292 322 228 632 616 910 710 824 454 6 6 60 4
videos.hw01/04_frame/629.jpg 212 490 330 244 476 308 530 510 736 804 714 636 0 8 52 0
videos.hw01/04_frame/630.jpg 280 710 316 154 458 228 742 1098 784 866 606 1084 6 10 124 14
videos.hw01/04_frame/631.jpg 328 400 286 320 292 314 1052 1232 756 786 774 644 392 132 576 608
videos.hw01/04_frame/632.jpg 418 498 518 390 476 274 784 720 730 1400 824 850 210 48 212 28
videos.hw01/04_frame/633.jpg 288 900 156 124 340 342 814 342 880 1466 802 798 68 210 20 12
videos.hw01/04_frame/634.jpg 398 664 548 290 516 322 644 262 932 1494 1402 652 188 326 20 8
videos.hw01/04_frame/635.jpg 578 764 522 496 614 690 1036 954 978 1394 1884 742 566 696 566 240
videos.hw01/04_frame/636.jpg 0 18 38 56 22 12 96 52 236 174 274 258 82 24 46 50
videos.hw01/04_frame/637.jpg 598 756 774 604 682 668 782 1408 1346 1624 1488 1198 840 1046 498 312
videos.hw01/04_frame/638.jpg 426 720 660 76 496 456 1072 592 1062 1414 1728 1330 438 1430 538 210
videos.hw01/04_frame/639.jpg 328 610 464 548 394 356 970 962 1208 1346 1678 1174 338 1402 940 474
videos.hw01/04_frame/640.jpg 382 710 460 532 412 290 1124 1600 1678 1320 1222 1172 246 1712 1354 12
videos.hw01/04_frame/641.jpg 18 468 152 254 46 66 482 370 270 120 500 582 72 210 1118 8
videos.hw01/04_frame/642.jpg 336 616 704 372 516 356 822 2594 1894 842 1504 1574 1488 1482 1820 156
videos.hw01/04_frame/643.jpg 428 402 690 854 372 418 1068 2354 1694 762 1558 2186 1708 1312 2122 324
videos.hw01/04_frame/644.jpg 216 170 726 1380 286 190 1260 2590 1016 514 1678 1340 2574 3192 3446 1038
videos.hw01/04_frame/645.jpg 114 314 942 1968 352 356 1040 3290 536 410 1514 1270 178 2724 2520 1038
videos.hw01/04_frame/646.jpg 254 522 536 568 354 354 436 460 304 140 478 352 106 296 738 194
videos.hw01/04_frame/647.jpg 628 560 1058 1922 490 438 1380 3100 272 202 1116 694 150 260 1244 740
videos.hw01/04_frame/648.jpg 486 734 1142 1832 352 334 1558 3150 274 238 768 1136 42 114 576 232
videos.hw01/04_frame/649.jpg 808 1272 1070 1708 584 436 1896 2002 812 408 980 1224 512 444 1282 874
videos.hw01/04_frame/650.jpg 554 1312 1036 1538 516 354 1296 1186 240 194 1470 728 170 126 470 170
videos.hw01/04_frame/651.jpg 34 216 26 322 64 182 652 384 30 48 74 52 104 10 296 50
videos.hw01/04_frame/652.jpg 358 548 982 1286 496 580 1390 1106 264 410 608 644 144 78 614 606
videos.hw01/04_frame/653.jpg 414 524 724 1052 436 344 1388 1318 516 396 786 816 36 26 266 202
videos.hw01/04_frame/654.jpg 634 502 594 962 592 314 1476 914 418 486 814 970 44 44 236 284
videos.hw01/04_frame/655.jpg 460 520 546 514 552 354 1100 822 536 238 726 1020 36 32 88 386
videos.hw01/04_frame/656.jpg 174 216 250 58 200 70 158 102 30 146 322 226 188 28 78 10
videos.hw01/04_frame/657.jpg 328 642 458 520 680 664 1254 860 272 136 1062 1098 110 140 442 450
videos.hw01/04_frame/658.jpg 604 862 586 660 566 548 1076 686 72 176 918 734 20 34 336 6
videos.hw01/04_frame/659.jpg 440 896 406 502 602 562 1144 968 68 144 788 688 14 14 470 40
videos.hw01/04_frame/660.jpg 292 612 400 248 790 530 1332 1006 80 102 930 842 124 20 350 0
videos.hw01/04_frame/661.jpg 248 532 562 560 654 430 1274 982 640 364 958 774 256 216 810 794
videos.hw01/04_frame/662.jpg 226 414 152 376 520 400 862 1264 318 206 536 1398 170 134 522 128
videos.hw01/04_frame/663.jpg 38 226 130 262 430 260 796 1102 260 108 522 604 128 96 218 300
videos.hw01/04_frame/664.jpg 8266 7578 8694 7506 7718 5732 6174 5592 8178 5600 8308 7700 7274 8926 8576 8538
videos.hw01/04_frame/665.jpg 396 314 794 688 348 600 684 1090 70 400 726 1284 122 430 742 46
videos.hw01/04_frame/666.jpg 80 204 384 132 60 166 30 268 78 78 458 682 142 578 68 24
videos.hw01/04_frame/667.jpg 322 416 706 592 566 508 1394 1170 2 248 524 618 126 634 554 110
videos.hw01/04_frame/668.jpg 318 324 860 626 488 576 1066 1480 20 148 834 716 84 188 62 82
videos.hw01/04_frame/669.jpg 442 460 1022 1226 618 478 852 1912 26 368 384 924 88 306 168 96
videos.hw01/04_frame/670.jpg 600 420 1106 2144 868 960 1892 2162 30 536 906 710 16 180 56 420
videos.hw01/04_frame/671.jpg 96 40 98 204 118 28 52 442 2 18 150 128 70 84 180 32
videos.hw01/04_frame/672.jpg 658 658 1002 1644 1168 922 1286 1690 84 674 850 1168 76 288 202 256
videos.hw01/04_frame/673.jpg 802 794 942 1644 894 1328 1424 1686 176 880 1026 1190 312 768 938 570
videos.hw01/04_frame/674.jpg 506 552 996 1512 682 1130 1312 1082 38 494 1204 874 148 268 386 94
videos.hw01/04_frame/675.jpg 328 462 1020 1078 602 720 1436 914 78 394 916 1032 76 186 4 98
videos.hw01/04_frame/676.jpg 424 98 668 318 498 358 478 500 96 378 544 572 154 1086 878 14
videos.hw01/04_frame/677.jpg 302 358 1126 988 532 398 986 1250 14 540 918 874 136 232 148 94
videos.hw01/04_frame/678.jpg 430 360 992 872 672 792 1140 1068 46 452 976 944 58 528 310 94
videos.hw01/04_frame/679.jpg 358 198 826 852 686 370 1022 1144 136 342 280 674 80 1002 672 198
videos.hw01/04_frame/680.jpg 456 428 578 612 528 502 1072 542 88 326 408 528 40 220 200 94
videos.hw01/04_frame/681.jpg 40 30 74 80 128 48 78 322 0 86 188 384 30 216 0 0
videos.hw01/04_frame/682.jpg 568 552 680 744 718 554 1292 810 44 514 494 930 188 406 378 94
videos.hw01/04_frame/683.jpg 728 724 726 920 670 652 1364 816 92 400 286 494 98 350 0 94
videos.hw01/04_frame/684.jpg 794 410 940 1098 790 342 1402 1396 30 278 470 376 26 630 8 94
videos.hw01/04_frame/685.jpg 896 460 1144 962 616 480 1384 1392 264 306 994 1098 216 1056 664 94
videos.hw01/04_frame/686.jpg 218 94 180 250 184 50 242 416 36 124 160 266 86 50 48 0
videos.hw01/04_frame/687.jpg 704 304 1080 1016 730 402 1890 1190 40 744 954 962 38 54 154 94
videos.hw01/04_frame/688.jpg 660 378 938 1372 754 658 1552 1484 36 470 886 920 58 270 48 110
videos.hw01/04_frame/689.jpg 738 542 846 1042 848 650 1298 1680 12 514 878 1028 38 24 200 94
videos.hw01/04_frame/690.jpg 738 628 884 1314 932 958 1380 1122 6 702 758 714 44 2 58 94
videos.hw01/04_frame/691.jpg 266 112 376 200 236 176 528 782 32 412 826 1026 226 858 504 16
videos.hw01/04_frame/692.jpg 842 592 1020 934 916 1214 1640 1516 110 570 630 898 72 408 166 94
videos.hw01/04_frame/693.jpg 690 752 786 828 724 1350 1308 1390 254 730 856 1274 266 684 836 102
videos.hw01/04_frame/694.jpg 202 408 766 550 346 1176 710 828 88 342 666 1000 80 818 382 94
videos.hw01/04_frame/695.jpg 244 502 490 544 450 826 868 452 0 210 142 526 188 348 220 94
videos.hw01/04_frame/696.jpg 40 4 62 274 146 182 198 108 10 18 50 2 8 260 180 4
videos.hw01/04_frame/697.jpg 282 668 570 870 498 1038 986 1080 140 718 1000 1366 146 1292 878 56
videos.hw01/04_frame/698.jpg 184 528 388 602 126 788 688 710 24 104 532 726 56 212 184 126
videos.hw01/04_frame/699.jpg 162 440 768 572 336 536 890 990 8 154 1042 378 192 326 178 98
videos.hw01/04_frame/700.jpg 284 334 584 512 260 756 754 896 10 100 212 776 24 424 160 194
videos.hw01/04_frame/701.jpg 32 24 66 128 38 224 64 50 4 34 220 118 0 2 0 94
videos.hw01/04_frame/702.jpg 230 312 542 542 304 764 524 674 4 52 552 590 0 128 0 94
videos.hw01/04_frame/703.jpg 138 508 638 502 244 470 574 844 10 34 232 588 24 332 4 94
videos.hw01/04_frame/704.jpg 196 394 822 568 260 716 524 850 4 172 232 420 32 2 38 94
videos.hw01/04_frame/705.jpg 84 452 518 278 198 472 484 798 4 46 238 778 8 168 0 94
videos.hw01/04_frame/706.jpg 264 200 526 304 146 398 308 554 56 580 956 1246 206 900 444 94
videos.hw01/04_frame/707.jpg 362 306 554 254 304 638 584 702 48 48 268 640 146 430 0 94
videos.hw01/04_frame/708.jpg 216 418 330 420 332 806 502 796 12 350 480 536 194 372 616 94
videos.hw01/04_frame/709.jpg 484 750 842 714 464 1022 826 1062 28 374 724 1348 256 636 636 126
videos.hw01/04_frame/710.jpg 312 642 390 392 346 564 688 704 14 122 556 516 66 398 510 94
videos.hw01/04_frame/711.jpg 44 22 104 132 202 42 134 88 8 58 192 84 56 218 0 94
videos.hw01/04_frame/712.jpg 242 524 620 396 268 494 564 816 4 114 418 382 0 158 0 94
videos.hw01/04_frame/713.jpg 436 536 428 372 528 712 328 496 4 108 270 258 0 132 0 94
videos.hw01/04_frame/714.jpg 446 454 644 458 576 590 790 744 4 98 330 294 0 324 0 94
videos.hw01/04_frame/715.jpg 380 504 796 612 562 610 734 796 4 254 352 494 8 330 0 98
videos.hw01/04_frame/716.jpg 24 178 12 70 94 34 200 84 4 8 144 504 24 324 0 98
videos.hw01/04_frame/717.jpg 558 562 882 716 652 726 1036 974 4 156 560 658 24 372 144 98
videos.hw01/04_frame/718.jpg 808 668 1022 1576 598 526 1182 798 4 352 520 528 0 334 0 94
videos.hw01/04_frame/719.jpg 506 458 808 1370 266 372 1504 1060 4 226 1058 290 0 132 0 94
videos.hw01/04_frame/720.jpg 546 414 910 1770 326 382 1156 1964 4 262 580 684 0 132 176 94
videos.hw01/04_frame/721.jpg 582 426 558 418 588 592 946 676 122 772 894 1366 106 1330 572 94
videos.hw01/04_frame/722.jpg 1016 742 1064 3428 744 816 1546 1462 176 620 1252 1636 148 566 200 214
videos.hw01/04_frame/723.jpg 508 608 1492 2838 406 490 1452 2152 22 456 532 784 80 356 214 40
videos.hw01/04_frame/724.jpg 1292 1056 2598 2346 824 906 1992 2394 56 550 1898 1270 126 1154 2034 228
videos.hw01/04_frame/725.jpg 1612 1480 1816 1652 1256 1618 1630 2590 14 636 950 1356 22 294 454 104
videos.hw01/04_frame/726.jpg 26 76 266 400 78 82 348 264 46 18 200 86 12 54 664 92
videos.hw01/04_frame/727.jpg 1200 1652 1948 1468 1062 1480 1618 2108 134 674 1664 1214 40 180 362 0
videos.hw01/04_frame/728.jpg 246 164 2406 1684 1160 958 1556 1342 46 678 1172 574 46 0 180 0
videos.hw01/04_frame/729.jpg 8 180 1088 1596 946 1146 1508 1200 100 1064 1110 916 14 12 180 0
videos.hw01/04_frame/730.jpg 34 0 1382 1646 698 954 1338 1438 194 396 1160 1154 10 214 180 0
videos.hw01/04_frame/731.jpg 2 8 236 178 152 212 468 156 32 372 50 296 10 0 180 0
videos.hw01/04_frame/732.jpg 28 116 1440 1664 818 784 1142 1524 204 670 1350 894 120 200 180 2
videos.hw01/04_frame/733.jpg 506 690 1024 1476 652 644 958 1420 202 590 1208 1742 306 1210 1020 46
videos.hw01/04_frame/734.jpg 52 540 830 1200 432 534 728 1186 128 634 752 856 264 542 36 62
videos.hw01/04_frame/735.jpg 92 298 894 922 348 564 742 1040 74 658 682 666 74 236 2 16
videos.hw01/04_frame/736.jpg 292 478 336 524 378 436 440 882 186 514 646 1344 194 740 726 32
videos.hw01/04_frame/737.jpg 280 366 878 926 452 430 964 1130 106 330 898 1330 68 84 178 56
videos.hw01/04_frame/738.jpg 72 210 976 840 474 556 1020 714 50 600 1080 794 20 352 748 154
videos.hw01/04_frame/739.jpg 72 70 684 514 478 336 788 648 40 602 774 924 80 274 630 24
videos.hw01/04_frame/740.jpg 242 30 380 638 12 164 816 588 64 344 540 468 28 124 0 8
videos.hw01/04_frame/741.jpg 72 0 16 272 4 74 142 358 2 280 128 376 0 10 186 14
videos.hw01/04_frame/742.jpg 460 378 1034 792 402 372 964 968 94 566 438 672 10 258 186 16
videos.hw01/04_frame/743.jpg 0 1344 1956 976 706 680 1544 1922 78 574 1038 742 0 10 190 40
videos.hw01/04_frame/744.jpg 0 2012 2820 2186 472 1998 1878 2938 126 464 652 568 166 326 386 124
videos.hw01/04_frame/745.jpg 468 1104 874 1796 450 1108 1322 1486 140 744 1336 1974 232 1342 1132 86
videos.hw01/04_frame/746.jpg 166 336 246 268 146 216 488 264 30 204 124 52 80 24 6 0
videos.hw01/04_frame/747.jpg 202 3430 2178 2356 548 2074 2414 2060 100 530 1176 784 6 176 0 14
videos.hw01/04_frame/748.jpg 166 3244 4300 2510 1024 750 3146 2824 60 876 1084 890 6 64 134 24
videos.hw01/04_frame/749.jpg 12 1658 2096 944 828 1636 2412 2260 166 542 842 1046 6 70 64 0
videos.hw01/04_frame/750.jpg 14 106 390 536 654 1552 1648 1812 40 406 432 616 6 22 0 0
videos.hw01/04_frame/751.jpg 338 742 468 290 360 746 862 1166 118 632 1596 2386 256 1224 906 86
videos.hw01/04_frame/752.jpg 28 570 1132 528 672 1332 1786 992 270 652 898 1520 118 364 82 0
videos.hw01/04_frame/753.jpg 0 2392 4012 1102 740 2274 2624 2450 96 442 1072 1290 56 234 878 24
videos.hw01/04_frame/754.jpg 432 2126 3946 4118 542 1868 2866 2730 78 380 1152 1462 100 816 922 162
videos.hw01/04_frame/755.jpg 0 1032 4422 2480 220 1274 1180 1544 54 260 586 1316 52 356 330 0
videos.hw01/04_frame/756.jpg 0 148 274 138 26 150 216 70 0 62 174 294 34 214 562 0
videos.hw01/04_frame/757.jpg 526 684 1210 972 716 646 880 1438 266 704 1266 1798 218 958 1662 78
videos.hw01/04_frame/758.jpg 64 714 1354 454 440 1020 1750 1002 20 626 672 958 130 190 34 42
videos.hw01/04_frame/759.jpg 70 498 1314 748 408 870 1356 1034 40 558 588 1154 22 32 220 6
videos.hw01/04_frame/760.jpg 10 484 1250 760 432 818 696 620 142 586 748 982 8 0 2 0
videos.hw01/04_frame/761.jpg 10 124 40 58 80 36 196 224 4 302 40 152 0 204 0 0
videos.hw01/04_frame/762.jpg 10 240 902 502 876 1370 716 752 272 874 502 812 2 328 38 0
videos.hw01/04_frame/763.jpg 10 590 622 610 812 1394 1152 1008 382 968 348 408 0 236 10 0
videos.hw01/04_frame/764.jpg 10 824 840 1150 720 1294 1398 940 248 778 664 672 18 270 88 0
videos.hw01/04_frame/765.jpg 10 700 1846 1016 376 1120 1900 1326 220 692 802 796 0 8 0 0
videos.hw01/04_frame/766.jpg 82 312 200 426 136 646 600 448 86 472 884 1116 80 452 1016 38
videos.hw01/04_frame/767.jpg 10 682 2918 2214 402 1298 1238 2788 182 680 702 1240 80 266 130 8
videos.hw01/04_frame/768.jpg 176 712 2172 3106 124 884 854 2516 36 474 738 1364 50 344 360 2
videos.hw01/04_frame/769.jpg 28 576 888 2664 856 1148 1958 2534 312 870 1268 1776 82 618 552 6
videos.hw01/04_frame/770.jpg 26 304 1078 1878 1184 2226 1732 2218 406 834 958 852 58 4 2 0
videos.hw01/04_frame/771.jpg 18 56 0 92 24 260 350 132 16 98 600 222 6 20 40 0
videos.hw01/04_frame/772.jpg 10 464 1032 1378 1584 2106 2344 2436 644 1472 978 1556 0 36 0 0
videos.hw01/04_frame/773.jpg 10 542 1622 1316 1014 2018 1912 3258 294 788 910 1146 0 0 0 0
videos.hw01/04_frame/774.jpg 30 410 3908 3034 1020 1220 2358 2622 14 498 526 1118 0 0 0 0
videos.hw01/04_frame/775.jpg 470 906 1920 4798 1154 1828 1756 2248 10 756 1096 694 38 0 0 0
videos.hw01/04_frame/776.jpg 10 52 182 116 162 94 154 348 6 30 174 116 0 0 112 0
videos.hw01/04_frame/777.jpg 1504 1442 1966 3108 1750 1550 1788 3094 134 784 1440 1444 0 172 376 0
videos.hw01/04_frame/778.jpg 934 1392 2084 2156 1660 1384 2186 2194 66 988 1238 1102 22 80 14 0
videos.hw01/04_frame/779.jpg 930 512 1348 1710 2066 1866 2378 2242 20 938 1190 628 0 6 158 0
videos.hw01/04_frame/780.jpg 1426 1150 1354 1372 1874 2682 2866 3124 160 646 1120 1648 330 416 414 74
videos.hw01/04_frame/781.jpg 682 232 890 574 320 306 754 628 118 396 874 1436 332 776 618 132
videos.hw01/04_frame/782.jpg 634 982 1266 974 814 2620 2402 2402 86 232 996 1162 106 420 204 36
videos.hw01/04_frame/783.jpg 298 1082 1724 2182 476 1738 2106 1902 76 202 852 964 268 618 536 36
videos.hw01/04_frame/784.jpg 898 1118 1990 2796 506 1018 1298 2674 264 676 1928 2040 224 1732 1530 936
videos.hw01/04_frame/785.jpg 214 686 1944 1476 436 500 808 2294 108 446 1178 1344 250 744 890 196
videos.hw01/04_frame/786.jpg 224 302 454 338 42 166 396 678 42 330 712 778 120 354 736 212
videos.hw01/04_frame/787.jpg 414 1384 1266 1142 758 444 946 1544 146 478 1638 1462 390 932 1326 50
videos.hw01/04_frame/788.jpg 350 1288 890 1110 792 798 1434 2178 176 476 1906 1254 348 974 986 542
videos.hw01/04_frame/789.jpg 380 1246 1468 1716 716 2296 1826 2238 176 464 1240 1258 238 628 540 224
videos.hw01/04_frame/790.jpg 1192 1770 1398 1958 2040 3820 1556 3174 284 614 1198 1806 444 922 624 908
videos.hw01/04_frame/791.jpg 40 22 36 142 86 222 104 416 16 148 232 254 14 156 8 26
videos.hw01/04_frame/792.jpg 1402 1380 1280 2108 3156 2068 1650 2392 180 600 1890 1708 514 874 806 370
videos.hw01/04_frame/793.jpg 1376 1396 1918 1830 2456 2212 2644 1842 206 1028 1578 2370 400 1610 2292 1338
videos.hw01/04_frame/794.jpg 554 682 1468 1282 1208 838 1390 1482 212 578 1028 1478 644 1224 772 474
videos.hw01/04_frame/795.jpg 682 1366 1188 1042 1202 1016 1570 1582 318 734 1598 1556 548 1560 1206 520
videos.hw01/04_frame/796.jpg 410 218 430 558 406 150 328 1090 82 96 1110 592 114 252 874 374
videos.hw01/04_frame/797.jpg 700 1004 1206 1238 1944 1344 1706 1592 162 726 1254 1214 456 1482 846 742
videos.hw01/04_frame/798.jpg 856 1336 1162 1390 2318 1402 1544 1766 248 734 2124 2148 406 1222 1300 544
videos.hw01/04_frame/799.jpg 1342 978 1400 1474 3000 2098 1378 2364 344 518 1980 2020 538 1196 1150 1424
videos.hw01/04_frame/800.jpg 850 1460 1744 4060 2100 4216 3630 3032 340 238 1418 2262 386 1518 936 732
videos.hw01/04_frame/801.jpg 126 100 94 152 146 44 184 406 56 36 348 200 14 2 148 332
videos.hw01/04_frame/802.jpg 466 1296 2062 1032 1146 1638 2464 4100 358 302 1316 1644 392 1058 1298 540
videos.hw01/04_frame/803.jpg 492 642 1256 1040 664 1394 3006 1620 250 304 1050 1882 332 1400 1592 668
videos.hw01/04_frame/804.jpg 832 1380 2030 1696 1014 1564 1568 1892 322 328 1216 1822 348 1526 804 956
videos.hw01/04_frame/805.jpg 726 1072 1894 2188 1922 4430 3904 1878 306 298 1934 2382 258 1354 2040 1526
videos.hw01/04_frame/806.jpg 84 168 76 350 184 164 186 224 116 50 64 190 70 38 34 10
videos.hw01/04_frame/807.jpg 1210 818 1266 3072 3414 2268 2504 4782 310 400 712 1152 222 890 294 190
videos.hw01/04_frame/808.jpg 738 604 1026 1600 2348 1322 1698 3240 174 478 884 1176 166 514 466 154
videos.hw01/04_frame/809.jpg 464 736 736 1470 1566 696 1128 968 192 324 1040 1796 120 884 904 390
videos.hw01/04_frame/810.jpg 364 522 1020 1224 594 274 840 1444 450 216 900 1284 112 706 798 570
videos.hw01/04_frame/811.jpg 176 182 208 716 282 128 264 456 266 132 1144 1228 56 482 382 220
videos.hw01/04_frame/812.jpg 298 404 864 954 772 334 1060 1056 322 256 1468 796 124 670 770 332
videos.hw01/04_frame/813.jpg 186 60 120 196 202 26 420 306 84 26 660 1008 10 440 876 300
videos.hw01/04_frame/814.jpg 812 584 1198 1378 1806 1168 1576 1474 334 316 1260 1786 148 830 1036 422
videos.hw01/04_frame/815.jpg 552 454 922 1432 1494 1460 1328 1924 80 236 884 918 14 848 248 388
videos.hw01/04_frame/816.jpg 96 6 26 90 30 52 196 278 12 0 300 442 8 210 0 200
videos.hw01/04_frame/817.jpg 452 474 1016 1366 882 1204 916 1324 254 206 1008 1870 110 1000 1708 1230
videos.hw01/04_frame/818.jpg 282 224 686 970 864 948 852 892 66 52 212 664 68 274 200 346
videos.hw01/04_frame/819.jpg 32 22 46 208 176 220 222 252 40 12 42 496 0 20 0 68
videos.hw01/04_frame/820.jpg 328 206 668 1060 432 734 1064 1492 94 124 602 1076 60 90 198 250
videos.hw01/04_frame/821.jpg 34 56 50 148 100 154 220 134 14 30 162 312 18 46 230 14
videos.hw01/04_frame/822.jpg 130 182 8 278 40 154 92 238 14 30 178 348 12 188 230 14
videos.hw01/04_frame/823.jpg 164 172 300 734 240 666 456 702 24 14 626 1044 20 212 206 210
videos.hw01/04_frame/824.jpg 30 20 78 114 70 46 168 62 38 12 76 720 42 42 322 38
videos.hw01/04_frame/825.jpg 174 156 68 224 226 540 356 518 84 28 222 882 42 284 184 38
videos.hw01/04_frame/826.jpg 304 324 312 650 232 648 384 854 254 144 772 1484 32 886 966 496
videos.hw01/04_frame/827.jpg 196 32 156 260 288 184 38 454 18 26 476 256 18 100 204 40
videos.hw01/04_frame/828.jpg 144 186 168 612 298 446 394 420 74 86 406 824 34 144 1136 562
videos.hw01/04_frame/829.jpg 382 380 406 860 350 582 502 834 194 70 950 1690 72 752 956 718
videos.hw01/04_frame/830.jpg 152 42 286 394 32 148 124 184 20 24 406 442 70 78 192 218
videos.hw01/04_frame/831.jpg 82 98 108 496 146 698 300 538 40 52 208 1152 22 38 0 8
videos.hw01/04_frame/832.jpg 70 168 98 498 158 632 236 550 32 18 324 1032 4 44 56 12
videos.hw01/04_frame/833.jpg 164 268 246 954 244 658 300 686 62 42 500 434 32 200 18 8
videos.hw01/04_frame/834.jpg 234 152 420 542 264 712 314 576 0 24 264 434 0 314 72 8
videos.hw01/04_frame/835.jpg 88 152 340 314 184 576 380 874 22 58 616 1098 26 78 2 20
videos.hw01/04_frame/836.jpg 10 8 80 294 12 94 92 420 0 44 182 500 0 66 46 186
videos.hw01/04_frame/837.jpg 3746 4910 6948 5650 3316 5074 3564 5830 4520 4860 4512 8592 8990 8994 9474 9294
videos.hw01/04_frame/838.jpg 20 276 138 286 402 748 1324 686 424 924 814 784 188 8 240 432
videos.hw01/04_frame/839.jpg 0 370 32 464 996 1364 1684 1838 666 1226 1382 1100 256 0 376 292
videos.hw01/04_frame/840.jpg 2 30 4 454 1098 1926 1804 1660 630 1400 1504 1158 0 2 652 420
videos.hw01/04_frame/841.jpg 162 268 266 290 262 1216 712 678 410 702 548 440 196 430 412 644
videos.hw01/04_frame/842.jpg 76 160 138 484 878 2292 1314 2798 842 1582 890 1168 890 110 386 526
videos.hw01/04_frame/843.jpg 156 52 6 470 1018 1628 388 858 952 1160 1284 998 162 44 392 1272
videos.hw01/04_frame/844.jpg 18 144 8 534 1054 1338 402 920 900 916 408 890 208 50 386 862
videos.hw01/04_frame/845.jpg 18 32 10 652 870 1280 436 1388 752 848 1154 994 222 38 286 526
videos.hw01/04_frame/846.jpg 18 8 6 102 194 216 10 84 160 94 48 184 8 38 36 98
videos.hw01/04_frame/847.jpg 28 178 6 812 932 1008 1150 880 716 900 654 1048 8 72 266 584
videos.hw01/04_frame/848.jpg 18 46 38 632 1198 958 496 742 642 646 510 978 8 36 16 242
videos.hw01/04_frame/849.jpg 18 322 6 764 674 738 450 922 440 462 176 1060 8 36 164 262
videos.hw01/04_frame/850.jpg 20 160 28 806 1290 808 1362 432 530 632 456 1384 104 78 188 488
videos.hw01/04_frame/851.jpg 18 8 8 2 292 98 62 66 72 68 32 226 8 34 138 220
videos.hw01/04_frame/852.jpg 262 8 8 290 1004 956 1572 600 770 618 372 1040 180 226 168 306
videos.hw01/04_frame/853.jpg 62 176 174 896 1010 926 962 574 736 424 458 1586 758 112 250 526
videos.hw01/04_frame/854.jpg 64 134 140 616 626 466 1830 778 608 462 566 1304 652 134 160 240
videos.hw01/04_frame/855.jpg 18 34 54 292 1162 846 300 616 748 496 334 614 706 44 48 450
videos.hw01/04_frame/856.jpg 256 384 110 506 272 448 104 498 318 276 228 626 342 126 328 1318
videos.hw01/04_frame/857.jpg 18 230 72 478 936 946 1250 862 682 600 308 906 538 302 292 390
videos.hw01/04_frame/858.jpg 18 4 46 504 176 184 658 308 202 158 290 702 594 34 62 178
videos.hw01/04_frame/859.jpg 54 28 12 332 628 584 876 1064 548 398 248 846 530 30 22 206
videos.hw01/04_frame/860.jpg 330 66 12 478 746 614 660 298 674 346 206 714 656 76 230 368
videos.hw01/04_frame/861.jpg 114 4 6 306 214 106 114 302 198 144 14 72 530 30 18 200
videos.hw01/04_frame/862.jpg 114 4 18 586 452 238 570 370 482 292 282 612 610 50 222 504
videos.hw01/04_frame/863.jpg 114 46 70 518 662 378 1010 612 624 534 470 926 530 30 42 744
videos.hw01/04_frame/864.jpg 114 34 2 602 566 432 1564 528 646 580 636 1206 530 30 170 408
videos.hw01/04_frame/865.jpg 198 168 66 428 846 938 344 840 900 690 722 1434 228 148 284 612
videos.hw01/04_frame/866.jpg 392 270 178 672 606 354 230 262 508 502 360 480 272 278 792 750
videos.hw01/04_frame/867.jpg 96 100 8 322 626 924 156 398 876 532 262 880 210 6 280 386
videos.hw01/04_frame/868.jpg 22 56 0 428 1584 1002 426 620 826 822 632 1776 42 2 154 414
videos.hw01/04_frame/869.jpg 450 294 132 848 1528 1450 1388 1116 1336 1476 1298 2406 234 234 106 1146
videos.hw01/04_frame/870.jpg 528 588 182 1304 766 1774 1118 1770 1408 1722 1192 1930 392 310 688 828
videos.hw01/04_frame/871.jpg 250 92 96 306 246 408 18 86 446 308 138 344 576 356 282 800
videos.hw01/04_frame/872.jpg 758 570 250 858 1886 1480 978 1488 1708 1920 958 1966 400 602 756 722
videos.hw01/04_frame/873.jpg 754 452 250 372 1926 1374 532 1432 1978 1310 552 1104 614 516 964 1370
videos.hw01/04_frame/874.jpg 764 530 314 352 1574 1228 506 874 1362 1426 302 630 562 510 840 1252
videos.hw01/04_frame/875.jpg 832 578 382 130 1850 1780 408 1806 1414 1938 266 770 418 792 746 508
videos.hw01/04_frame/876.jpg 124 18 58 0 216 186 24 286 250 390 70 50 150 64 136 188
videos.hw01/04_frame/877.jpg 794 492 208 348 1770 924 208 1096 1250 1240 484 694 642 332 444 1040
videos.hw01/04_frame/878.jpg 478 430 248 330 1700 840 326 874 1326 1028 394 578 688 424 656 650
videos.hw01/04_frame/879.jpg 288 400 268 314 1086 696 280 762 1336 866 234 400 512 288 636 806
videos.hw01/04_frame/880.jpg 704 322 180 250 1040 388 214 466 646 526 270 448 222 382 810 798
videos.hw01/04_frame/881.jpg 30 154 78 0 438 86 60 132 192 60 32 82 182 68 100 224
videos.hw01/04_frame/882.jpg 266 200 98 110 646 386 104 252 468 480 108 254 108 152 414 408
videos.hw01/04_frame/883.jpg 76 146 60 26 962 526 106 174 716 526 78 226 188 232 196 252
videos.hw01/04_frame/884.jpg 94 128 120 198 1076 512 80 586 586 756 108 344 200 40 146 498
videos.hw01/04_frame/885.jpg 88 110 88 168 1366 578 120 362 792 756 140 370 0 26 240 442
videos.hw01/04_frame/886.jpg 184 324 250 94 520 166 90 72 708 406 82 74 342 368 338 1258
videos.hw01/04_frame/887.jpg 206 100 170 72 1052 570 252 378 1370 962 186 554 276 226 162 1050
videos.hw01/04_frame/888.jpg 176 76 148 42 1076 796 248 506 966 966 236 492 460 44 248 230
videos.hw01/04_frame/889.jpg 4692 6370 8244 9578 7990 7752 8290 8706 6482 3568 5974 5268 9004 6830 8158 8454
videos.hw01/04_frame/890.jpg 168 162 220 38 120 358 448 56 104 168 224 362 16 22 16 16
videos.hw01/04_frame/891.jpg 46 128 126 36 0 180 276 322 16 18 332 330 4 20 134 18
videos.hw01/04_frame/892.jpg 18 6 0 14 0 176 186 40 8 0 2 80 0 32 78 12
videos.hw01/04_frame/893.jpg 66 6 0 188 20 324 208 352 812 250 316 160 0 38 188 0
videos.hw01/04_frame/894.jpg 18 6 42 144 0 6 180 14 8 82 14 12 0 24 12 0
videos.hw01/04_frame/895.jpg 18 14 10 74 194 200 180 148 8 22 0 2 0 10 90 0
videos.hw01/04_frame/896.jpg 18 6 0 66 0 172 30 76 8 0 12 4 0 58 16 2
videos.hw01/04_frame/897.jpg 18 10 10 18 0 16 36 88 8 0 20 38 0 68 92 26
videos.hw01/04_frame/898.jpg 18 6 0 74 0 162 12 344 8 0 0 42 0 14 12 4
videos.hw01/04_frame/899.jpg 38 6 14 162 0 162 64 76 8 2 20 122 0 40 154 58
videos.hw01/04_frame/900.jpg 18 6 0 72 0 194 92 108 158 0 146 102 0 36 18 22
videos.hw01/04_frame/901.jpg 208 146 246 310 294 376 336 312 186 152 592 416 26 78 204 38
videos.hw01/04_frame/902.jpg 244 170 172 82 302 292 212 214 104 216 286 196 14 50 68 50
videos.hw01/04_frame/903.jpg 36 126 126 68 0 44 22 26 126 86 184 32 2 46 32 2
videos.hw01/04_frame/904.jpg 18 8 18 216 8 220 314 40 120 218 154 48 72 8 32 10
videos.hw01/04_frame/905.jpg 18 20 22 40 0 290 382 498 42 212 416 322 0 22 110 80
videos.hw01/04_frame/906.jpg 18 4 0 138 0 8 58 206 10 54 30 22 0 46 114 0
videos.hw01/04_frame/907.jpg 18 36 0 374 0 444 1040 622 10 506 442 800 0 44 16 2
videos.hw01/04_frame/908.jpg 18 0 2 540 2 612 388 206 12 1218 640 386 0 12 18 10
videos.hw01/04_frame/909.jpg 18 0 14 526 2 416 390 388 608 1256 802 594 0 0 24 8
videos.hw01/04_frame/910.jpg 48 0 0 186 10 218 120 788 1288 1290 236 196 0 66 16 92
videos.hw01/04_frame/911.jpg 18 0 0 14 10 28 52 258 128 156 10 174 0 0 16 14
videos.hw01/04_frame/912.jpg 18 2 0 156 14 306 68 308 1228 404 404 238 8 2 16 40
videos.hw01/04_frame/913.jpg 656 572 850 236 258 534 774 766 1604 360 518 878 158 382 384 164
videos.hw01/04_frame/914.jpg 672 514 910 222 296 822 954 684 722 766 688 602 242 240 552 280
videos.hw01/04_frame/915.jpg 896 684 822 368 592 378 840 954 962 670 1054 710 154 322 922 206
videos.hw01/04_frame/916.jpg 186 250 230 118 138 342 1072 788 646 380 510 884 120 364 504 186
videos.hw01/04_frame/917.jpg 654 554 1020 382 742 878 984 1446 526 668 834 868 454 402 540 216
videos.hw01/04_frame/918.jpg 812 710 716 826 426 946 1562 972 1202 348 712 1136 410 436 752 374
videos.hw01/04_frame/919.jpg 734 960 854 698 916 620 1174 652 1000 832 1062 1162 430 660 1316 546
videos.hw01/04_frame/920.jpg 654 768 690 962 724 640 972 462 1596 1162 908 702 388 542 1002 300
videos.hw01/04_frame/921.jpg 32 130 60 40 26 112 46 22 104 150 212 30 8 62 30 16
videos.hw01/04_frame/922.jpg 946 1142 1126 958 980 872 1450 656 950 586 876 1206 432 648 708 450
videos.hw01/04_frame/923.jpg 872 868 956 1000 978 976 1026 504 968 954 506 1052 342 528 774 274
videos.hw01/04_frame/924.jpg 880 1012 1112 800 446 1054 1090 686 1264 1192 742 1106 212 346 754 286
videos.hw01/04_frame/925.jpg 888 760 1206 1002 644 1152 738 772 1230 1482 728 948 106 452 560 388
videos.hw01/04_frame/926.jpg 354 38 158 366 174 98 192 236 190 196 248 130 4 40 162 94
videos.hw01/04_frame/927.jpg 1058 766 996 578 770 968 482 696 904 1610 1526 526 48 1014 718 314
videos.hw01/04_frame/928.jpg 714 746 1280 868 820 850 478 984 526 1030 1236 714 286 1070 1256 344
videos.hw01/04_frame/929.jpg 884 536 1300 746 496 558 826 534 332 816 1078 902 134 662 1088 664
videos.hw01/04_frame/930.jpg 556 518 864 748 678 478 754 534 674 530 830 928 52 338 1270 1078
videos.hw01/04_frame/931.jpg 724 312 296 318 214 298 306 666 46 350 302 122 52 484 228 222
videos.hw01/04_frame/932.jpg 800 664 1176 542 1054 498 1128 1176 830 712 746 854 74 486 698 1008
videos.hw01/04_frame/933.jpg 648 530 924 902 260 462 536 732 484 622 552 910 46 576 1322 894
videos.hw01/04_frame/934.jpg 834 852 1464 1176 490 712 604 1088 616 538 528 420 66 730 1186 886
videos.hw01/04_frame/935.jpg 344 458 832 438 606 734 782 866 276 278 344 468 12 446 568 754
videos.hw01/04_frame/936.jpg 116 102 72 306 12 22 68 118 20 62 80 16 0 84 226 94
videos.hw01/04_frame/937.jpg 1142 578 890 824 312 1176 424 866 546 426 484 312 14 660 644 838
videos.hw01/04_frame/938.jpg 400 210 1120 548 292 632 522 544 470 316 558 172 52 366 354 716
videos.hw01/04_frame/939.jpg 724 662 796 408 278 440 922 1102 820 408 822 154 12 254 1340 642
videos.hw01/04_frame/940.jpg 742 854 500 502 100 364 902 500 206 178 440 102 8 672 1048 792
videos.hw01/04_frame/941.jpg 162 56 34 184 174 52 134 28 30 176 144 88 18 12 224 218
videos.hw01/04_frame/942.jpg 486 642 730 548 414 496 368 600 312 354 398 144 46 396 874 650
videos.hw01/04_frame/943.jpg 104 98 414 150 48 164 94 164 180 162 324 42 16 374 340 704
videos.hw01/04_frame/944.jpg 54 96 404 104 154 296 322 218 478 198 188 56 8 104 262 720
videos.hw01/04_frame/945.jpg 12 56 178 236 16 56 610 454 14 32 190 32 2 20 328 440
videos.hw01/04_frame/946.jpg 256 262 598 528 212 608 346 690 118 104 180 92 28 156 462 346
videos.hw01/04_frame/947.jpg 470 432 1026 944 688 428 1074 1000 400 300 742 378 292 470 492 974
videos.hw01/04_frame/948.jpg 136 48 328 608 84 298 350 818 294 234 102 18 2 62 478 586
videos.hw01/04_frame/949.jpg 1358 862 900 1210 662 778 1096 1764 610 372 468 412 68 388 1076 832
videos.hw01/04_frame/950.jpg 134 136 130 636 100 114 474 834 194 56 188 56 70 120 474 618
videos.hw01/04_frame/951.jpg 64 50 98 744 30 44 46 488 6 16 66 10 8 80 168 64
videos.hw01/04_frame/952.jpg 114 36 198 408 86 274 202 448 46 126 130 32 8 46 196 256
videos.hw01/04_frame/953.jpg 60 28 158 290 36 56 390 522 6 6 72 8 0 0 30 354
videos.hw01/04_frame/954.jpg 102 24 284 446 58 62 456 366 22 34 42 14 36 34 68 276
videos.hw01/04_frame/955.jpg 132 66 244 94 110 272 208 370 374 32 12 4 0 16 30 548
videos.hw01/04_frame/956.jpg 64 60 62 12 192 44 70 106 18 22 44 12 0 6 32 86
videos.hw01/04_frame/957.jpg 180 46 222 770 38 158 678 1052 124 14 4 0 36 244 134 316
videos.hw01/04_frame/958.jpg 60 22 178 360 22 48 602 990 26 4 12 8 0 2 22 252
videos.hw01/04_frame/959.jpg 62 26 208 286 158 278 466 802 60 158 36 2 0 2 2 402
videos.hw01/04_frame/960.jpg 62 22 174 464 96 10 514 670 10 12 22 0 0 0 12 74
videos.hw01/04_frame/961.jpg 364 400 452 944 74 330 1066 1104 400 184 468 168 4 290 588 562
videos.hw01/04_frame/962.jpg 334 498 2646 2592 14 908 5902 5942 294 186 92 40 32 104 174 246
videos.hw01/04_frame/963.jpg 84 410 984 1172 158 376 702 1318 142 26 60 138 0 30 48 262
videos.hw01/04_frame/964.jpg 146 1434 2034 2308 136 1114 1590 1296 296 180 24 166 0 20 40 574
videos.hw01/04_frame/965.jpg 130 1376 3134 3350 76 484 912 1396 130 42 26 110 0 2 66 340
videos.hw01/04_frame/966.jpg 146 88 44 152 52 80 230 114 6 24 24 70 0 32 52 38
videos.hw01/04_frame/967.jpg 300 2070 5738 7630 118 1114 1876 2616 270 24 30 118 0 10 40 238
videos.hw01/04_frame/968.jpg 1752 6276 3840 1740 152 2686 2190 2338 170 24 28 22 0 176 38 76
videos.hw01/04_frame/969.jpg 2776 1866 3224 42 282 2944 2942 2184 226 40 48 126 0 176 38 78
videos.hw01/04_frame/970.jpg 5046 7398 0 42 2076 5528 1856 2202 8 82 464 180 0 176 38 72
videos.hw01/04_frame/971.jpg 30 92 0 0 50 30 32 174 6 26 24 20 0 176 38 14
videos.hw01/04_frame/972.jpg 2602 1878 0 0 4230 1444 2730 1724 96 288 610 20 0 176 38 182
videos.hw01/04_frame/973.jpg 4860 9504 9578 9600 3080 4098 4792 3618 506 1938 1042 46 48 188 242 224
videos.hw01/04_frame/974.jpg 7500 7070 5572 7448 4380 6414 7196 4610 3432 5218 5408 666 30 70 730 214
videos.hw01/04_frame/975.jpg 30 196 68 904 2216 1498 794 2888 4928 5624 6446 720 5002 5336 3972 536
videos.hw01/04_frame/976.jpg 676 930 542 440 126 748 346 236 344 342 376 298 82 254 382 652
videos.hw01/04_frame/977.jpg 132 22 76 328 292 686 508 704 1666 1786 458 220 5018 5066 3758 530
videos.hw01/04_frame/978.jpg 24 20 184 32 22 2 318 438 8 118 22 62 66 266 48 124
videos.hw01/04_frame/979.jpg 416 90 266 1004 364 654 736 624 246 212 394 56 22 334 302 490
videos.hw01/04_frame/980.jpg 138 62 220 188 288 142 380 872 104 280 62 16 18 112 190 156
videos.hw01/04_frame/981.jpg 60 74 118 42 26 18 190 32 16 70 24 26 0 16 18 178
videos.hw01/04_frame/982.jpg 294 298 294 468 156 576 298 494 206 270 310 62 2 164 110 158
videos.hw01/04_frame/983.jpg 24 16 234 22 12 0 78 330 20 44 6 30 0 188 22 162
videos.hw01/04_frame/984.jpg 222 198 88 52 4 502 390 318 266 296 218 114 0 214 240 188
videos.hw01/04_frame/985.jpg 228 376 522 164 186 376 402 150 198 230 230 140 12 138 216 320
videos.hw01/04_frame/986.jpg 306 378 122 92 260 372 326 166 182 374 148 58 42 170 236 338
videos.hw01/04_frame/987.jpg 420 82 170 680 140 302 284 98 40 230 224 16 18 88 68 202
videos.hw01/04_frame/988.jpg 650 214 60 234 200 148 162 42 34 206 282 24 4 212 114 248
videos.hw01/04_frame/989.jpg 144 110 88 58 42 232 338 96 252 190 70 10 0 30 18 262
videos.hw01/04_frame/990.jpg 296 108 426 68 172 258 516 116 204 112 132 32 2 16 124 326
videos.hw01/04_frame/991.jpg 124 304 346 180 440 702 520 616 184 400 538 108 0 380 504 184
videos.hw01/04_frame/992.jpg 396 468 308 178 264 420 544 346 56 186 530 48 6 148 234 454
videos.hw01/04_frame/993.jpg 34 168 52 36 28 30 216 188 32 122 30 16 0 98 190 150
videos.hw01/04_frame/994.jpg 158 240 258 280 18 342 180 150 20 40 34 28 8 174 144 120
videos.hw01/04_frame/995.jpg 14 112 150 92 98 152 186 68 46 26 72 4 0 96 76 218
videos.hw01/04_frame/996.jpg 38 232 210 192 4 410 428 182 96 128 54 38 20 42 114 96
videos.hw01/04_frame/997.jpg 272 452 274 198 174 522 562 278 204 260 514 142 26 264 330 228
videos.hw01/04_frame/998.jpg 76 348 260 116 56 138 300 146 212 180 260 26 16 126 252 112
videos.hw01/04_frame/999.jpg 60 76 172 260 20 42 100 24 16 42 60 24 8 28 78 248
videos.hw01/04_frame/1000.jpg 6 74 14 194 12 62 386 172 22 32 162 66 0 126 116 274
videos.hw01/04_frame/1001.jpg 66 204 136 68 32 0 34 98 18 42 58 4 0 10 78 70
videos.hw01/04_frame/1002.jpg 38 62 110 78 22 14 298 210 28 150 276 106 2 38 178 338
videos.hw01/04_frame/1003.jpg 4 20 46 2 0 354 226 8 82 26 198 34 0 26 208 354
videos.hw01/04_frame/1004.jpg 14 126 198 154 0 240 82 8 182 34 168 36 0 102 32 312
videos.hw01/04_frame/1005.jpg 448 570 494 446 250 740 640 380 346 184 386 154 82 426 560 562
videos.hw01/04_frame/1006.jpg 14 182 170 90 110 660 130 82 46 98 242 44 34 344 342 110
videos.hw01/04_frame/1007.jpg 48 288 198 164 92 380 260 172 128 116 112 48 20 338 348 296
videos.hw01/04_frame/1008.jpg 12 100 80 74 0 104 0 184 156 0 30 4 0 2 34 246
videos.hw01/04_frame/1009.jpg 442 368 724 716 214 1320 506 372 692 270 350 286 30 382 412 498
videos.hw01/04_frame/1010.jpg 178 256 100 78 90 256 154 134 102 144 154 36 40 42 170 278
videos.hw01/04_frame/1011.jpg 16 200 56 68 10 186 188 66 30 100 146 16 0 138 50 182
videos.hw01/04_frame/1012.jpg 236 102 162 300 32 118 32 164 10 22 146 12 32 98 74 126
videos.hw01/04_frame/1013.jpg 22 50 162 60 4 0 74 72 58 76 118 26 0 32 24 230
videos.hw01/04_frame/1014.jpg 12 86 20 46 26 18 180 42 44 96 132 48 0 16 156 550
videos.hw01/04_frame/1015.jpg 0 6 250 50 50 148 186 30 14 20 62 52 0 178 148 538
videos.hw01/04_frame/1016.jpg 0 2 32 22 6 0 106 114 16 68 8 26 0 20 24 178
videos.hw01/04_frame/1017.jpg 192 50 98 28 50 192 32 26 90 24 22 22 0 8 282 434
videos.hw01/04_frame/1018.jpg 128 86 20 2 44 166 72 28 30 44 74 160 0 34 216 690
videos.hw01/04_frame/1019.jpg 2 46 18 0 44 182 44 72 60 60 168 44 0 4 238 374
videos.hw01/04_frame/1020.jpg 130 58 160 36 46 166 28 136 26 20 138 80 0 8 264 444
videos.hw01/04_frame/1021.jpg 204 432 660 438 184 776 356 644 296 210 362 142 78 280 682 466
videos.hw01/04_frame/1022.jpg 128 142 330 212 24 112 224 66 122 224 100 68 72 66 386 410
videos.hw01/04_frame/1023.jpg 64 58 38 36 14 132 64 18 16 44 46 72 32 176 272 248
videos.hw01/04_frame/1024.jpg 80 72 60 14 32 250 90 22 0 40 178 72 0 86 276 332
videos.hw01/04_frame/1025.jpg 104 38 56 0 60 156 98 66 96 18 188 48 6 208 174 336
videos.hw01/04_frame/1026.jpg 82 138 180 156 30 156 144 48 10 30 258 44 2 14 62 228
videos.hw01/04_frame/1027.jpg 90 160 32 14 42 326 190 80 30 52 240 62 0 24 156 152
videos.hw01/04_frame/1028.jpg 0 20 44 212 16 18 184 0 6 22 74 114 0 12 162 280
videos.hw01/04_frame/1029.jpg 132 28 122 0 10 32 76 0 2 30 86 48 2 108 88 74
videos.hw01/04_frame/1030.jpg 10 36 96 8 46 50 42 0 48 62 112 44 32 36 106 230
videos.hw01/04_frame/1031.jpg 22 142 28 16 40 130 84 0 0 14 96 50 0 12 116 50
videos.hw01/04_frame/1032.jpg 0 58 230 24 10 86 358 2 0 14 74 56 0 6 56 102
videos.hw01/04_frame/1033.jpg 188 306 388 354 132 352 556 180 172 180 144 96 40 146 432 510
videos.hw01/04_frame/1034.jpg 508 536 664 502 198 282 596 286 242 296 578 140 208 182 646 584
videos.hw01/04_frame/1035.jpg 24 150 70 72 10 20 298 134 32 110 164 8 4 16 166 76
videos.hw01/04_frame/1036.jpg 2 10 76 70 70 156 48 84 158 80 66 10 20 80 224 230
videos.hw01/04_frame/1037.jpg 8 90 4 70 0 18 148 138 164 24 198 2 22 60 270 84
videos.hw01/04_frame/1038.jpg 14 72 4 452 156 70 174 120 58 158 4 6 18 34 174 36
videos.hw01/04_frame/1039.jpg 110 796 812 790 336 772 674 448 298 662 680 354 98 314 784 1114
videos.hw01/04_frame/1040.jpg 490 940 1380 344 1000 1454 2094 684 532 636 1180 420 454 650 1116 988
videos.hw01/04_frame/1041.jpg 946 1936 1366 738 1634 3218 1746 744 1624 1050 1378 590 380 1384 2424 1324
videos.hw01/04_frame/1042.jpg 4648 1770 1102 596 1894 3042 1552 2196 2676 1262 2000 738 476 1770 2476 1978
videos.hw01/04_frame/1043.jpg 5004 8964 9410 9598 8998 8790 9504 9548 8816 7326 9106 9568 9548 8020 9600 9590
videos.hw01/04_frame/1044.jpg 476 1052 4 308 150 814 46 328 72 1294 254 566 40 2070 0 228
videos.hw01/04_frame/1045.jpg 272 674 56 140 318 1076 18 490 192 816 702 742 258 1240 790 246
videos.hw01/04_frame/1046.jpg 448 650 692 492 1576 760 800 1174 776 218 400 480 464 640 538 408
videos.hw01/04_frame/1047.jpg 364 1308 1526 1708 1728 1308 5436 4038 984 704 5510 2822 648 248 6336 4104
videos.hw01/04_frame/1048.jpg 6608 7922 7576 7466 8520 8704 3268 3552 8464 7992 2734 5326 8240 8096 2360 5288
videos.hw01/04_frame/1049.jpg 7510 8460 9600 9600 8784 6714 8960 9424 7876 6424 7988 8912 7728 6754 8626 9262
videos.hw01/04_frame/1050.jpg 6932 9600 9600 9600 9416 9600 9600 9600 9600 9600 9600 9600 9600 9600 9600 9600
videos.hw01/04_frame/1051.jpg 2952 0 0 0 184 0 0 0 0 0 0 0 0 0 0 0
videos.hw01/04_frame/1052.jpg 0 0 0 0 0 0 0 0 0 0 0 0 0 0 0 0
