videos.hw01/04_frame/1.jpg 0 0 0 0 0 0 0 0 0 0 0 0 0 0 0 0
videos.hw01/04_frame/2.jpg 140 104 56 1800 63 116 1288 2395 0 35 348 1040 11 27 66 196
videos.hw01/04_frame/3.jpg 111 40 228 465 79 135 1434 1214 0 21 350 1278 8 28 44 177
videos.hw01/04_frame/4.jpg 105 83 154 245 85 134 772 1508 0 31 252 524 9 25 43 215
videos.hw01/04_frame/5.jpg 115 50 257 116 137 149 190 935 0 89 273 286 2 37 82 327
videos.hw01/04_frame/6.jpg 84 51 149 158 36 85 67 116 0 60 55 32 7 45 38 85
videos.hw01/04_frame/7.jpg 60 134 165 272 291 96 181 207 160 51 221 348 163 39 78 257
videos.hw01/04_frame/8.jpg 93 99 174 149 398 183 106 235 320 98 150 264 329 34 82 204
videos.hw01/04_frame/9.jpg 140 160 217 341 239 128 146 146 160 57 101 90 191 79 50 108
videos.hw01/04_frame/10.jpg 183 74 295 136 410 163 90 94 321 69 117 212 322 71 99 79
videos.hw01/04_frame/11.jpg 113 197 172 420 227 107 95 125 160 17 100 104 193 81 172 103
videos.hw01/04_frame/12.jpg 112 186 113 63 655 159 145 200 482 121 91 192 480 61 36 163
videos.hw01/04_frame/13.jpg 91 54 57 116 102 146 106 143 4 23 211 254 0 29 76 156
videos.hw01/04_frame/14.jpg 42 30 10 54 94 177 103 74 3 26 107 76 1 16 16 103
videos.hw01/04_frame/15.jpg 84 10 131 96 105 237 136 119 20 46 133 64 1 6 36 161
videos.hw01/04_frame/16.jpg 73 121 267 98 60 42 44 85 43 15 70 54 30 10 58 107
videos.hw01/04_frame/17.jpg 0 14 48 110 286 317 296 205 41 96 338 844 0 8 4 355
videos.hw01/04_frame/18.jpg 0 0 8 19 263 541 368 486 30 222 336 864 0 0 0 426
videos.hw01/04_frame/19.jpg 3590 3400 4092 6637 4123 1521 4144 3797 3873 1435 5389 4395 4577 4753 8326 6534
videos.hw01/04_frame/20.jpg 20 27 52 61 22 49 125 324 148 209 191 223 186 252 144 215
videos.hw01/04_frame/21.jpg 43 20 54 32 3 7 14 26 21 99 193 92 77 94 32 99
videos.hw01/04_frame/22.jpg 8 0 45 36 2 43 78 272 255 316 344 164 214 572 143 366
videos.hw01/04_frame/23.jpg 2 20 156 66 13 81 130 198 165 209 219 144 100 345 191 154
videos.hw01/04_frame/24.jpg 0 114 106 44 27 37 132 131 124 206 222 238 64 206 283 224
videos.hw01/04_frame/25.jpg 15 48 219 99 63 85 147 172 252 233 325 184 147 281 159 340
videos.hw01/04_frame/26.jpg 11 49 36 26 1 24 44 72 46 132 35 48 74 80 53 49
videos.hw01/04_frame/27.jpg 50 87 267 86 12 48 143 220 147 141 184 116 80 227 196 88
videos.hw01/04_frame/28.jpg 38 53 126 108 0 54 112 150 128 133 133 88 30 130 124 132
videos.hw01/04_frame/29.jpg 0 76 201 57 0 62 67 170 77 109 107 96 52 70 117 133
videos.hw01/04_frame/30.jpg 0 143 276 123 0 59 71 165 124 180 135 70 38 51 79 91
videos.hw01/04_frame/31.jpg 57 70 160 59 48 28 97 206 30 78 133 122 113 96 154 86
videos.hw01/04_frame/32.jpg 12 123 257 65 26 43 77 95 143 112 121 144 20 50 102 202
videos.hw01/04_frame/33.jpg 20 140 349 51 0 28 171 171 102 86 127 82 18 61 84 109
videos.hw01/04_frame/34.jpg 39 98 217 129 25 23 131 116 85 107 83 96 10 52 135 109
videos.hw01/04_frame/35.jpg 0 121 271 87 18 28 84 66 63 130 154 58 16 86 142 87
videos.hw01/04_frame/36.jpg 0 20 82 4 0 0 11 60 22 17 13 44 6 4 28 18
videos.hw01/04_frame/37.jpg 85 106 271 77 142 35 106 129 131 161 182 150 94 152 85 125
videos.hw01/04_frame/38.jpg 12 86 218 104 2 38 73 87 108 150 233 76 107 77 79 81
videos.hw01/04_frame/39.jpg 0 76 244 103 0 34 80 132 158 118 167 67 30 93 84 112
videos.hw01/04_frame/40.jpg 0 67 278 58 0 25 126 91 112 210 159 126 14 28 104 56
videos.hw01/04_frame/41.jpg 0 47 24 36 0 9 46 24 15 10 15 40 4 4 30 14
videos.hw01/04_frame/42.jpg 0 93 182 105 0 44 137 206 91 231 110 92 40 71 91 81
videos.hw01/04_frame/43.jpg 0 72 127 95 0 32 66 123 64 126 123 65 2 54 72 83
videos.hw01/04_frame/44.jpg 0 69 212 80 0 35 62 136 52 147 128 70 16 132 34 40
videos.hw01/04_frame/45.jpg 0 38 34 45 0 45 36 78 36 154 82 87 18 19 19 82
videos.hw01/04_frame/46.jpg 13 58 255 94 0 26 58 162 103 119 38 99 85 64 92 60
videos.hw01/04_frame/47.jpg 0 57 152 37 90 25 60 76 78 80 109 80 72 82 68 116
videos.hw01/04_frame/48.jpg 116 110 237 113 79 57 59 173 86 111 118 174 175 58 104 171
videos.hw01/04_frame/49.jpg 6 50 211 50 22 42 101 145 66 141 73 153 126 161 151 96
videos.hw01/04_frame/50.jpg 0 24 101 48 68 22 54 134 73 99 90 30 94 187 119 95
videos.hw01/04_frame/51.jpg 0 5 56 46 0 3 15 85 12 53 4 44 16 14 90 16
videos.hw01/04_frame/52.jpg 0 32 110 24 20 2 30 88 103 119 20 87 68 148 64 77
videos.hw01/04_frame/53.jpg 0 31 76 18 0 4 31 70 56 64 24 35 169 104 93 93
videos.hw01/04_frame/54.jpg 0 38 50 24 0 14 58 136 108 97 44 20 78 146 169 126
videos.hw01/04_frame/55.jpg 0 32 82 32 0 35 66 120 117 154 96 49 180 299 79 68
videos.hw01/04_frame/56.jpg 0 8 22 6 0 7 14 12 11 7 40 14 0 44 38 40
videos.hw01/04_frame/57.jpg 0 21 80 16 24 29 55 108 142 117 79 83 60 216 80 90
videos.hw01/04_frame/58.jpg 0 0 40 0 0 32 47 102 124 181 53 80 68 161 70 74
videos.hw01/04_frame/59.jpg 0 6 30 19 40 32 58 167 106 104 76 129 46 185 261 53
videos.hw01/04_frame/60.jpg 0 24 164 22 0 28 83 176 119 133 51 67 93 191 62 43
videos.hw01/04_frame/61.jpg 0 84 270 70 4 41 102 149 85 94 58 103 124 151 132 92
videos.hw01/04_frame/62.jpg 0 51 110 22 72 20 55 126 88 86 62 38 81 135 78 90
videos.hw01/04_frame/63.jpg 16 26 14 6 1 26 110 243 108 77 38 113 63 159 49 48
videos.hw01/04_frame/64.jpg 4 4 46 36 78 12 48 135 63 57 37 27 37 112 120 40
videos.hw01/04_frame/65.jpg 0 2 68 8 44 9 38 59 77 76 51 60 30 132 120 58
videos.hw01/04_frame/66.jpg 0 4 14 22 0 0 27 58 9 31 11 52 12 54 46 12
videos.hw01/04_frame/67.jpg 0 10 200 50 29 17 79 94 53 64 39 40 62 77 19 24
videos.hw01/04_frame/68.jpg 0 2 44 50 0 44 29 124 118 56 31 24 44 74 18 16
videos.hw01/04_frame/69.jpg 0 14 6 16 0 0 27 66 49 72 34 18 53 96 20 44
videos.hw01/04_frame/70.jpg 0 16 6 18 0 0 16 60 71 61 12 36 36 84 32 80
videos.hw01/04_frame/71.jpg 0 2 0 10 0 12 16 30 12 10 16 12 8 8 20 4
videos.hw01/04_frame/72.jpg 0 10 18 8 0 4 33 52 68 64 19 28 52 53 24 83
videos.hw01/04_frame/73.jpg 0 58 127 61 33 14 82 115 54 96 69 75 130 156 50 106
videos.hw01/04_frame/74.jpg 0 12 54 13 35 19 34 68 40 65 41 70 66 59 71 33
videos.hw01/04_frame/75.jpg 0 8 18 6 18 6 8 46 30 41 14 34 54 4 84 56
videos.hw01/04_frame/76.jpg 20 41 111 35 36 19 46 141 47 32 31 58 59 104 177 64
videos.hw01/04_frame/77.jpg 186 71 240 64 219 78 92 187 113 70 43 174 111 203 94 176
videos.hw01/04_frame/78.jpg 54 26 43 56 4 3 22 64 35 9 23 30 28 36 36 57
videos.hw01/04_frame/79.jpg 31 28 58 54 158 35 92 143 111 90 122 104 98 70 113 65
videos.hw01/04_frame/80.jpg 0 11 28 52 57 0 15 32 27 16 6 8 32 70 26 29
videos.hw01/04_frame/81.jpg 36 6 10 2 27 0 4 8 25 2 6 16 2 2 27 24
videos.hw01/04_frame/82.jpg 12 22 58 22 27 7 26 102 64 21 5 14 48 32 24 30
videos.hw01/04_frame/83.jpg 12 5 16 5 35 13 44 69 25 46 14 22 43 120 36 39
videos.hw01/04_frame/84.jpg 0 15 8 22 32 17 48 80 37 38 18 12 33 57 40 27
videos.hw01/04_frame/85.jpg 36 137 146 77 24 27 105 129 100 67 114 134 129 79 96 98
videos.hw01/04_frame/86.jpg 50 10 19 38 29 32 27 55 32 47 19 44 89 26 24 32
videos.hw01/04_frame/87.jpg 49 26 0 14 13 18 50 42 35 53 22 20 28 27 35 17
videos.hw01/04_frame/88.jpg 5500 6019 7419 3062 7364 4673 5466 4387 6926 3141 4083 5077 2604 2080 4645 1683
videos.hw01/04_frame/89.jpg 0 96 30 104 1119 2003 711 1028 859 878 536 988 136 75 52 74
videos.hw01/04_frame/90.jpg 0 163 194 1196 658 3121 3812 721 2016 1325 1072 2096 151 81 64 222
videos.hw01/04_frame/91.jpg 0 14 24 57 22 70 20 90 43 95 120 92 25 10 10 28
videos.hw01/04_frame/92.jpg 0 169 68 1102 1474 1438 2156 3746 1312 1270 3275 3120 133 44 40 762
videos.hw01/04_frame/93.jpg 0 60 126 418 918 3159 3764 3734 1960 3620 2802 6433 108 81 34 294
videos.hw01/04_frame/94.jpg 0 146 912 1620 944 3364 3424 5044 2079 1966 1972 2135 114 80 4 600
videos.hw01/04_frame/95.jpg 0 204 928 944 1902 3618 2124 2958 3745 1422 2171 1101 104 84 46 96
videos.hw01/04_frame/96.jpg 0 0 28 50 40 114 82 114 74 56 32 66 5 17 8 12
videos.hw01/04_frame/97.jpg 0 424 1256 1430 2106 6230 4930 1748 2850 2068 2596 1266 82 78 83 156
videos.hw01/04_frame/98.jpg 0 238 1776 1764 1373 5778 5898 8416 640 5574 2650 4491 86 101 94 273
videos.hw01/04_frame/99.jpg 0 140 1094 2001 1842 2358 2935 2310 558 1772 2925 6126 148 44 108 990
videos.hw01/04_frame/100.jpg 0 180 616 612 1480 506 520 1728 1360 1696 2308 3512 128 720 2617 2157
videos.hw01/04_frame/101.jpg 0 8 22 6 50 36 72 40 74 62 89 100 28 28 12 14
videos.hw01/04_frame/102.jpg 0 122 404 473 1174 435 978 1910 962 2404 4245 4544 93 663 3069 3334
videos.hw01/04_frame/103.jpg 0 42 322 225 1000 219 2111 1704 818 1058 2609 1853 82 72 1824 4626
videos.hw01/04_frame/104.jpg 0 4 100 55 475 229 474 1322 554 2128 1222 4373 22 169 684 1222
videos.hw01/04_frame/105.jpg 0 18 228 104 1031 354 518 1702 204 1180 2802 2883 61 188 1156 2520
videos.hw01/04_frame/106.jpg 0 28 142 116 210 156 260 93 65 128 204 147 56 150 135 60
videos.hw01/04_frame/107.jpg 0 72 274 204 1159 699 654 2024 72 58 70 915 57 62 688 2705
videos.hw01/04_frame/108.jpg 0 98 386 360 995 592 886 1481 141 28 24 575 49 89 40 1633
videos.hw01/04_frame/109.jpg 0 160 322 454 1002 555 1435 755 183 74 260 524 72 100 77 246
videos.hw01/04_frame/110.jpg 0 284 308 456 809 697 1201 823 217 12 113 585 113 85 60 150
videos.hw01/04_frame/111.jpg 2 36 38 24 83 68 87 152 36 6 4 27 16 14 26 6
videos.hw01/04_frame/112.jpg 66 244 228 370 688 508 1030 862 140 114 275 521 93 70 53 214
videos.hw01/04_frame/113.jpg 86 152 276 174 285 300 576 414 55 48 77 358 21 21 60 46
videos.hw01/04_frame/114.jpg 16 72 156 98 100 124 446 342 26 20 159 110 49 18 38 32
videos.hw01/04_frame/115.jpg 34 64 104 992 103 123 261 106 38 8 20 109 4 6 44 24
videos.hw01/04_frame/116.jpg 2 8 36 148 46 136 25 130 18 0 50 12 10 12 20 34
videos.hw01/04_frame/117.jpg 58 122 50 28 102 124 177 166 12 96 276 189 12 46 64 29
videos.hw01/04_frame/118.jpg 68 184 158 152 211 274 327 126 88 50 87 326 58 62 24 47
videos.hw01/04_frame/119.jpg 26 226 296 386 274 447 712 146 105 14 58 386 77 99 63 144
videos.hw01/04_frame/120.jpg 14 208 1172 796 562 997 2114 1122 192 100 327 600 99 130 245 179
videos.hw01/04_frame/121.jpg 0 24 88 154 63 156 160 166 85 228 482 83 44 110 121 137
videos.hw01/04_frame/122.jpg 14 72 574 908 745 1967 1542 1081 298 108 244 612 146 229 174 189
videos.hw01/04_frame/123.jpg 0 270 452 267 388 1002 881 578 277 218 200 264 163 256 265 189
videos.hw01/04_frame/124.jpg 0 200 268 338 865 967 850 255 301 138 308 560 134 144 192 247
videos.hw01/04_frame/125.jpg 0 214 288 419 830 551 392 500 430 158 142 524 183 201 270 284
videos.hw01/04_frame/126.jpg 0 0 6 14 32 53 78 12 40 20 10 32 30 32 43 54
videos.hw01/04_frame/127.jpg 0 256 378 524 320 235 469 562 461 286 212 656 218 277 340 305
videos.hw01/04_frame/128.jpg 0 274 324 816 363 446 438 462 356 144 226 552 124 300 260 312
videos.hw01/04_frame/129.jpg 0 266 510 906 403 456 170 742 370 116 222 576 152 362 273 397
videos.hw01/04_frame/130.jpg 0 270 588 928 395 653 267 790 426 206 412 605 312 325 293 329
videos.hw01/04_frame/131.jpg 0 0 10 36 22 31 24 58 4 38 64 29 18 17 36 8
videos.hw01/04_frame/132.jpg 0 256 406 780 284 618 337 750 364 263 480 624 319 531 384 348
videos.hw01/04_frame/133.jpg 0 208 386 568 186 749 341 1056 460 310 684 523 354 423 503 338
videos.hw01/04_frame/134.jpg 0 136 518 338 202 751 460 1050 494 419 613 768 168 411 408 474
videos.hw01/04_frame/135.jpg 702 356 778 540 354 862 624 1036 532 670 658 721 236 568 543 556
videos.hw01/04_frame/136.jpg 0 12 36 4 0 20 48 24 10 30 30 122 29 25 42 34
videos.hw01/04_frame/137.jpg 1941 2322 1594 1551 472 758 748 1034 480 459 897 630 221 437 515 620
videos.hw01/04_frame/138.jpg 1925 2181 1985 1451 480 819 446 1016 240 475 789 377 403 428 725 496
videos.hw01/04_frame/139.jpg 2359 2173 1338 1312 442 707 547 1238 300 503 749 401 249 467 462 751
videos.hw01/04_frame/140.jpg 2076 2674 1274 830 358 654 437 1022 404 420 804 522 281 517 825 436
videos.hw01/04_frame/141.jpg 44 58 67 15 2 28 74 114 18 20 20 22 26 44 107 22
videos.hw01/04_frame/142.jpg 1055 1668 1147 444 174 378 545 536 168 1032 605 472 349 564 536 137
videos.hw01/04_frame/143.jpg 1690 1415 1135 956 898 795 650 748 134 633 644 374 195 226 518 54
videos.hw01/04_frame/144.jpg 1359 896 1444 1207 689 765 634 766 262 603 447 508 354 468 633 94
videos.hw01/04_frame/145.jpg 1049 1107 1011 1184 534 729 533 657 218 299 418 361 311 379 409 48
videos.hw01/04_frame/146.jpg 40 42 75 54 24 43 65 20 12 63 60 32 35 176 87 6
videos.hw01/04_frame/147.jpg 898 939 630 794 391 492 325 515 140 417 301 571 371 344 572 86
videos.hw01/04_frame/148.jpg 1365 829 854 474 346 458 735 443 84 238 314 353 429 459 353 296
videos.hw01/04_frame/149.jpg 661 1107 566 791 409 360 326 383 144 400 388 253 242 306 362 201
videos.hw01/04_frame/150.jpg 680 717 468 491 353 465 245 270 134 340 455 204 203 355 241 83
videos.hw01/04_frame/151.jpg 54 104 88 63 39 60 174 64 10 247 93 98 130 223 102 18
videos.hw01/04_frame/152.jpg 346 340 324 502 229 372 304 220 88 207 310 274 176 211 283 128
videos.hw01/04_frame/153.jpg 184 482 223 451 189 322 379 222 32 284 322 228 144 243 184 133
videos.hw01/04_frame/154.jpg 150 398 218 487 215 266 266 193 38 562 365 240 209 208 269 77
videos.hw01/04_frame/155.jpg 134 299 197 272 131 139 189 169 28 505 279 148 118 195 179 109
videos.hw01/04_frame/156.jpg 8 16 20 51 10 37 35 7 0 10 28 52 34 54 24 24
videos.hw01/04_frame/157.jpg 100 268 119 177 132 205 259 61 80 213 218 130 100 238 144 30
videos.hw01/04_frame/158.jpg 73 83 43 118 144 94 62 17 40 202 109 50 58 58 34 30
videos.hw01/04_frame/159.jpg 112 322 90 100 218 246 113 19 36 203 184 90 18 10 74 37
videos.hw01/04_frame/160.jpg 95 211 70 56 146 154 176 90 28 43 83 142 31 41 49 33
videos.hw01/04_frame/161.jpg 12 46 15 39 13 62 20 11 4 57 82 38 16 0 54 22
videos.hw01/04_frame/162.jpg 94 116 31 73 90 118 129 38 18 130 166 96 43 47 21 48
videos.hw01/04_frame/163.jpg 14 66 22 53 65 71 98 37 8 126 91 88 14 36 25 16
videos.hw01/04_frame/164.jpg 118 401 111 189 109 176 155 105 46 195 164 126 270 286 147 34
videos.hw01/04_frame/165.jpg 122 218 55 36 152 215 95 6 8 20 58 60 32 25 8 4
videos.hw01/04_frame/166.jpg 58 76 46 42 27 58 46 39 10 110 138 60 34 48 131 18
videos.hw01/04_frame/167.jpg 111 176 86 144 164 188 168 71 6 63 92 84 6 22 22 24
videos.hw01/04_frame/168.jpg 161 448 128 143 347 408 216 54 18 99 36 152 14 42 25 29
videos.hw01/04_frame/169.jpg 214 329 139 246 470 336 289 56 36 139 344 152 54 69 95 30
videos.hw01/04_frame/170.jpg 130 313 135 176 199 443 179 57 24 68 86 94 50 63 79 20
videos.hw01/04_frame/171.jpg 12 44 22 40 34 79 47 7 6 37 4 24 51 6 21 10
videos.hw01/04_frame/172.jpg 92 84 92 110 137 82 172 47 22 114 60 68 52 5 50 16
videos.hw01/04_frame/173.jpg 50 26 106 163 83 45 41 87 20 119 134 70 38 4 6 20
videos.hw01/04_frame/174.jpg 90 166 64 92 93 79 126 35 4 271 122 76 36 17 14 16
videos.hw01/04_frame/175.jpg 98 104 73 137 101 168 155 28 16 66 156 38 76 22 18 14
videos.hw01/04_frame/176.jpg 2 40 12 18 9 24 127 12 2 18 6 30 30 4 0 4
videos.hw01/04_frame/177.jpg 2 38 82 45 74 55 45 77 34 39 52 8 32 26 31 4
videos.hw01/04_frame/178.jpg 26 48 49 46 46 43 40 48 46 201 96 108 8 26 16 12
videos.hw01/04_frame/179.jpg 0 14 131 44 54 53 167 24 14 67 198 152 6 26 47 17
videos.hw01/04_frame/180.jpg 6 4 34 48 33 39 123 22 12 132 140 44 6 10 44 34
videos.hw01/04_frame/181.jpg 94 121 83 239 59 137 195 32 46 236 172 168 61 144 103 30
videos.hw01/04_frame/182.jpg 40 30 33 56 71 114 67 25 36 126 156 222 56 99 94 48
videos.hw01/04_frame/183.jpg 98 96 85 44 160 171 88 38 8 197 253 132 19 14 62 52
videos.hw01/04_frame/184.jpg 112 134 71 58 214 140 126 16 82 453 200 162 5 38 95 37
videos.hw01/04_frame/185.jpg 142 124 107 26 181 175 222 19 98 241 363 168 22 4 37 48
videos.hw01/04_frame/186.jpg 6 32 8 4 20 18 21 13 2 174 28 2 18 2 13 14
videos.hw01/04_frame/187.jpg 117 144 20 17 264 158 119 24 109 226 215 88 38 48 61 33
videos.hw01/04_frame/188.jpg 137 134 42 38 114 153 120 22 117 421 143 114 0 4 30 67
videos.hw01/04_frame/189.jpg 100 102 72 54 203 172 57 23 100 193 167 160 0 4 54 41
videos.hw01/04_frame/190.jpg 116 110 58 124 232 130 71 18 41 181 96 140 0 4 24 14
videos.hw01/04_frame/191.jpg 12 42 12 40 18 34 18 31 20 30 28 40 0 4 3 6
videos.hw01/04_frame/192.jpg 149 116 78 178 289 104 79 32 43 101 97 22 6 12 58 14
videos.hw01/04_frame/193.jpg 142 192 232 156 204 394 186 91 68 434 190 158 104 183 257 81
videos.hw01/04_frame/194.jpg 147 171 85 154 112 360 174 34 43 262 62 26 54 113 167 8
videos.hw01/04_frame/195.jpg 162 308 169 236 134 353 183 44 32 215 66 32 32 32 17 10
videos.hw01/04_frame/196.jpg 30 76 36 39 53 64 69 18 6 86 90 110 2 43 22 0
videos.hw01/04_frame/197.jpg 178 182 135 156 410 370 170 38 24 212 108 8 4 22 6 0
videos.hw01/04_frame/198.jpg 410 312 217 174 595 1204 270 66 30 209 98 108 4 22 0 21
videos.hw01/04_frame/199.jpg 582 328 284 199 483 601 480 94 61 227 229 250 78 89 158 38
videos.hw01/04_frame/200.jpg 432 540 149 144 178 576 389 83 8 63 79 16 14 6 23 10
videos.hw01/04_frame/201.jpg 10 38 21 16 18 51 42 6 0 55 72 16 6 0 8 0
videos.hw01/04_frame/202.jpg 324 352 129 206 246 695 432 87 41 118 86 4 20 20 44 0
videos.hw01/04_frame/203.jpg 286 192 141 177 245 222 394 72 23 148 67 30 4 13 2 0
videos.hw01/04_frame/204.jpg 184 184 80 260 181 194 152 19 25 85 111 10 14 56 0 0
videos.hw01/04_frame/205.jpg 163 90 108 158 114 81 237 94 28 71 176 50 38 45 81 16
videos.hw01/04_frame/206.jpg 8 36 62 40 26 30 85 41 17 69 38 26 50 40 65 28
videos.hw01/04_frame/207.jpg 55 85 158 136 211 104 87 73 14 83 74 6 36 18 48 42
videos.hw01/04_frame/208.jpg 101 120 120 64 82 66 128 80 22 120 148 58 58 66 71 22
videos.hw01/04_frame/209.jpg 63 96 86 122 59 58 105 57 28 215 98 10 24 37 24 30
videos.hw01/04_frame/210.jpg 146 60 119 74 93 90 65 29 16 55 38 4 12 60 31 8
videos.hw01/04_frame/211.jpg 24 96 105 175 101 48 126 18 26 109 116 130 42 214 43 36
videos.hw01/04_frame/212.jpg 96 71 102 40 80 112 78 16 10 28 102 34 28 171 23 6
videos.hw01/04_frame/213.jpg 4487 4252 6035 5356 5084 6771 3395 2898 2349 6911 2400 2680 5799 7476 5112 6699
videos.hw01/04_frame/214.jpg 28 80 42 8 48 171 48 50 13 75 80 30 2 90 174 48
videos.hw01/04_frame/215.jpg 31 131 86 44 49 182 132 164 8 12 24 16 0 0 38 40
videos.hw01/04_frame/216.jpg 2 6 4 0 20 43 42 14 2 2 32 0 0 0 40 0
videos.hw01/04_frame/217.jpg 120 119 117 150 78 315 253 314 44 65 97 66 24 38 100 52
videos.hw01/04_frame/218.jpg 113 189 153 90 104 338 305 184 36 65 15 6 24 8 2 8
videos.hw01/04_frame/219.jpg 117 251 114 48 90 249 225 142 66 53 16 14 0 0 0 24
videos.hw01/04_frame/220.jpg 119 107 85 37 50 181 144 74 40 20 58 28 2 0 0 28
videos.hw01/04_frame/221.jpg 10 56 15 13 8 66 22 20 10 18 4 4 160 0 0 8
videos.hw01/04_frame/222.jpg 57 103 92 55 89 142 177 98 26 19 59 28 6 34 66 8
videos.hw01/04_frame/223.jpg 18 116 142 130 71 166 298 120 60 59 22 36 0 14 40 10
videos.hw01/04_frame/224.jpg 72 221 205 245 103 376 292 162 40 94 30 60 58 8 2 50
videos.hw01/04_frame/225.jpg 131 264 365 512 184 273 343 164 52 26 20 12 136 0 0 10
videos.hw01/04_frame/226.jpg 52 67 60 47 62 93 30 66 47 65 24 30 196 14 6 32
videos.hw01/04_frame/227.jpg 100 301 357 955 139 636 501 160 18 84 25 8 2 4 22 50
videos.hw01/04_frame/228.jpg 144 250 521 458 245 779 277 416 50 21 12 16 166 28 0 16
videos.hw01/04_frame/229.jpg 120 188 849 583 172 451 347 382 46 95 69 62 20 28 44 68
videos.hw01/04_frame/230.jpg 89 147 671 502 110 489 168 506 12 46 29 96 176 40 46 20
videos.hw01/04_frame/231.jpg 16 39 41 28 21 27 19 72 4 21 11 8 28 2 6 8
videos.hw01/04_frame/232.jpg 32 213 233 207 66 295 188 596 26 18 0 20 66 0 48 12
videos.hw01/04_frame/233.jpg 39 115 268 303 47 198 146 350 4 6 14 0 58 0 0 8
videos.hw01/04_frame/234.jpg 30 125 431 360 30 205 182 186 0 2 2 8 18 0 0 8
videos.hw01/04_frame/235.jpg 36 76 389 392 35 211 263 78 64 71 28 36 68 16 6 154
videos.hw01/04_frame/236.jpg 8 24 25 16 31 84 12 26 16 77 2 22 10 22 0 48
videos.hw01/04_frame/237.jpg 77 208 373 612 53 1070 382 448 60 116 39 80 46 12 26 42
videos.hw01/04_frame/238.jpg 222 438 517 805 178 545 485 1044 22 11 21 12 14 0 0 8
videos.hw01/04_frame/239.jpg 494 594 695 564 221 512 680 686 49 10 14 0 26 0 0 8
videos.hw01/04_frame/240.jpg 346 388 732 254 239 371 834 478 75 61 19 20 26 36 44 8
videos.hw01/04_frame/241.jpg 93 134 57 72 64 196 65 64 90 66 52 60 270 28 78 84
videos.hw01/04_frame/242.jpg 240 357 363 183 151 347 468 276 54 115 142 98 100 100 52 88
videos.hw01/04_frame/243.jpg 115 254 181 144 78 172 277 208 87 30 24 20 12 24 42 110
videos.hw01/04_frame/244.jpg 172 141 143 94 82 239 117 93 9 95 74 86 10 6 14 94
videos.hw01/04_frame/245.jpg 132 75 119 123 74 199 69 127 78 4 14 42 26 4 0 76
videos.hw01/04_frame/246.jpg 18 29 31 48 8 42 21 50 0 11 64 12 0 16 0 26
videos.hw01/04_frame/247.jpg 104 113 246 157 56 151 233 112 98 92 10 12 8 68 44 46
videos.hw01/04_frame/248.jpg 200 313 418 164 131 280 483 234 65 34 26 12 36 0 0 0
videos.hw01/04_frame/249.jpg 173 287 388 221 127 247 463 255 68 58 28 12 54 18 150 44
videos.hw01/04_frame/250.jpg 243 256 209 138 92 116 211 183 92 37 70 44 56 84 32 32
videos.hw01/04_frame/251.jpg 10 45 43 8 12 24 46 32 37 18 10 12 30 28 2 14
videos.hw01/04_frame/252.jpg 108 162 150 131 73 188 82 67 52 110 18 38 44 20 100 48
videos.hw01/04_frame/253.jpg 125 201 231 178 106 310 349 184 60 180 155 80 50 82 68 90
videos.hw01/04_frame/254.jpg 69 145 124 186 64 126 219 75 90 41 28 82 108 46 92 44
videos.hw01/04_frame/255.jpg 26 107 78 122 54 94 66 50 36 32 40 18 0 8 40 0
videos.hw01/04_frame/256.jpg 110 72 80 73 65 152 28 70 88 66 52 54 36 38 62 10
videos.hw01/04_frame/257.jpg 17 91 72 54 18 122 26 50 8 56 26 16 6 30 40 90
videos.hw01/04_frame/258.jpg 88 99 98 58 86 111 63 86 187 24 58 52 28 56 118 92
videos.hw01/04_frame/259.jpg 105 150 90 69 125 189 163 139 175 120 143 50 302 84 260 158
videos.hw01/04_frame/260.jpg 27 77 57 50 58 24 116 30 34 18 0 12 14 2 18 34
videos.hw01/04_frame/261.jpg 5 20 19 31 10 10 0 32 14 48 8 2 8 2 4 6
videos.hw01/04_frame/262.jpg 63 77 15 28 37 55 54 41 16 29 50 2 0 4 4 6
videos.hw01/04_frame/263.jpg 32 111 36 8 24 38 44 23 8 24 0 0 0 4 4 48
videos.hw01/04_frame/264.jpg 5217 5090 5518 4138 4851 4919 3078 3000 1930 6996 2156 3238 6221 8188 3601 6986
videos.hw01/04_frame/265.jpg 50 44 50 75 51 108 91 50 23 62 94 62 18 34 64 66
videos.hw01/04_frame/266.jpg 50 18 113 56 57 17 63 21 28 62 14 2 45 21 47 6
videos.hw01/04_frame/267.jpg 36 14 22 40 38 45 79 46 19 90 18 2 16 14 4 8
videos.hw01/04_frame/268.jpg 22 4 28 44 93 12 57 30 91 92 58 10 8 6 0 4
videos.hw01/04_frame/269.jpg 0 0 20 46 6 5 59 32 48 49 0 2 50 0 8 2
videos.hw01/04_frame/270.jpg 4 22 14 40 32 0 40 19 84 62 28 2 0 4 36 2
videos.hw01/04_frame/271.jpg 8 133 12 78 49 30 49 44 38 56 46 8 84 20 0 4
videos.hw01/04_frame/272.jpg 0 14 12 4 0 25 32 11 109 65 48 0 32 6 12 0
videos.hw01/04_frame/273.jpg 44 50 34 30 67 77 88 31 106 193 78 48 16 6 47 22
videos.hw01/04_frame/274.jpg 46 28 6 34 36 79 85 65 224 169 188 60 20 10 95 54
videos.hw01/04_frame/275.jpg 50 68 52 10 35 15 53 74 161 108 210 90 2 20 57 64
videos.hw01/04_frame/276.jpg 24 20 28 30 15 2 8 8 10 18 50 10 12 2 21 38
videos.hw01/04_frame/277.jpg 20 50 73 70 39 143 197 48 160 268 140 74 71 90 69 52
videos.hw01/04_frame/278.jpg 16 22 56 82 12 34 92 55 131 191 178 84 31 12 69 20
videos.hw01/04_frame/279.jpg 4 30 34 46 12 82 46 60 169 246 88 88 22 14 56 42
videos.hw01/04_frame/280.jpg 46 122 47 62 52 35 66 66 91 263 50 78 18 4 33 18
videos.hw01/04_frame/281.jpg 2 14 6 26 9 8 28 4 36 19 8 22 44 4 20 14
videos.hw01/04_frame/282.jpg 46 46 36 56 47 81 73 21 96 163 104 60 26 36 32 14
videos.hw01/04_frame/283.jpg 42 62 42 38 65 67 91 40 62 90 32 20 34 0 34 8
videos.hw01/04_frame/284.jpg 32 34 54 48 36 43 166 48 45 96 84 36 17 2 62 36
videos.hw01/04_frame/285.jpg 32 38 8 42 73 45 61 52 38 147 46 4 14 42 28 14
videos.hw01/04_frame/286.jpg 12 72 24 48 60 48 61 27 75 150 104 66 38 34 80 12
videos.hw01/04_frame/287.jpg 2 18 26 88 26 67 74 33 65 150 22 38 12 6 28 34
videos.hw01/04_frame/288.jpg 10 40 26 46 57 85 57 44 65 153 58 50 18 13 31 24
videos.hw01/04_frame/289.jpg 48 126 67 74 50 167 84 107 132 124 108 32 57 75 51 8
videos.hw01/04_frame/290.jpg 44 6 32 22 45 22 62 80 120 164 88 64 50 24 8 14
videos.hw01/04_frame/291.jpg 2 2 26 16 10 16 30 25 32 37 12 18 46 24 8 8
videos.hw01/04_frame/292.jpg 30 4 14 0 49 34 90 137 169 182 226 146 18 28 28 28
videos.hw01/04_frame/293.jpg 36 143 65 116 25 100 112 304 155 235 222 274 135 185 142 66
videos.hw01/04_frame/294.jpg 8 0 14 84 13 8 78 66 126 172 208 266 30 6 94 20
videos.hw01/04_frame/295.jpg 8 0 2 0 4 6 62 48 264 369 252 474 18 0 73 20
videos.hw01/04_frame/296.jpg 4 0 0 0 0 0 12 2 6 22 40 28 0 0 6 0
videos.hw01/04_frame/297.jpg 0 0 2 2 4 4 37 54 252 324 172 484 0 0 50 26
videos.hw01/04_frame/298.jpg 0 0 2 2 14 62 55 27 222 381 234 799 0 0 26 34
videos.hw01/04_frame/299.jpg 0 0 16 0 69 51 68 72 169 246 138 536 0 0 74 60
videos.hw01/04_frame/300.jpg 14 24 0 36 46 100 98 21 136 161 366 1076 0 18 55 34
videos.hw01/04_frame/301.jpg 24 55 92 110 44 114 92 117 121 91 74 68 83 203 105 50
videos.hw01/04_frame/302.jpg 20 42 49 30 148 61 65 141 104 108 824 489 44 16 40 24
videos.hw01/04_frame/303.jpg 90 54 54 74 52 66 66 34 66 96 320 180 32 4 50 52
videos.hw01/04_frame/304.jpg 30 34 22 44 38 90 47 24 75 155 198 82 20 6 18 28
videos.hw01/04_frame/305.jpg 54 26 52 60 70 90 25 67 79 158 156 100 18 0 10 10
videos.hw01/04_frame/306.jpg 8 0 0 14 71 13 6 18 22 44 64 40 18 0 0 22
videos.hw01/04_frame/307.jpg 24 12 26 78 36 28 27 69 96 71 222 152 18 0 15 28
videos.hw01/04_frame/308.jpg 22 46 27 56 25 22 42 39 43 74 328 197 18 0 41 34
videos.hw01/04_frame/309.jpg 22 28 18 61 32 19 63 81 152 116 228 150 18 0 34 32
videos.hw01/04_frame/310.jpg 14 14 20 28 10 10 79 33 131 70 170 174 18 0 34 16
videos.hw01/04_frame/311.jpg 4 0 28 26 14 12 26 14 32 14 116 84 18 0 0 4
videos.hw01/04_frame/312.jpg 4 8 26 16 0 50 52 127 194 144 294 318 18 2 48 42
videos.hw01/04_frame/313.jpg 42 44 44 110 64 66 120 75 177 118 860 458 48 30 84 70
videos.hw01/04_frame/314.jpg 16 26 53 72 25 42 186 336 134 149 372 583 46 16 73 74
videos.hw01/04_frame/315.jpg 0 38 22 8 0 4 189 195 106 195 182 52 30 4 76 80
videos.hw01/04_frame/316.jpg 18 66 48 87 45 53 54 44 34 85 54 44 20 20 30 18
videos.hw01/04_frame/317.jpg 22 66 14 58 0 30 35 22 83 97 114 42 18 6 21 82
videos.hw01/04_frame/318.jpg 18 48 10 28 50 39 48 126 78 238 136 86 16 0 18 48
videos.hw01/04_frame/319.jpg 32 104 80 140 45 77 111 90 72 288 224 108 58 122 78 66
videos.hw01/04_frame/320.jpg 38 110 33 8 92 80 88 134 40 150 36 78 28 7 4 0
videos.hw01/04_frame/321.jpg 2 2 0 8 12 24 14 24 16 62 2 14 16 7 2 2
videos.hw01/04_frame/322.jpg 66 89 131 112 48 127 234 75 103 167 202 158 122 153 184 44
videos.hw01/04_frame/323.jpg 54 38 34 30 72 86 97 163 18 158 54 128 21 37 28 14
videos.hw01/04_frame/324.jpg 32 78 18 32 62 66 104 60 54 159 94 44 0 2 26 12
videos.hw01/04_frame/325.jpg 76 104 54 136 100 73 166 53 185 107 170 88 66 82 126 22
videos.hw01/04_frame/326.jpg 22 30 36 36 17 108 42 49 27 58 56 20 50 64 19 14
videos.hw01/04_frame/327.jpg 52 46 54 22 76 114 97 55 94 158 84 126 23 10 4 24
videos.hw01/04_frame/328.jpg 32 50 56 66 57 106 68 121 47 187 52 92 0 6 14 26
videos.hw01/04_frame/329.jpg 20 54 28 30 124 72 38 102 52 120 82 78 4 8 14 36
videos.hw01/04_frame/330.jpg 38 24 16 48 58 31 90 78 82 92 64 182 0 8 35 14
videos.hw01/04_frame/331.jpg 8 44 50 42 14 63 28 22 26 60 72 80 24 20 72 16
videos.hw01/04_frame/332.jpg 26 21 54 20 124 19 42 52 84 61 72 136 0 12 36 12
videos.hw01/04_frame/333.jpg 12 26 39 60 41 74 30 63 107 148 220 110 2 10 46 24
videos.hw01/04_frame/334.jpg 10 33 8 0 24 30 62 209 69 106 202 178 0 8 14 0
videos.hw01/04_frame/335.jpg 8 49 0 6 0 6 129 413 75 129 304 574 0 8 14 10
videos.hw01/04_frame/336.jpg 0 10 0 0 2 2 2 4 12 16 132 14 0 8 14 0
videos.hw01/04_frame/337.jpg 48 92 71 72 75 95 579 500 84 236 740 810 71 90 69 54
videos.hw01/04_frame/338.jpg 28 56 20 28 58 35 260 206 108 129 528 294 44 30 41 66
videos.hw01/04_frame/339.jpg 54 26 30 10 36 54 132 148 59 177 216 222 17 12 40 44
videos.hw01/04_frame/340.jpg 16 83 108 74 34 35 242 370 109 226 724 454 8 18 76 104
videos.hw01/04_frame/341.jpg 16 37 4 12 58 2 25 10 48 12 44 84 8 10 24 4
videos.hw01/04_frame/342.jpg 34 101 150 50 27 16 493 317 177 215 488 696 28 55 138 50
videos.hw01/04_frame/343.jpg 6 66 43 43 9 30 424 1078 285 297 212 584 5 16 151 72
videos.hw01/04_frame/344.jpg 8 75 91 18 26 15 155 117 272 181 288 78 2 12 150 46
videos.hw01/04_frame/345.jpg 0 48 101 21 56 8 111 164 184 467 256 236 12 18 92 26
videos.hw01/04_frame/346.jpg 6 73 84 74 39 46 68 29 92 131 198 152 20 14 63 16
videos.hw01/04_frame/347.jpg 28 106 91 62 5 33 78 133 140 302 282 268 31 73 38 32
videos.hw01/04_frame/348.jpg 82 71 149 38 48 61 100 194 163 125 126 116 2 13 16 26
videos.hw01/04_frame/349.jpg 64 67 82 100 34 90 208 85 89 249 144 72 37 67 66 48
videos.hw01/04_frame/350.jpg 10 50 78 96 14 30 89 125 118 143 76 134 70 34 72 26
videos.hw01/04_frame/351.jpg 72 157 102 86 59 153 163 66 78 167 84 54 77 245 104 44
videos.hw01/04_frame/352.jpg 32 32 62 42 4 34 91 76 69 152 202 36 26 34 49 38
videos.hw01/04_frame/353.jpg 20 30 20 36 17 40 78 64 115 170 94 78 4 10 34 28
videos.hw01/04_frame/354.jpg 48 52 75 48 53 32 84 97 94 230 154 54 4 2 26 22
videos.hw01/04_frame/355.jpg 36 179 81 44 116 44 54 42 60 152 50 56 4 2 38 8
videos.hw01/04_frame/356.jpg 8 30 31 8 10 16 14 2 29 27 0 8 4 2 6 20
videos.hw01/04_frame/357.jpg 68 90 34 24 54 81 10 28 96 214 68 76 4 2 26 22
videos.hw01/04_frame/358.jpg 44 59 56 14 77 101 40 98 94 205 32 74 4 2 4 16
videos.hw01/04_frame/359.jpg 36 36 22 8 48 79 108 52 96 267 28 34 4 2 22 8
videos.hw01/04_frame/360.jpg 34 54 30 8 40 72 93 38 83 148 74 22 4 2 18 26
videos.hw01/04_frame/361.jpg 24 110 89 80 60 121 100 72 49 82 66 122 130 102 107 10
videos.hw01/04_frame/362.jpg 48 42 16 26 99 107 83 84 92 126 22 92 51 26 26 22
videos.hw01/04_frame/363.jpg 60 48 37 30 151 192 112 79 41 104 62 46 44 14 18 24
videos.hw01/04_frame/364.jpg 76 100 59 154 153 177 87 118 21 103 12 36 4 8 26 0
videos.hw01/04_frame/365.jpg 114 146 71 263 275 146 106 166 46 40 54 144 0 0 2 0
videos.hw01/04_frame/366.jpg 22 6 12 8 4 26 8 50 40 8 8 18 2 0 2 0
videos.hw01/04_frame/367.jpg 118 124 109 199 268 258 113 236 68 118 120 50 2 6 42 12
videos.hw01/04_frame/368.jpg 106 134 105 194 196 209 174 379 241 239 148 154 0 0 16 8
videos.hw01/04_frame/369.jpg 118 154 211 228 183 267 224 271 209 124 176 134 0 6 40 24
videos.hw01/04_frame/370.jpg 118 164 186 174 197 555 288 140 139 182 110 484 0 8 66 28
videos.hw01/04_frame/371.jpg 4 30 20 14 42 16 10 16 17 186 42 16 0 0 10 8
videos.hw01/04_frame/372.jpg 98 206 210 230 441 369 307 165 176 175 178 492 2 4 128 28
videos.hw01/04_frame/373.jpg 54 156 222 319 828 601 278 347 180 166 172 254 57 72 126 38
videos.hw01/04_frame/374.jpg 4 126 210 200 300 563 191 226 184 299 116 176 51 22 112 28
videos.hw01/04_frame/375.jpg 0 112 209 212 843 564 236 222 148 203 36 74 44 24 60 28
videos.hw01/04_frame/376.jpg 0 28 36 64 29 98 104 35 36 64 128 72 4 18 24 16
videos.hw01/04_frame/377.jpg 30 85 166 366 179 844 307 346 84 149 22 74 2 18 16 8
videos.hw01/04_frame/378.jpg 34 204 172 536 436 554 302 291 36 251 44 172 0 0 12 36
videos.hw01/04_frame/379.jpg 28 232 223 485 491 405 222 301 120 256 292 172 26 79 104 38
videos.hw01/04_frame/380.jpg 78 226 269 465 324 376 253 346 185 300 120 180 211 79 240 16
videos.hw01/04_frame/381.jpg 0 20 50 60 19 53 28 22 22 8 52 2 22 24 20 2
videos.hw01/04_frame/382.jpg 86 220 183 184 186 297 182 152 133 183 144 96 8 28 48 40
videos.hw01/04_frame/383.jpg 78 208 130 107 152 303 108 86 112 152 46 58 0 34 26 10
videos.hw01/04_frame/384.jpg 58 118 64 87 171 146 90 39 191 199 6 80 8 26 56 14
videos.hw01/04_frame/385.jpg 34 109 105 127 76 112 127 96 170 195 138 108 98 199 173 34
videos.hw01/04_frame/386.jpg 14 46 56 68 29 27 73 19 38 87 16 36 18 59 22 10
videos.hw01/04_frame/387.jpg 18 64 114 131 71 73 93 89 106 296 42 98 18 31 54 2
videos.hw01/04_frame/388.jpg 36 111 157 128 108 153 141 76 156 148 66 126 20 9 16 18
videos.hw01/04_frame/389.jpg 58 88 120 96 107 199 143 96 252 232 114 190 10 11 50 12
videos.hw01/04_frame/390.jpg 32 124 113 172 96 188 128 107 220 340 124 176 10 9 50 32
videos.hw01/04_frame/391.jpg 16 107 33 36 23 118 39 112 32 240 28 52 67 56 130 36
videos.hw01/04_frame/392.jpg 48 89 77 138 81 249 82 59 199 345 88 94 13 5 40 24
videos.hw01/04_frame/393.jpg 28 145 108 84 111 201 114 62 118 115 82 78 11 5 76 36
videos.hw01/04_frame/394.jpg 28 165 135 120 58 218 87 85 139 176 68 90 11 7 38 8
videos.hw01/04_frame/395.jpg 40 113 84 177 121 126 70 57 138 136 70 20 11 5 64 12
videos.hw01/04_frame/396.jpg 0 16 36 30 11 3 36 29 8 34 58 6 11 5 8 4
videos.hw01/04_frame/397.jpg 28 236 118 206 64 116 110 112 132 268 122 92 40 74 112 38
videos.hw01/04_frame/398.jpg 24 99 65 125 118 87 78 190 242 258 612 282 37 41 84 44
videos.hw01/04_frame/399.jpg 32 83 94 146 65 72 62 154 325 341 480 490 16 13 43 78
videos.hw01/04_frame/400.jpg 46 31 80 102 19 42 82 30 541 644 348 392 6 7 196 94
videos.hw01/04_frame/401.jpg 6 26 35 34 13 30 32 8 34 18 18 60 6 5 20 8
videos.hw01/04_frame/402.jpg 14 138 112 126 42 71 89 34 334 527 364 355 2 5 122 314
videos.hw01/04_frame/403.jpg 46 68 75 89 19 61 67 54 349 201 261 331 10 5 180 255
videos.hw01/04_frame/404.jpg 4 45 59 46 27 56 81 64 184 388 377 266 4 5 116 321
videos.hw01/04_frame/405.jpg 8 46 34 58 10 36 119 98 270 258 246 402 4 5 71 370
videos.hw01/04_frame/406.jpg 6 38 74 52 24 55 78 48 57 87 30 122 56 13 33 42
videos.hw01/04_frame/407.jpg 20 74 52 47 76 72 60 50 135 352 177 626 6 5 77 107
videos.hw01/04_frame/408.jpg 30 67 28 51 28 84 55 46 119 381 213 488 4 5 80 56
videos.hw01/04_frame/409.jpg 42 158 144 205 185 152 205 57 265 320 309 768 185 305 164 37
videos.hw01/04_frame/410.jpg 8 35 38 36 15 61 111 42 95 182 132 440 53 50 35 39
videos.hw01/04_frame/411.jpg 0 10 12 5 20 20 16 11 20 28 45 60 24 7 16 2
videos.hw01/04_frame/412.jpg 10 32 60 54 2 38 110 58 136 325 177 239 36 2 36 40
videos.hw01/04_frame/413.jpg 6 12 24 34 9 36 68 54 149 216 142 373 18 2 52 34
videos.hw01/04_frame/414.jpg 0 4 16 17 0 34 46 4 132 197 226 224 4 6 39 34
videos.hw01/04_frame/415.jpg 0 0 8 20 0 58 38 10 196 279 233 130 2 6 60 41
videos.hw01/04_frame/416.jpg 0 0 2 10 10 2 4 1 30 15 24 66 2 4 20 23
videos.hw01/04_frame/417.jpg 0 0 8 20 0 29 18 9 212 189 236 222 4 18 73 58
videos.hw01/04_frame/418.jpg 0 2 2 8 10 19 41 20 148 214 152 513 2 0 39 30
videos.hw01/04_frame/419.jpg 8 6 2 39 25 25 65 27 153 197 170 483 10 2 46 46
videos.hw01/04_frame/420.jpg 14 0 10 42 20 24 8 48 147 217 56 138 10 2 12 28
videos.hw01/04_frame/421.jpg 16 66 102 81 38 32 97 53 60 88 182 140 61 105 22 54
videos.hw01/04_frame/422.jpg 4 16 58 21 39 62 107 43 137 224 112 280 61 80 60 20
videos.hw01/04_frame/423.jpg 8 40 30 40 41 71 89 76 119 135 132 210 24 7 14 31
videos.hw01/04_frame/424.jpg 28 4 9 14 43 35 55 68 227 246 106 248 10 2 10 61
videos.hw01/04_frame/425.jpg 6 2 50 61 31 73 149 21 337 612 182 371 2 2 54 169
videos.hw01/04_frame/426.jpg 0 2 18 12 10 21 10 2 38 56 54 32 4 2 8 12
videos.hw01/04_frame/427.jpg 20 59 136 106 26 134 378 75 312 447 346 1362 27 8 226 101
videos.hw01/04_frame/428.jpg 30 75 138 111 58 76 179 473 533 799 1500 3023 56 48 224 205
videos.hw01/04_frame/429.jpg 12 23 59 63 47 151 197 538 757 472 1834 1192 10 18 349 182
videos.hw01/04_frame/430.jpg 10 100 109 119 24 90 293 348 710 684 1220 974 20 19 276 212
videos.hw01/04_frame/431.jpg 0 16 0 16 2 26 35 20 4 166 192 72 10 44 8 34
videos.hw01/04_frame/432.jpg 10 71 78 63 12 72 1091 346 191 382 1260 654 19 75 177 96
videos.hw01/04_frame/433.jpg 32 176 189 147 56 157 567 351 207 136 410 114 89 70 185 72
videos.hw01/04_frame/434.jpg 38 108 76 39 63 52 168 154 156 259 352 118 26 35 132 60
videos.hw01/04_frame/435.jpg 42 69 74 64 43 34 169 104 204 142 168 118 36 27 68 74
videos.hw01/04_frame/436.jpg 12 70 77 47 41 47 29 74 63 262 148 90 44 68 130 10
videos.hw01/04_frame/437.jpg 16 40 58 37 54 28 93 57 181 211 266 118 7 68 152 12
videos.hw01/04_frame/438.jpg 26 167 90 188 51 120 230 136 137 116 176 138 129 83 125 54
videos.hw01/04_frame/439.jpg 14 198 185 168 84 132 167 148 84 492 434 128 206 83 74 84
videos.hw01/04_frame/440.jpg 34 173 98 58 156 137 92 92 135 69 84 220 16 40 56 24
videos.hw01/04_frame/441.jpg 0 49 38 8 22 19 43 14 6 24 96 8 36 0 22 4
videos.hw01/04_frame/442.jpg 34 108 97 74 131 187 128 90 144 377 226 100 0 14 128 38
videos.hw01/04_frame/443.jpg 26 88 50 16 72 151 152 78 103 316 296 90 16 29 76 8
videos.hw01/04_frame/444.jpg 12 26 43 108 91 239 108 100 172 144 158 164 6 12 38 12
videos.hw01/04_frame/445.jpg 28 95 236 130 186 219 185 185 178 489 146 258 87 76 214 38
videos.hw01/04_frame/446.jpg 8 28 30 30 34 47 58 19 46 160 44 70 73 35 44 14
videos.hw01/04_frame/447.jpg 22 56 70 59 32 137 167 191 180 433 270 226 24 18 96 44
videos.hw01/04_frame/448.jpg 10 72 32 60 37 140 217 263 257 462 370 214 12 2 76 48
videos.hw01/04_frame/449.jpg 6 68 45 56 106 144 216 125 165 135 200 270 10 47 81 28
videos.hw01/04_frame/450.jpg 4 12 64 94 24 53 226 108 100 199 328 228 4 10 46 14
videos.hw01/04_frame/451.jpg 14 101 97 80 59 36 87 41 113 159 92 18 80 82 100 6
videos.hw01/04_frame/452.jpg 4 110 52 39 37 16 69 59 58 160 224 68 8 43 62 4
videos.hw01/04_frame/453.jpg 0 44 54 55 27 27 114 91 130 258 178 94 20 4 62 20
videos.hw01/04_frame/454.jpg 0 100 54 60 24 40 88 29 98 61 80 76 18 34 68 24
videos.hw01/04_frame/455.jpg 0 32 24 32 46 59 58 62 52 103 82 46 94 36 14 8
videos.hw01/04_frame/456.jpg 18 26 0 12 20 16 10 27 32 25 24 6 24 2 24 0
videos.hw01/04_frame/457.jpg 8 131 93 106 132 109 124 82 154 266 110 134 44 189 78 6
videos.hw01/04_frame/458.jpg 24 53 83 45 35 78 98 54 58 155 134 94 42 83 20 8
videos.hw01/04_frame/459.jpg 10 30 52 42 57 95 108 78 44 131 58 10 0 57 57 10
videos.hw01/04_frame/460.jpg 0 6 64 20 19 87 52 37 32 55 64 28 2 69 54 0
videos.hw01/04_frame/461.jpg 0 2 34 12 14 34 12 14 58 38 8 4 24 52 0 0
videos.hw01/04_frame/462.jpg 8417 4071 4510 7721 7300 4952 3106 4005 6191 5780 6221 2569 4153 6031 4762 7368
videos.hw01/04_frame/463.jpg 4 10 18 0 272 166 175 399 274 121 93 65 16 48 91 97
videos.hw01/04_frame/464.jpg 36 18 0 0 414 478 329 304 246 156 272 328 2 2 106 127
videos.hw01/04_frame/465.jpg 16 12 10 0 736 670 471 251 290 618 569 116 0 13 144 100
videos.hw01/04_frame/466.jpg 0 14 10 0 118 87 78 69 26 33 101 41 12 18 74 63
videos.hw01/04_frame/467.jpg 2 16 6 0 359 569 909 334 322 594 151 131 0 0 136 117
videos.hw01/04_frame/468.jpg 10 2 10 0 403 450 311 348 414 173 188 201 2 2 86 99
videos.hw01/04_frame/469.jpg 40 44 22 0 498 474 920 495 604 153 109 361 47 49 96 116
videos.hw01/04_frame/470.jpg 22 18 10 0 257 209 322 393 322 123 102 167 24 44 64 102
videos.hw01/04_frame/471.jpg 0 42 24 0 32 26 63 49 76 22 8 48 14 4 12 52
videos.hw01/04_frame/472.jpg 4 26 8 0 239 293 259 395 174 156 153 114 23 14 64 78
videos.hw01/04_frame/473.jpg 0 2 8 0 108 304 291 383 112 72 64 118 11 4 34 81
videos.hw01/04_frame/474.jpg 16 2 0 0 178 85 169 368 34 53 56 89 2 10 48 47
videos.hw01/04_frame/475.jpg 0 10 18 0 63 118 331 387 24 60 8 28 34 10 28 46
videos.hw01/04_frame/476.jpg 0 2 4 0 34 48 59 71 0 2 0 4 2 2 0 10
videos.hw01/04_frame/477.jpg 16 8 2 0 109 203 173 214 10 100 37 20 12 8 36 78
videos.hw01/04_frame/478.jpg 0 2 0 0 83 168 256 91 8 82 23 30 10 2 38 16
videos.hw01/04_frame/479.jpg 0 2 0 0 76 166 133 184 40 126 21 73 6 2 32 82
videos.hw01/04_frame/480.jpg 0 2 32 0 206 121 337 337 34 20 31 76 8 20 72 63
videos.hw01/04_frame/481.jpg 42 92 48 0 203 101 257 132 110 63 39 52 26 46 90 65
videos.hw01/04_frame/482.jpg 16 36 6 0 210 388 245 266 162 82 103 112 40 26 104 55
videos.hw01/04_frame/483.jpg 0 2 16 0 136 406 304 318 122 108 170 161 36 17 86 88
videos.hw01/04_frame/484.jpg 0 2 2 0 348 589 650 540 96 211 193 296 6 2 178 109
videos.hw01/04_frame/485.jpg 0 2 0 0 569 455 314 446 302 100 144 414 0 0 150 183
videos.hw01/04_frame/486.jpg 0 2 0 0 56 17 27 27 28 0 2 71 2 0 10 12
videos.hw01/04_frame/487.jpg 0 2 4 0 753 615 566 449 232 138 201 353 0 0 114 250
videos.hw01/04_frame/488.jpg 0 2 0 0 342 526 632 326 330 232 111 368 0 0 151 62
videos.hw01/04_frame/489.jpg 0 14 0 0 448 850 668 361 286 230 301 371 0 0 44 85
videos.hw01/04_frame/490.jpg 0 2 0 0 454 853 934 418 174 301 210 247 0 0 89 114
videos.hw01/04_frame/491.jpg 84 88 58 0 80 126 314 229 110 70 72 114 101 37 136 147
videos.hw01/04_frame/492.jpg 98 94 48 0 405 646 618 371 244 339 235 157 120 85 167 108
videos.hw01/04_frame/493.jpg 193 132 114 0 494 1196 603 286 186 626 213 477 177 235 329 470
videos.hw01/04_frame/494.jpg 145 222 264 0 2267 1487 1049 856 559 863 769 1870 243 242 1026 823
videos.hw01/04_frame/495.jpg 281 446 340 0 850 969 887 754 672 928 931 1335 420 307 920 901
videos.hw01/04_frame/496.jpg 52 104 68 0 98 115 78 65 54 56 53 42 31 58 18 32
videos.hw01/04_frame/497.jpg 320 200 360 0 651 722 627 592 280 578 785 425 210 433 590 211
videos.hw01/04_frame/498.jpg 282 348 440 0 554 724 651 602 585 218 678 475 257 407 352 75
videos.hw01/04_frame/499.jpg 514 146 524 0 177 383 436 637 441 241 363 367 302 351 390 209
videos.hw01/04_frame/500.jpg 232 178 398 0 401 563 511 506 358 198 437 486 270 535 306 101
videos.hw01/04_frame/501.jpg 22 54 42 0 71 16 85 52 34 68 20 38 48 44 50 18
videos.hw01/04_frame/502.jpg 170 128 246 0 263 286 574 330 240 226 482 518 172 154 144 90
videos.hw01/04_frame/503.jpg 212 200 148 0 243 426 770 743 199 298 224 440 145 106 150 110
videos.hw01/04_frame/504.jpg 98 130 70 0 264 345 561 510 234 525 131 256 89 151 78 98
videos.hw01/04_frame/505.jpg 86 32 56 0 225 331 1383 1127 122 424 1881 1216 54 62 100 230
videos.hw01/04_frame/506.jpg 44 20 8 0 118 212 26 40 68 28 72 29 34 12 28 30
videos.hw01/04_frame/507.jpg 18 14 16 0 183 578 343 390 94 246 367 368 18 28 32 110
videos.hw01/04_frame/508.jpg 16 36 0 0 146 406 115 165 69 163 97 170 49 0 116 131
videos.hw01/04_frame/509.jpg 12 0 8 0 210 340 202 306 57 66 114 204 28 0 70 89
videos.hw01/04_frame/510.jpg 12 0 0 0 143 200 186 448 76 190 124 392 12 0 46 79
videos.hw01/04_frame/511.jpg 64 58 32 0 179 108 90 236 45 46 58 160 57 56 26 67
videos.hw01/04_frame/512.jpg 78 38 30 0 121 196 317 941 55 212 575 554 25 51 30 80
videos.hw01/04_frame/513.jpg 24 92 26 0 92 379 409 200 54 58 264 124 28 8 82 59
videos.hw01/04_frame/514.jpg 16 38 18 0 122 160 344 216 9 77 139 190 16 20 34 71
videos.hw01/04_frame/515.jpg 24 60 0 0 30 92 129 149 13 60 166 64 4 22 10 26
videos.hw01/04_frame/516.jpg 6 0 0 0 12 10 63 52 1 16 2 70 0 28 16 0
videos.hw01/04_frame/517.jpg 42 42 40 0 141 220 119 244 105 199 162 121 87 65 6 38
videos.hw01/04_frame/518.jpg 12 12 16 0 20 154 71 142 40 28 47 48 26 8 12 46
videos.hw01/04_frame/519.jpg 8634 4482 6400 7439 7685 2759 2976 3312 6509 4244 5898 3378 3543 5984 5707 7800
videos.hw01/04_frame/520.jpg 12 38 65 33 2 22 67 28 135 143 150 126 34 6 58 60
videos.hw01/04_frame/521.jpg 4 4 42 11 6 2 8 15 16 35 20 68 26 16 8 16
videos.hw01/04_frame/522.jpg 14 19 30 4 18 13 39 8 172 234 40 2 0 2 8 14
videos.hw01/04_frame/523.jpg 18 16 10 28 10 42 86 25 218 210 218 160 0 2 56 30
videos.hw01/04_frame/524.jpg 8 6 36 14 27 44 55 18 264 175 262 186 0 2 92 68
videos.hw01/04_frame/525.jpg 10 14 16 34 34 40 68 25 306 299 242 346 2 24 191 124
videos.hw01/04_frame/526.jpg 22 39 14 22 18 32 135 24 28 76 160 62 6 8 25 64
videos.hw01/04_frame/527.jpg 10 24 8 22 38 56 143 56 320 205 326 240 0 4 105 86
videos.hw01/04_frame/528.jpg 20 24 10 103 35 26 75 55 553 382 264 336 12 10 134 38
videos.hw01/04_frame/529.jpg 42 100 78 122 33 80 136 67 335 165 272 206 72 124 126 48
videos.hw01/04_frame/530.jpg 14 24 32 23 31 64 41 144 152 170 146 404 32 15 42 38
videos.hw01/04_frame/531.jpg 6 14 12 16 24 4 22 26 13 82 20 62 32 20 29 12
videos.hw01/04_frame/532.jpg 8 42 24 20 10 44 86 211 79 218 222 816 18 24 30 100
videos.hw01/04_frame/533.jpg 20 0 16 28 53 72 50 185 159 158 348 502 0 2 64 38
videos.hw01/04_frame/534.jpg 18 24 10 18 25 109 150 140 233 237 286 212 0 4 60 42
videos.hw01/04_frame/535.jpg 6 10 0 30 22 26 360 134 272 381 290 294 0 6 44 36
videos.hw01/04_frame/536.jpg 4 0 10 0 0 0 36 14 32 57 12 22 6 6 6 4
videos.hw01/04_frame/537.jpg 32 62 14 21 51 33 489 486 320 465 278 454 2 6 76 62
videos.hw01/04_frame/538.jpg 12 0 34 28 14 18 376 396 172 189 324 450 8 6 62 14
videos.hw01/04_frame/539.jpg 10 187 92 32 36 26 40 397 129 105 108 262 10 6 42 22
videos.hw01/04_frame/540.jpg 22 44 22 94 29 16 32 62 62 162 216 98 10 6 40 18
videos.hw01/04_frame/541.jpg 26 139 116 70 75 72 87 62 168 170 84 136 84 39 143 56
videos.hw01/04_frame/542.jpg 16 56 33 30 32 63 60 75 97 200 36 60 44 21 64 30
videos.hw01/04_frame/543.jpg 10 46 25 71 10 39 24 39 141 155 90 88 26 26 15 16
videos.hw01/04_frame/544.jpg 8 84 82 54 10 20 33 38 102 184 122 132 8 62 34 14
videos.hw01/04_frame/545.jpg 2 53 31 28 10 10 32 33 126 166 114 50 14 8 6 4
videos.hw01/04_frame/546.jpg 0 12 10 4 0 2 12 16 53 31 62 18 0 6 12 10
videos.hw01/04_frame/547.jpg 8 26 12 6 13 18 65 58 84 131 94 100 0 12 28 10
videos.hw01/04_frame/548.jpg 36 296 121 164 82 119 134 93 160 121 190 172 96 131 179 60
videos.hw01/04_frame/549.jpg 6 26 52 70 9 14 10 36 63 109 94 94 38 26 8 12
videos.hw01/04_frame/550.jpg 0 4 14 16 2 2 26 38 148 142 86 198 10 18 22 0
videos.hw01/04_frame/551.jpg 0 0 0 0 0 6 4 0 23 35 8 10 10 0 0 0
videos.hw01/04_frame/552.jpg 2 18 20 53 0 14 56 77 153 157 72 174 10 0 4 8
videos.hw01/04_frame/553.jpg 8 105 76 88 175 140 177 160 236 206 174 56 143 135 101 40
videos.hw01/04_frame/554.jpg 2 53 32 38 80 64 66 194 204 153 158 398 58 38 88 30
videos.hw01/04_frame/555.jpg 8 4 76 34 20 11 20 40 149 322 152 950 10 12 29 60
videos.hw01/04_frame/556.jpg 0 60 52 60 43 22 58 6 28 198 164 44 22 25 38 24
videos.hw01/04_frame/557.jpg 0 0 26 31 20 16 30 38 127 194 134 1014 4 20 100 42
videos.hw01/04_frame/558.jpg 8 12 64 87 70 18 34 39 210 284 480 444 16 14 104 22
videos.hw01/04_frame/559.jpg 12 113 79 103 98 123 56 24 339 611 668 292 38 88 148 50
videos.hw01/04_frame/560.jpg 0 6 20 34 2 40 46 13 218 296 448 148 4 18 122 58
videos.hw01/04_frame/561.jpg 0 2 19 12 0 31 36 0 16 33 6 56 2 20 16 4
videos.hw01/04_frame/562.jpg 0 18 24 52 4 8 81 23 254 252 218 228 23 27 106 48
videos.hw01/04_frame/563.jpg 0 2 16 64 15 18 186 34 178 242 188 1282 22 22 93 94
videos.hw01/04_frame/564.jpg 0 4 26 34 2 42 197 71 164 272 190 790 2 16 153 143
videos.hw01/04_frame/565.jpg 12 73 49 126 84 74 160 108 199 390 252 316 45 67 244 142
videos.hw01/04_frame/566.jpg 2 62 35 61 8 44 50 46 33 184 40 72 53 42 58 22
videos.hw01/04_frame/567.jpg 2 22 42 28 38 116 175 46 255 330 406 148 92 64 144 133
videos.hw01/04_frame/568.jpg 12 26 4 57 34 166 336 21 392 381 288 250 14 7 171 90
videos.hw01/04_frame/569.jpg 26 86 14 8 66 172 202 14 512 490 426 327 6 2 183 56
videos.hw01/04_frame/570.jpg 42 104 0 10 52 154 93 12 420 377 302 273 0 0 157 122
videos.hw01/04_frame/571.jpg 6 131 76 65 50 104 78 37 41 133 150 78 73 77 176 18
videos.hw01/04_frame/572.jpg 46 90 14 8 81 188 151 10 387 461 279 253 14 44 92 86
videos.hw01/04_frame/573.jpg 46 56 27 67 245 87 124 24 258 187 234 180 54 24 77 72
videos.hw01/04_frame/574.jpg 50 74 22 26 190 176 49 35 139 287 309 176 31 26 46 94
videos.hw01/04_frame/575.jpg 38 54 0 28 48 186 92 23 220 253 317 203 6 24 44 88
videos.hw01/04_frame/576.jpg 2 6 26 14 39 19 18 4 12 30 64 24 6 24 31 18
videos.hw01/04_frame/577.jpg 50 120 104 200 85 204 263 46 255 281 353 124 246 210 249 154
videos.hw01/04_frame/578.jpg 62 121 49 89 76 180 81 34 180 197 212 97 30 74 55 34
videos.hw01/04_frame/579.jpg 90 145 19 32 100 144 105 35 102 298 219 297 10 44 84 38
videos.hw01/04_frame/580.jpg 54 124 7 16 80 110 113 36 189 243 268 139 6 12 53 28
videos.hw01/04_frame/581.jpg 12 58 5 10 37 30 1 21 16 30 39 54 2 2 4 18
videos.hw01/04_frame/582.jpg 46 54 7 10 48 68 163 37 147 401 304 342 2 2 83 48
videos.hw01/04_frame/583.jpg 30 64 27 88 61 59 166 37 171 303 509 225 2 2 63 614
videos.hw01/04_frame/584.jpg 10 54 19 28 28 85 202 70 138 397 429 197 2 8 10 1016
videos.hw01/04_frame/585.jpg 22 76 31 16 5 47 173 34 146 653 533 153 2 2 1504 574
videos.hw01/04_frame/586.jpg 16 76 9 28 155 24 20 60 26 414 217 82 44 26 18 6
videos.hw01/04_frame/587.jpg 0 48 7 22 35 72 129 24 278 590 265 266 4 278 1746 728
videos.hw01/04_frame/588.jpg 22 84 29 48 24 93 117 26 202 575 537 530 100 1596 1507 536
videos.hw01/04_frame/589.jpg 32 58 99 110 72 193 258 120 502 780 496 238 66 1146 1106 26
videos.hw01/04_frame/590.jpg 4 36 52 42 99 231 87 19 268 417 592 176 172 1204 1008 20
videos.hw01/04_frame/591.jpg 4 50 41 28 6 21 28 6 18 104 70 66 10 64 92 24
videos.hw01/04_frame/592.jpg 0 52 29 28 70 54 70 8 588 983 524 104 196 442 930 28
videos.hw01/04_frame/593.jpg 0 34 43 14 20 83 28 82 672 856 174 192 196 788 244 0
videos.hw01/04_frame/594.jpg 2 56 77 50 20 84 26 10 332 598 214 80 58 538 505 20
videos.hw01/04_frame/595.jpg 26 105 79 28 127 50 58 76 524 691 208 58 8 493 474 20
videos.hw01/04_frame/596.jpg 0 46 0 8 88 23 18 4 16 108 94 12 0 54 18 12
videos.hw01/04_frame/597.jpg 12 82 58 47 112 110 56 93 490 661 240 108 67 727 251 48
videos.hw01/04_frame/598.jpg 52 80 50 3 44 92 62 38 300 691 192 96 160 538 46 20
videos.hw01/04_frame/599.jpg 48 50 34 30 66 111 74 56 456 497 236 138 64 514 2 0
videos.hw01/04_frame/600.jpg 48 66 12 34 68 146 88 27 550 386 244 150 166 342 18 10
videos.hw01/04_frame/601.jpg 32 73 177 100 35 176 69 58 38 116 276 154 50 166 106 42
videos.hw01/04_frame/602.jpg 54 92 102 126 97 160 62 41 498 444 192 216 30 97 116 32
videos.hw01/04_frame/603.jpg 26 123 56 103 174 168 72 36 110 392 228 192 130 84 41 6
videos.hw01/04_frame/604.jpg 36 102 86 105 60 145 71 32 102 145 206 104 10 48 70 32
videos.hw01/04_frame/605.jpg 26 102 21 94 70 188 113 15 122 145 258 90 2 14 18 22
videos.hw01/04_frame/606.jpg 32 95 173 176 60 164 140 116 166 191 274 182 259 98 186 38
videos.hw01/04_frame/607.jpg 48 82 14 85 175 124 111 37 126 252 188 110 38 35 24 0
videos.hw01/04_frame/608.jpg 24 92 68 92 138 194 42 22 152 130 162 56 40 26 0 0
videos.hw01/04_frame/609.jpg 28 78 36 88 271 113 79 42 120 212 100 86 2 34 28 80
videos.hw01/04_frame/610.jpg 50 38 42 88 46 124 46 30 90 188 50 10 6 24 8 0
videos.hw01/04_frame/611.jpg 6 18 26 20 0 0 13 8 40 21 18 0 0 22 8 0
videos.hw01/04_frame/612.jpg 28 20 4 34 38 73 69 58 74 126 68 80 6 18 8 0
videos.hw01/04_frame/613.jpg 36 109 86 90 41 171 96 79 82 301 144 96 172 96 132 20
videos.hw01/04_frame/614.jpg 20 24 69 62 28 31 44 43 104 153 74 134 44 46 37 2
videos.hw01/04_frame/615.jpg 0 18 20 84 25 53 47 49 68 335 116 138 18 14 12 0
videos.hw01/04_frame/616.jpg 22 18 22 64 78 56 38 27 20 146 112 104 58 49 116 4
videos.hw01/04_frame/617.jpg 4 16 14 14 22 4 7 25 144 159 128 196 8 46 74 0
videos.hw01/04_frame/618.jpg 4 28 22 32 41 82 35 48 118 245 84 164 6 20 42 56
videos.hw01/04_frame/619.jpg 12 122 201 102 133 292 88 120 136 170 212 362 199 101 73 10
videos.hw01/04_frame/620.jpg 2 38 24 19 93 70 67 2 106 129 186 132 10 44 36 14
videos.hw01/04_frame/621.jpg 0 2 13 27 2 13 8 4 20 65 54 18 0 18 44 22
videos.hw01/04_frame/622.jpg 20 32 38 6 68 96 94 8 200 324 174 140 46 10 8 16
videos.hw01/04_frame/623.jpg 26 14 2 6 64 133 76 43 152 354 226 64 0 6 24 0
videos.hw01/04_frame/624.jpg 36 34 8 4 51 97 45 19 138 268 202 162 6 10 0 0
videos.hw01/04_frame/625.jpg 42 69 115 125 109 111 98 50 160 357 188 208 97 239 124 28
videos.hw01/04_frame/626.jpg 6 58 27 40 32 27 33 25 32 138 76 86 24 145 35 6
videos.hw01/04_frame/627.jpg 42 103 27 42 77 93 95 30 114 123 198 180 14 10 6 0
videos.hw01/04_frame/628.jpg 50 88 52 80 86 123 53 64 178 260 128 120 0 4 6 0
videos.hw01/04_frame/629.jpg 66 134 40 38 66 210 97 44 142 398 174 110 2 2 6 0
videos.hw01/04_frame/630.jpg 92 140 26 60 111 205 78 40 126 256 214 156 20 2 6 0
videos.hw01/04_frame/631.jpg 28 149 24 77 82 59 51 57 18 154 190 140 54 66 196 2
videos.hw01/04_frame/632.jpg 92 217 50 57 95 102 157 35 150 533 240 230 17 47 32 6
videos.hw01/04_frame/633.jpg 148 136 56 86 117 368 135 66 242 294 182 172 90 90 10 0
videos.hw01/04_frame/634.jpg 134 158 84 72 124 145 74 30 374 671 452 168 156 242 28 0
videos.hw01/04_frame/635.jpg 138 224 168 109 124 203 231 119 222 528 306 156 258 373 174 40
videos.hw01/04_frame/636.jpg 0 2 18 22 2 76 8 18 2 12 30 110 22 58 31 0
videos.hw01/04_frame/637.jpg 148 183 101 65 88 311 269 88 876 975 458 330 220 954 235 18
videos.hw01/04_frame/638.jpg 150 206 88 50 114 145 164 159 558 850 400 302 430 876 358 14
videos.hw01/04_frame/639.jpg 144 123 68 136 134 159 200 91 376 999 376 236 176 767 566 8
videos.hw01/04_frame/640.jpg 118 121 86 130 154 175 183 565 364 828 306 156 274 1392 770 10
videos.hw01/04_frame/641.jpg 18 25 14 56 7 52 70 23 34 76 52 68 22 84 30 0
videos.hw01/04_frame/642.jpg 140 155 76 176 163 195 119 1398 835 761 152 186 384 1472 656 16
videos.hw01/04_frame/643.jpg 132 78 128 430 132 227 133 1148 811 322 296 1290 928 964 1304 96
videos.hw01/04_frame/644.jpg 92 85 152 962 59 98 668 1413 406 260 988 978 1024 2601 1895 186
videos.hw01/04_frame/645.jpg 54 82 223 1543 67 104 331 2877 169 205 656 420 44 2116 734 94
videos.hw01/04_frame/646.jpg 16 72 49 56 29 140 89 72 96 137 70 48 34 52 126 8
videos.hw01/04_frame/647.jpg 150 124 253 960 100 293 329 2062 62 263 334 166 22 307 251 38
videos.hw01/04_frame/648.jpg 216 214 420 756 102 230 713 1707 49 246 242 496 14 58 172 20
videos.hw01/04_frame/649.jpg 220 281 437 543 104 340 963 1160 152 229 602 334 102 252 286 14
videos.hw01/04_frame/650.jpg 198 256 401 618 112 185 543 799 85 172 754 278 80 86 61 10
videos.hw01/04_frame/651.jpg 54 14 32 48 57 32 61 98 23 40 14 72 14 14 50 6
videos.hw01/04_frame/652.jpg 232 240 227 611 113 163 586 745 92 229 450 110 20 70 128 8
videos.hw01/04_frame/653.jpg 160 194 249 690 313 367 567 546 153 194 368 209 6 30 52 2
videos.hw01/04_frame/654.jpg 180 136 94 430 106 198 213 495 133 187 136 172 10 7 40 6
videos.hw01/04_frame/655.jpg 142 183 96 114 171 324 226 338 143 212 244 173 10 27 44 2
videos.hw01/04_frame/656.jpg 0 22 30 24 42 55 40 84 4 195 8 48 4 25 30 0
videos.hw01/04_frame/657.jpg 172 206 110 132 177 190 239 169 24 320 610 280 30 56 58 8
videos.hw01/04_frame/658.jpg 194 280 131 205 248 225 185 245 39 57 556 264 12 18 26 0
videos.hw01/04_frame/659.jpg 120 274 131 146 105 306 204 371 38 70 78 186 28 14 22 0
videos.hw01/04_frame/660.jpg 18 236 95 56 210 285 148 339 16 63 138 298 6 31 12 0
videos.hw01/04_frame/661.jpg 22 32 58 74 165 178 116 141 57 74 96 72 58 126 164 8
videos.hw01/04_frame/662.jpg 6 142 125 62 151 283 124 294 46 174 80 306 88 56 64 26
videos.hw01/04_frame/663.jpg 12 34 16 71 102 128 103 201 45 78 42 174 34 29 14 8
videos.hw01/04_frame/664.jpg 8708 5608 6326 4010 8090 4075 4798 4049 6237 5089 4938 4052 2991 8461 5812 542
videos.hw01/04_frame/665.jpg 138 161 164 205 331 189 246 268 29 84 132 82 18 6 0 8
videos.hw01/04_frame/666.jpg 28 17 24 57 28 58 16 28 8 2 12 46 4 2 0 0
videos.hw01/04_frame/667.jpg 141 189 274 274 193 752 428 345 8 102 146 94 34 10 0 0
videos.hw01/04_frame/668.jpg 123 159 183 306 488 298 294 510 42 109 68 130 28 14 0 0
videos.hw01/04_frame/669.jpg 287 316 228 776 342 298 212 851 49 116 128 224 12 14 0 0
videos.hw01/04_frame/670.jpg 468 251 478 1648 956 376 1412 1030 23 177 264 206 4 2 0 30
videos.hw01/04_frame/671.jpg 51 29 30 24 38 4 60 90 6 18 6 58 4 10 0 16
videos.hw01/04_frame/672.jpg 495 421 507 1014 782 800 594 996 119 248 342 330 40 46 0 0
videos.hw01/04_frame/673.jpg 323 458 408 777 761 818 424 736 102 223 380 260 140 50 0 54
videos.hw01/04_frame/674.jpg 297 232 322 582 358 338 714 488 79 227 303 156 54 20 0 0
videos.hw01/04_frame/675.jpg 300 302 252 513 426 564 398 260 126 130 158 72 86 8 40 0
videos.hw01/04_frame/676.jpg 90 140 148 49 78 96 52 144 35 108 42 24 22 8 40 0
videos.hw01/04_frame/677.jpg 189 182 416 495 240 218 200 180 18 172 126 128 44 0 40 0
videos.hw01/04_frame/678.jpg 86 190 273 491 132 434 276 402 35 207 142 54 12 14 0 0
videos.hw01/04_frame/679.jpg 123 153 196 290 118 328 334 288 25 96 90 120 48 38 0 0
videos.hw01/04_frame/680.jpg 157 122 139 152 106 204 314 292 32 124 90 82 54 0 0 0
videos.hw01/04_frame/681.jpg 29 40 37 26 34 20 8 28 0 12 10 16 44 0 0 0
videos.hw01/04_frame/682.jpg 227 214 166 189 236 252 242 522 47 53 110 106 66 30 0 0
videos.hw01/04_frame/683.jpg 207 573 238 290 110 412 608 296 44 115 96 46 60 6 0 0
videos.hw01/04_frame/684.jpg 282 214 297 392 160 248 182 432 46 97 136 68 116 4 0 0
videos.hw01/04_frame/685.jpg 191 150 209 378 152 226 370 262 119 81 158 104 128 44 0 0
videos.hw01/04_frame/686.jpg 56 25 24 36 68 40 62 32 59 29 18 30 48 0 0 0
videos.hw01/04_frame/687.jpg 215 218 619 321 178 325 828 620 47 170 222 182 10 0 0 0
videos.hw01/04_frame/688.jpg 347 321 487 316 180 381 1042 608 44 153 388 298 6 28 0 0
videos.hw01/04_frame/689.jpg 316 498 502 315 250 420 368 712 16 249 484 432 4 8 0 0
videos.hw01/04_frame/690.jpg 246 218 480 365 352 304 224 688 52 290 256 152 4 0 0 0
videos.hw01/04_frame/691.jpg 82 48 59 49 78 182 70 48 26 82 54 120 116 4 0 8
videos.hw01/04_frame/692.jpg 290 264 523 312 696 998 458 554 49 251 368 170 92 12 0 0
videos.hw01/04_frame/693.jpg 304 172 321 400 421 657 422 320 110 316 130 186 56 24 40 0
videos.hw01/04_frame/694.jpg 132 142 301 235 360 300 436 318 109 94 74 102 186 60 0 0
videos.hw01/04_frame/695.jpg 192 196 217 199 218 278 756 232 2 58 22 76 56 0 0 0
videos.hw01/04_frame/696.jpg 9 0 57 45 48 48 18 20 32 24 14 0 32 0 0 0
videos.hw01/04_frame/697.jpg 157 304 91 98 189 287 156 174 121 158 61 226 216 78 40 6
videos.hw01/04_frame/698.jpg 69 113 189 174 86 144 224 128 14 34 40 132 112 0 0 0
videos.hw01/04_frame/699.jpg 87 108 195 148 100 200 918 136 13 28 76 74 24 0 0 0
videos.hw01/04_frame/700.jpg 126 63 217 139 146 164 248 178 20 66 80 106 0 0 0 6
videos.hw01/04_frame/701.jpg 8 22 28 36 52 80 10 10 4 10 6 14 18 0 0 0
videos.hw01/04_frame/702.jpg 118 183 108 268 160 180 238 118 4 12 42 60 56 0 0 0
videos.hw01/04_frame/703.jpg 109 127 135 148 202 108 100 228 42 10 52 36 40 0 40 0
videos.hw01/04_frame/704.jpg 90 160 157 146 136 210 112 172 4 12 114 120 28 0 0 0
videos.hw01/04_frame/705.jpg 69 125 176 95 98 154 196 262 4 6 46 80 8 0 0 0
videos.hw01/04_frame/706.jpg 94 30 70 87 144 150 24 58 32 88 43 74 106 4 0 0
videos.hw01/04_frame/707.jpg 74 91 166 127 128 166 190 176 42 62 49 102 96 0 0 0
videos.hw01/04_frame/708.jpg 214 136 79 125 86 278 108 82 16 18 46 138 92 40 80 0
videos.hw01/04_frame/709.jpg 150 190 217 120 350 223 266 136 45 64 83 76 128 6 0 16
videos.hw01/04_frame/710.jpg 74 219 229 161 106 179 532 120 13 104 42 130 76 14 0 0
videos.hw01/04_frame/711.jpg 24 70 22 50 44 20 40 8 8 8 10 12 48 0 0 0
videos.hw01/04_frame/712.jpg 143 167 206 122 216 127 558 310 2 36 68 174 12 0 0 0
videos.hw01/04_frame/713.jpg 219 284 100 127 182 250 136 130 2 68 48 102 0 0 0 0
videos.hw01/04_frame/714.jpg 265 317 189 179 242 336 276 110 4 54 42 94 0 0 0 0
videos.hw01/04_frame/715.jpg 322 238 319 209 228 260 430 556 2 50 38 122 24 0 0 0
videos.hw01/04_frame/716.jpg 37 44 6 53 2 14 20 18 44 2 4 10 2 0 0 0
videos.hw01/04_frame/717.jpg 376 408 511 515 432 652 600 918 4 86 86 154 2 0 0 0
videos.hw01/04_frame/718.jpg 832 604 747 889 350 438 382 344 2 102 126 270 0 2 0 0
videos.hw01/04_frame/719.jpg 294 481 623 526 298 38 312 784 4 122 130 152 0 0 0 0
videos.hw01/04_frame/720.jpg 184 271 530 1152 184 170 172 840 4 102 124 80 10 0 0 0
videos.hw01/04_frame/721.jpg 118 104 89 74 108 147 34 72 59 80 192 68 108 6 0 8
videos.hw01/04_frame/722.jpg 328 430 715 2563 463 272 284 944 160 125 89 210 108 28 0 8
videos.hw01/04_frame/723.jpg 368 297 491 1385 390 458 360 1105 36 258 128 238 50 14 0 0
videos.hw01/04_frame/724.jpg 697 406 1672 1520 404 636 544 1473 120 179 378 126 94 38 186 8
videos.hw01/04_frame/725.jpg 1339 1052 666 488 957 956 992 986 10 514 498 228 4 6 86 2
videos.hw01/04_frame/726.jpg 60 28 23 10 33 46 74 62 5 16 16 24 6 2 0 0
videos.hw01/04_frame/727.jpg 972 1130 1100 804 628 1109 758 1745 91 455 486 252 24 2 0 0
videos.hw01/04_frame/728.jpg 120 6 1267 820 445 1008 1023 729 94 436 346 132 32 0 0 0
videos.hw01/04_frame/729.jpg 72 12 656 426 511 711 764 633 104 294 288 274 2 32 0 0
videos.hw01/04_frame/730.jpg 40 0 1104 1120 247 479 571 626 92 146 263 320 0 36 0 0
videos.hw01/04_frame/731.jpg 40 0 84 78 30 32 38 47 36 72 46 66 0 0 0 0
videos.hw01/04_frame/732.jpg 62 30 842 656 182 424 209 745 80 290 132 84 158 2 0 0
videos.hw01/04_frame/733.jpg 90 148 508 474 210 183 153 833 123 166 132 100 118 86 0 0
videos.hw01/04_frame/734.jpg 34 62 260 624 267 124 119 606 126 120 121 142 36 0 0 2
videos.hw01/04_frame/735.jpg 8 28 364 444 87 168 211 428 78 107 88 104 42 46 0 0
videos.hw01/04_frame/736.jpg 90 10 50 74 74 125 74 92 169 74 80 78 122 34 48 2
videos.hw01/04_frame/737.jpg 26 52 92 300 49 214 117 276 88 94 102 124 54 8 0 2
videos.hw01/04_frame/738.jpg 14 26 140 180 97 221 176 200 39 109 100 102 18 16 0 2
videos.hw01/04_frame/739.jpg 0 12 94 58 135 159 204 124 67 129 52 88 6 44 192 2
videos.hw01/04_frame/740.jpg 8 8 116 80 8 123 158 208 94 152 99 70 8 42 0 2
videos.hw01/04_frame/741.jpg 0 0 2 28 2 20 41 32 4 34 18 10 0 0 0 2
videos.hw01/04_frame/742.jpg 42 34 178 198 102 170 282 291 54 114 82 118 28 42 0 0
videos.hw01/04_frame/743.jpg 12 858 1288 204 338 1606 564 1047 16 166 95 116 0 2 0 8
videos.hw01/04_frame/744.jpg 0 606 1220 1472 321 1184 901 1862 60 168 134 242 170 4 0 8
videos.hw01/04_frame/745.jpg 62 490 438 720 414 336 502 1009 70 261 216 254 158 14 0 2
videos.hw01/04_frame/746.jpg 18 44 22 8 38 58 38 42 27 50 23 24 50 6 0 0
videos.hw01/04_frame/747.jpg 16 1126 1532 862 328 1081 857 2059 70 302 292 220 16 44 0 2
videos.hw01/04_frame/748.jpg 10 1564 3010 2304 489 254 2161 1730 141 467 246 530 0 74 0 0
videos.hw01/04_frame/749.jpg 14 676 618 168 514 1173 1653 931 37 246 534 176 0 22 0 0
videos.hw01/04_frame/750.jpg 28 44 82 76 381 841 918 323 25 222 83 100 0 4 0 0
videos.hw01/04_frame/751.jpg 100 104 14 34 381 84 116 109 118 141 110 208 260 60 40 0
videos.hw01/04_frame/752.jpg 8 170 210 188 286 682 652 314 72 118 175 182 36 30 0 0
videos.hw01/04_frame/753.jpg 2 1798 3156 338 207 1498 1723 2215 119 153 136 592 8 8 0 24
videos.hw01/04_frame/754.jpg 8 888 2780 1432 224 1128 2821 2232 24 105 371 230 142 14 88 16
videos.hw01/04_frame/755.jpg 2 608 2154 1896 215 435 670 718 21 77 108 206 14 40 40 0
videos.hw01/04_frame/756.jpg 2 16 26 40 34 24 44 58 0 37 131 24 0 0 0 0
videos.hw01/04_frame/757.jpg 38 40 446 358 349 265 379 320 135 131 135 160 48 44 40 0
videos.hw01/04_frame/758.jpg 2 300 776 370 277 508 1155 310 78 101 105 134 36 42 40 0
videos.hw01/04_frame/759.jpg 32 74 578 432 302 442 768 220 98 173 175 144 16 0 0 0
videos.hw01/04_frame/760.jpg 2 50 338 242 177 390 576 190 74 312 57 76 0 0 0 0
videos.hw01/04_frame/761.jpg 2 16 18 48 23 26 43 24 0 14 29 30 0 0 0 0
videos.hw01/04_frame/762.jpg 2 46 96 148 316 674 592 103 132 533 216 110 8 78 0 0
videos.hw01/04_frame/763.jpg 2 82 294 152 410 1085 762 236 238 506 174 66 0 8 0 0
videos.hw01/04_frame/764.jpg 2 136 256 80 255 517 705 158 213 379 113 116 6 14 0 0
videos.hw01/04_frame/765.jpg 2 278 946 878 218 603 533 725 156 244 102 124 0 4 0 0
videos.hw01/04_frame/766.jpg 4 30 36 12 113 76 132 50 30 89 153 60 78 2 44 0
videos.hw01/04_frame/767.jpg 2 264 2194 1558 220 523 472 1283 185 277 188 104 162 8 0 0
videos.hw01/04_frame/768.jpg 2 200 1242 2277 122 251 303 2651 22 118 168 238 4 0 0 0
videos.hw01/04_frame/769.jpg 6 28 190 1767 416 472 906 1238 229 309 326 158 34 74 60 0
videos.hw01/04_frame/770.jpg 2 118 62 974 840 886 1497 1199 319 544 342 256 72 0 0 0
videos.hw01/04_frame/771.jpg 2 12 10 17 25 43 61 31 22 26 94 22 12 112 0 0
videos.hw01/04_frame/772.jpg 2 134 736 681 1046 1048 721 2422 400 853 325 592 0 0 0 0
videos.hw01/04_frame/773.jpg 2 292 968 314 285 530 1657 1784 32 461 620 656 0 0 0 0
videos.hw01/04_frame/774.jpg 2 12 1834 2672 377 338 878 2528 14 194 282 546 0 0 0 0
videos.hw01/04_frame/775.jpg 466 476 1408 3238 735 1102 1206 1190 140 240 754 530 58 0 0 0
videos.hw01/04_frame/776.jpg 4 24 18 84 129 88 56 30 2 17 80 6 0 0 0 0
videos.hw01/04_frame/777.jpg 795 1265 1393 1573 1292 1293 870 1726 120 548 1198 996 2 4 0 0
videos.hw01/04_frame/778.jpg 652 1047 1427 1389 702 716 1276 1342 54 733 779 854 8 78 0 0
videos.hw01/04_frame/779.jpg 348 553 860 1241 1016 1637 1329 1063 16 768 614 622 0 2 0 0
videos.hw01/04_frame/780.jpg 770 743 866 825 1195 2049 1881 2079 281 507 358 110 122 78 64 10
videos.hw01/04_frame/781.jpg 85 40 77 119 160 112 96 237 103 207 42 152 262 10 0 10
videos.hw01/04_frame/782.jpg 529 703 468 679 660 1666 1420 1511 35 194 304 74 106 54 0 0
videos.hw01/04_frame/783.jpg 140 613 801 1446 262 1654 1516 1185 79 113 346 74 68 28 0 0
videos.hw01/04_frame/784.jpg 273 446 1208 1822 302 899 1266 1961 149 321 280 154 164 266 48 16
videos.hw01/04_frame/785.jpg 26 239 506 510 232 316 627 1530 93 217 218 46 126 164 40 0
videos.hw01/04_frame/786.jpg 24 82 54 100 66 133 72 74 26 74 42 62 12 44 54 0
videos.hw01/04_frame/787.jpg 338 194 304 284 482 444 464 890 124 128 209 68 208 26 38 24
videos.hw01/04_frame/788.jpg 105 305 224 416 729 848 673 206 130 175 394 194 188 78 66 0
videos.hw01/04_frame/789.jpg 363 626 616 142 690 1282 1206 994 255 154 613 90 180 92 6 0
videos.hw01/04_frame/790.jpg 842 762 286 1174 1592 2440 1433 2080 166 442 372 158 194 80 0 0
videos.hw01/04_frame/791.jpg 24 22 16 44 156 154 74 50 29 76 84 26 26 6 0 0
videos.hw01/04_frame/792.jpg 1082 446 562 720 1388 1712 1469 1484 212 509 493 280 256 96 24 0
videos.hw01/04_frame/793.jpg 278 946 755 560 2298 2064 2054 650 229 624 607 394 378 154 164 0
videos.hw01/04_frame/794.jpg 210 606 311 665 505 512 888 234 222 343 166 284 236 190 44 0
videos.hw01/04_frame/795.jpg 314 244 472 460 535 528 713 372 262 315 180 210 286 156 96 0
videos.hw01/04_frame/796.jpg 78 42 38 62 46 75 47 120 199 83 54 68 170 70 118 0
videos.hw01/04_frame/797.jpg 316 390 438 349 1414 952 1090 387 320 523 200 194 290 116 2 0
videos.hw01/04_frame/798.jpg 606 406 444 593 2443 1111 772 742 168 582 436 350 290 208 90 16
videos.hw01/04_frame/799.jpg 968 730 690 874 1413 2035 1417 889 339 555 748 370 264 140 106 16
videos.hw01/04_frame/800.jpg 464 491 1328 2615 1627 2307 3118 1185 234 405 650 188 286 250 76 8
videos.hw01/04_frame/801.jpg 42 36 14 36 34 114 50 62 28 32 46 14 124 0 0 0
videos.hw01/04_frame/802.jpg 260 625 1476 846 859 1454 2085 1271 155 411 307 244 382 166 20 46
videos.hw01/04_frame/803.jpg 142 406 714 608 207 731 1456 848 225 180 260 422 160 210 124 2
videos.hw01/04_frame/804.jpg 209 455 992 1276 626 955 949 920 253 322 171 136 316 166 108 8
videos.hw01/04_frame/805.jpg 530 547 1314 1613 1643 2380 2931 1433 219 287 664 240 172 168 50 2
videos.hw01/04_frame/806.jpg 48 44 72 68 60 120 53 96 57 36 114 36 108 6 0 0
videos.hw01/04_frame/807.jpg 1045 728 540 1118 2257 2627 1944 2385 297 352 424 146 110 124 6 12
videos.hw01/04_frame/808.jpg 288 442 521 384 2242 1166 1126 1705 194 402 246 402 74 182 96 2
videos.hw01/04_frame/809.jpg 292 210 117 220 688 613 530 317 278 326 186 148 108 198 68 0
videos.hw01/04_frame/810.jpg 228 168 232 70 188 156 235 254 182 170 188 80 204 202 44 44
videos.hw01/04_frame/811.jpg 50 116 16 34 73 84 63 76 66 54 62 46 100 12 2 0
videos.hw01/04_frame/812.jpg 158 172 161 132 186 295 425 427 134 124 368 116 106 106 80 26
videos.hw01/04_frame/813.jpg 30 26 26 19 78 78 74 64 58 49 66 62 24 14 122 80
videos.hw01/04_frame/814.jpg 390 378 425 257 926 734 1180 621 174 265 186 240 316 102 64 86
videos.hw01/04_frame/815.jpg 384 282 222 284 1172 1011 654 732 127 202 310 116 74 34 0 34
videos.hw01/04_frame/816.jpg 24 0 28 12 20 58 63 46 17 0 68 16 0 6 0 40
videos.hw01/04_frame/817.jpg 252 216 144 177 721 633 389 867 134 247 256 154 372 62 20 42
videos.hw01/04_frame/818.jpg 176 111 234 157 445 430 364 353 31 65 140 162 100 54 10 0
videos.hw01/04_frame/819.jpg 46 20 52 51 28 35 58 34 25 8 40 30 56 2 0 0
videos.hw01/04_frame/820.jpg 112 123 170 139 400 455 339 630 37 212 248 228 36 4 0 0
videos.hw01/04_frame/821.jpg 24 38 44 20 24 81 53 28 40 22 24 38 46 4 0 0
videos.hw01/04_frame/822.jpg 16 24 10 88 12 85 35 43 52 18 12 14 132 2 0 0
videos.hw01/04_frame/823.jpg 104 94 36 91 206 264 207 177 91 82 216 134 50 14 54 0
videos.hw01/04_frame/824.jpg 12 24 32 16 40 47 66 110 22 12 10 32 14 0 0 0
videos.hw01/04_frame/825.jpg 66 128 72 62 130 129 138 61 91 45 78 48 198 6 0 0
videos.hw01/04_frame/826.jpg 86 146 34 53 96 205 183 116 63 70 68 68 234 56 6 12
videos.hw01/04_frame/827.jpg 6 26 0 30 38 76 21 12 29 20 44 50 110 16 0 0
videos.hw01/04_frame/828.jpg 138 99 80 65 116 135 165 134 40 111 68 124 84 22 8 76
videos.hw01/04_frame/829.jpg 114 67 104 46 162 303 181 77 89 136 210 176 88 60 32 48
videos.hw01/04_frame/830.jpg 22 36 22 49 60 48 54 32 49 38 92 22 30 20 0 0
videos.hw01/04_frame/831.jpg 34 86 52 54 57 272 141 106 28 40 100 46 92 4 0 0
videos.hw01/04_frame/832.jpg 38 56 99 85 121 259 92 168 34 23 64 124 10 6 32 0
videos.hw01/04_frame/833.jpg 66 102 58 53 211 155 134 155 94 30 94 42 14 18 0 0
videos.hw01/04_frame/834.jpg 50 70 73 55 92 110 185 104 4 55 84 90 0 12 0 0
videos.hw01/04_frame/835.jpg 62 40 16 142 192 179 195 118 52 54 122 72 2 30 2 0
videos.hw01/04_frame/836.jpg 16 12 22 12 36 20 19 88 0 18 24 10 0 0 2 0
videos.hw01/04_frame/837.jpg 3064 4660 6148 3758 4027 4223 3177 5075 2736 3799 4250 6849 8997 5447 8611 7098
videos.hw01/04_frame/838.jpg 20 154 20 90 237 374 643 477 688 336 598 543 4 8 116 98
videos.hw01/04_frame/839.jpg 10 132 14 236 362 732 945 1105 512 720 1066 824 0 0 266 118
videos.hw01/04_frame/840.jpg 10 30 8 270 671 1340 1135 846 594 879 614 991 0 0 285 18
videos.hw01/04_frame/841.jpg 36 54 100 28 122 168 89 212 305 193 120 227 10 37 38 50
videos.hw01/04_frame/842.jpg 44 48 20 234 385 1158 812 2159 850 722 871 1293 11 38 130 292
videos.hw01/04_frame/843.jpg 12 30 4 174 781 963 603 507 660 572 923 744 16 23 56 124
videos.hw01/04_frame/844.jpg 12 30 4 194 672 661 773 580 416 531 400 578 2 20 62 54
videos.hw01/04_frame/845.jpg 12 30 4 100 617 485 1085 755 252 438 975 763 2 12 18 152
videos.hw01/04_frame/846.jpg 12 30 12 8 16 59 28 13 22 122 40 14 2 12 4 22
videos.hw01/04_frame/847.jpg 12 30 4 169 463 398 679 276 191 431 644 684 2 12 32 94
videos.hw01/04_frame/848.jpg 12 30 4 90 300 253 361 418 132 181 427 487 2 12 6 138
videos.hw01/04_frame/849.jpg 12 30 4 62 267 221 663 321 146 95 394 328 2 12 6 28
videos.hw01/04_frame/850.jpg 12 34 20 75 244 282 859 279 177 234 315 618 4 12 4 10
videos.hw01/04_frame/851.jpg 12 30 4 2 50 36 33 15 46 28 15 32 2 12 4 0
videos.hw01/04_frame/852.jpg 20 30 4 83 280 317 1279 358 215 316 473 858 2 12 4 28
videos.hw01/04_frame/853.jpg 40 62 20 57 211 231 830 222 233 185 308 717 13 35 14 56
videos.hw01/04_frame/854.jpg 40 46 20 22 197 157 1686 517 137 172 609 647 15 47 14 12
videos.hw01/04_frame/855.jpg 12 32 8 6 223 252 949 244 282 306 135 303 0 14 8 12
videos.hw01/04_frame/856.jpg 22 18 8 42 35 134 138 60 59 63 91 138 8 12 32 70
videos.hw01/04_frame/857.jpg 12 16 82 41 252 312 1049 362 122 114 401 732 0 8 38 98
videos.hw01/04_frame/858.jpg 12 4 8 30 51 95 532 188 52 42 140 335 0 8 34 0
videos.hw01/04_frame/859.jpg 12 2 6 56 206 108 667 430 66 84 122 524 0 8 12 0
videos.hw01/04_frame/860.jpg 12 0 6 74 175 129 408 213 117 156 139 248 0 10 6 28
videos.hw01/04_frame/861.jpg 10 0 4 3 87 65 24 97 18 38 26 2 0 6 10 14
videos.hw01/04_frame/862.jpg 20 0 8 47 183 237 497 234 122 181 423 299 0 10 38 46
videos.hw01/04_frame/863.jpg 10 0 10 39 207 130 883 149 130 176 199 517 0 6 14 186
videos.hw01/04_frame/864.jpg 10 0 8 68 136 164 1356 403 176 188 374 703 0 6 8 96
videos.hw01/04_frame/865.jpg 22 52 40 69 405 374 228 444 243 248 255 531 25 39 60 118
videos.hw01/04_frame/866.jpg 128 56 24 46 252 88 116 112 133 93 111 141 21 96 142 66
videos.hw01/04_frame/867.jpg 24 30 24 27 275 319 134 231 128 218 227 332 4 8 10 56
videos.hw01/04_frame/868.jpg 22 12 0 52 916 441 501 850 375 445 719 992 2 17 12 232
videos.hw01/04_frame/869.jpg 206 78 54 114 1460 737 1345 796 749 653 864 1637 60 175 66 714
videos.hw01/04_frame/870.jpg 120 233 134 542 438 1217 1314 1453 662 818 1001 1382 88 95 261 428
videos.hw01/04_frame/871.jpg 46 54 80 12 80 67 30 59 60 72 57 141 0 50 48 16
videos.hw01/04_frame/872.jpg 231 381 146 286 1245 770 788 1209 1488 1312 796 1237 93 255 317 154
videos.hw01/04_frame/873.jpg 341 393 184 192 1282 746 450 498 1268 689 463 804 103 260 271 223
videos.hw01/04_frame/874.jpg 232 400 142 56 763 488 422 410 803 593 413 434 121 334 177 113
videos.hw01/04_frame/875.jpg 388 342 195 112 768 1241 239 978 399 1126 394 492 104 277 202 86
videos.hw01/04_frame/876.jpg 8 82 16 16 68 38 26 27 34 111 62 56 19 28 10 0
videos.hw01/04_frame/877.jpg 231 262 139 74 478 293 224 514 357 431 256 395 67 284 251 102
videos.hw01/04_frame/878.jpg 293 395 113 110 333 272 173 856 239 384 262 638 52 198 220 74
videos.hw01/04_frame/879.jpg 256 107 43 92 345 138 139 470 202 261 275 339 70 137 164 82
videos.hw01/04_frame/880.jpg 292 157 81 18 161 181 161 620 203 287 205 361 39 129 117 192
videos.hw01/04_frame/881.jpg 26 54 40 28 33 23 35 62 26 47 27 62 0 35 76 4
videos.hw01/04_frame/882.jpg 89 58 39 14 180 154 109 208 158 154 207 122 28 95 58 12
videos.hw01/04_frame/883.jpg 88 61 36 4 190 203 63 94 119 170 86 143 4 8 44 14
videos.hw01/04_frame/884.jpg 44 80 50 80 188 152 120 137 173 156 111 218 15 41 39 46
videos.hw01/04_frame/885.jpg 60 63 35 48 123 161 101 148 224 223 182 301 0 5 111 30
videos.hw01/04_frame/886.jpg 69 50 64 14 47 73 32 138 121 93 67 123 0 62 42 76
videos.hw01/04_frame/887.jpg 87 88 87 26 317 202 126 340 185 155 125 259 12 88 53 42
videos.hw01/04_frame/888.jpg 33 22 83 4 182 112 175 208 157 231 318 188 3 4 75 50
videos.hw01/04_frame/889.jpg 3117 6253 5707 8254 5599 6205 7438 6374 5100 3908 5594 4347 6073 6359 4609 6741
videos.hw01/04_frame/890.jpg 36 84 78 28 23 14 49 9 46 20 66 41 28 35 13 38
videos.hw01/04_frame/891.jpg 8 18 14 39 8 8 30 12 16 10 46 20 4 30 25 6
videos.hw01/04_frame/892.jpg 4 0 6 25 0 2 16 0 8 0 16 8 18 16 8 14
videos.hw01/04_frame/893.jpg 24 0 0 17 22 4 12 6 12 2 24 8 0 12 24 0
videos.hw01/04_frame/894.jpg 4 0 30 27 0 2 2 8 8 0 16 4 0 6 4 0
videos.hw01/04_frame/895.jpg 4 8 14 19 10 2 2 8 8 0 16 4 0 4 4 0
videos.hw01/04_frame/896.jpg 4 0 0 25 0 2 4 0 8 0 16 0 0 4 10 2
videos.hw01/04_frame/897.jpg 4 8 6 33 0 2 14 8 8 0 14 8 0 4 42 12
videos.hw01/04_frame/898.jpg 4 0 0 33 0 2 2 0 8 0 0 9 0 4 4 4
videos.hw01/04_frame/899.jpg 36 0 8 41 0 2 14 2 8 4 6 5 0 4 4 46
videos.hw01/04_frame/900.jpg 4 0 0 19 0 2 2 0 14 0 0 11 0 4 4 8
videos.hw01/04_frame/901.jpg 46 68 61 77 15 74 57 33 52 26 58 41 56 51 30 67
videos.hw01/04_frame/902.jpg 36 62 69 46 31 44 67 31 48 18 46 55 26 44 31 58
videos.hw01/04_frame/903.jpg 10 30 26 26 8 8 50 24 16 14 24 18 6 44 35 6
videos.hw01/04_frame/904.jpg 4 1 32 28 0 42 16 4 8 72 16 0 20 20 22 4
videos.hw01/04_frame/905.jpg 4 4 24 76 0 62 142 72 8 58 83 87 0 4 4 12
videos.hw01/04_frame/906.jpg 4 24 0 20 0 2 38 16 8 6 24 22 0 14 36 0
videos.hw01/04_frame/907.jpg 4 18 2 150 0 328 250 46 8 751 82 42 0 10 2 2
videos.hw01/04_frame/908.jpg 4 0 2 287 0 256 104 24 8 542 184 32 0 10 6 8
videos.hw01/04_frame/909.jpg 4 0 6 244 0 254 60 46 492 659 55 79 0 4 2 8
videos.hw01/04_frame/910.jpg 4 0 0 160 2 178 21 82 399 666 64 26 0 34 2 24
videos.hw01/04_frame/911.jpg 4 0 4 22 2 18 30 8 42 5 16 0 0 4 2 0
videos.hw01/04_frame/912.jpg 4 2 0 72 4 200 19 66 1077 232 45 28 14 10 2 2
videos.hw01/04_frame/913.jpg 382 244 325 71 135 181 106 91 856 284 245 175 93 193 115 97
videos.hw01/04_frame/914.jpg 208 374 232 106 140 218 159 106 404 314 89 159 112 208 98 142
videos.hw01/04_frame/915.jpg 350 407 267 289 223 331 297 201 470 387 189 152 174 330 102 203
videos.hw01/04_frame/916.jpg 63 104 60 179 65 48 74 30 90 68 66 27 72 59 73 46
videos.hw01/04_frame/917.jpg 550 336 303 326 176 258 248 137 449 337 309 166 321 376 309 232
videos.hw01/04_frame/918.jpg 316 324 235 278 297 321 297 177 578 487 253 303 239 327 222 203
videos.hw01/04_frame/919.jpg 387 429 430 302 251 364 302 169 575 360 396 257 228 451 156 208
videos.hw01/04_frame/920.jpg 448 498 348 502 332 421 428 102 547 348 375 308 233 309 314 255
videos.hw01/04_frame/921.jpg 48 38 67 20 10 34 14 6 35 100 38 18 0 25 12 21
videos.hw01/04_frame/922.jpg 394 357 506 514 273 811 317 218 463 525 246 305 327 270 277 214
videos.hw01/04_frame/923.jpg 339 368 348 657 271 199 213 48 280 329 137 331 186 303 255 157
videos.hw01/04_frame/924.jpg 464 457 446 489 317 258 136 64 744 708 117 398 152 229 430 278
videos.hw01/04_frame/925.jpg 419 519 479 461 279 204 60 68 584 695 408 333 115 418 307 284
videos.hw01/04_frame/926.jpg 47 40 56 59 20 27 22 30 86 108 84 21 15 80 100 166
videos.hw01/04_frame/927.jpg 412 357 342 401 297 116 166 80 715 528 1148 281 65 394 447 249
videos.hw01/04_frame/928.jpg 518 207 611 385 356 157 82 60 568 710 605 595 73 470 689 243
videos.hw01/04_frame/929.jpg 207 267 354 331 186 116 351 106 654 493 661 584 65 404 527 344
videos.hw01/04_frame/930.jpg 249 419 256 359 122 298 120 134 258 426 405 533 43 281 762 703
videos.hw01/04_frame/931.jpg 62 116 154 53 38 20 52 28 72 136 96 28 10 49 162 72
videos.hw01/04_frame/932.jpg 262 266 281 332 227 116 197 224 301 372 365 290 64 287 380 676
videos.hw01/04_frame/933.jpg 129 361 278 241 101 231 135 183 198 307 219 275 65 256 282 342
videos.hw01/04_frame/934.jpg 193 344 191 186 294 287 228 214 247 304 177 97 134 340 321 341
videos.hw01/04_frame/935.jpg 170 326 230 247 89 305 212 193 243 259 144 190 69 303 355 421
videos.hw01/04_frame/936.jpg 38 60 58 8 92 0 48 12 22 39 46 46 0 20 22 72
videos.hw01/04_frame/937.jpg 170 218 219 251 151 289 100 133 125 213 208 69 28 187 148 361
videos.hw01/04_frame/938.jpg 153 270 279 157 118 252 123 120 213 190 204 193 32 180 133 181
videos.hw01/04_frame/939.jpg 277 236 322 113 54 145 107 169 177 237 96 180 23 194 286 210
videos.hw01/04_frame/940.jpg 137 233 254 84 77 67 148 177 148 211 210 180 35 231 204 242
videos.hw01/04_frame/941.jpg 18 110 74 12 14 34 12 8 14 22 40 17 18 20 22 69
videos.hw01/04_frame/942.jpg 164 207 288 81 108 155 90 95 148 180 114 69 18 194 145 187
videos.hw01/04_frame/943.jpg 60 144 96 50 28 111 40 27 29 55 44 39 6 52 34 132
videos.hw01/04_frame/944.jpg 52 54 49 47 31 68 36 30 194 56 40 40 20 40 90 158
videos.hw01/04_frame/945.jpg 14 14 84 26 13 42 67 30 12 24 58 27 0 64 111 145
videos.hw01/04_frame/946.jpg 31 207 100 70 89 192 70 30 58 133 54 58 12 90 157 190
videos.hw01/04_frame/947.jpg 110 164 172 81 88 238 114 56 173 242 138 164 18 151 144 226
videos.hw01/04_frame/948.jpg 28 22 52 28 18 34 46 56 10 57 44 55 0 20 120 92
videos.hw01/04_frame/949.jpg 124 236 135 107 140 370 218 56 164 144 202 177 23 116 205 285
videos.hw01/04_frame/950.jpg 31 42 134 33 32 24 46 65 29 82 52 71 10 60 220 141
videos.hw01/04_frame/951.jpg 10 38 43 18 6 8 14 21 2 7 36 20 1 34 72 26
videos.hw01/04_frame/952.jpg 24 28 36 38 8 18 21 108 10 24 56 51 1 22 24 145
videos.hw01/04_frame/953.jpg 8 20 49 38 4 16 42 22 2 15 16 16 0 0 14 80
videos.hw01/04_frame/954.jpg 12 4 35 13 10 2 24 16 25 36 22 12 0 50 77 99
videos.hw01/04_frame/955.jpg 42 10 53 0 24 16 48 28 17 32 26 13 0 20 30 77
videos.hw01/04_frame/956.jpg 4 10 14 8 20 20 23 0 10 22 22 2 0 18 6 14
videos.hw01/04_frame/957.jpg 38 8 77 93 29 12 113 258 39 8 4 0 0 14 10 48
videos.hw01/04_frame/958.jpg 5 6 22 82 2 26 79 132 4 10 8 4 0 0 8 76
videos.hw01/04_frame/959.jpg 5 6 64 46 8 18 81 138 25 14 38 12 0 0 0 80
videos.hw01/04_frame/960.jpg 5 6 43 17 114 0 53 32 58 8 14 4 0 0 2 39
videos.hw01/04_frame/961.jpg 51 132 139 62 110 42 162 96 85 86 151 144 23 109 88 97
videos.hw01/04_frame/962.jpg 29 82 1641 3403 108 582 4817 5329 53 48 54 34 16 48 135 172
videos.hw01/04_frame/963.jpg 14 100 804 978 78 194 780 1007 45 23 20 54 0 18 26 79
videos.hw01/04_frame/964.jpg 6 730 2313 2140 66 944 1445 1023 36 15 6 110 0 0 24 275
videos.hw01/04_frame/965.jpg 6 1294 2226 1970 14 796 911 834 6 31 4 109 0 10 10 308
videos.hw01/04_frame/966.jpg 12 26 26 87 8 4 47 108 4 7 6 36 0 4 24 18
videos.hw01/04_frame/967.jpg 90 3048 3958 3208 108 1042 1280 1183 25 7 10 110 0 0 8 311
videos.hw01/04_frame/968.jpg 2285 6035 2103 467 90 2807 1320 1186 34 7 6 18 0 0 16 60
videos.hw01/04_frame/969.jpg 2892 2057 23 24 591 2116 1448 870 84 27 32 17 0 0 10 27
videos.hw01/04_frame/970.jpg 3184 2107 0 64 637 2383 1253 1214 43 73 426 116 0 0 10 41
videos.hw01/04_frame/971.jpg 18 0 0 0 3 6 12 1 36 23 8 23 0 0 10 7
videos.hw01/04_frame/972.jpg 1138 0 0 22 810 1419 1463 775 136 407 654 35 0 0 10 44
videos.hw01/04_frame/973.jpg 3586 4749 4630 4483 1876 2334 1641 2012 555 1484 952 91 16 34 93 153
videos.hw01/04_frame/974.jpg 7372 7728 6187 6303 1067 5243 4971 4904 2754 5028 3582 833 16 88 471 130
videos.hw01/04_frame/975.jpg 50 32 31 1082 2049 2273 1829 1404 2732 5463 4936 895 153 4411 3262 367
videos.hw01/04_frame/976.jpg 91 204 148 67 81 125 123 76 167 345 100 103 55 105 119 240
videos.hw01/04_frame/977.jpg 10 36 34 56 24 36 177 472 266 1844 484 54 188 3905 3510 126
videos.hw01/04_frame/978.jpg 4 36 6 18 2 4 124 85 21 28 32 43 30 686 68 133
videos.hw01/04_frame/979.jpg 30 74 58 40 76 105 286 311 260 140 100 62 18 106 42 182
videos.hw01/04_frame/980.jpg 10 44 20 2 46 4 223 486 24 38 30 40 4 60 26 87
videos.hw01/04_frame/981.jpg 4 28 14 20 40 2 18 36 28 70 6 0 0 40 6 46
videos.hw01/04_frame/982.jpg 25 138 66 19 63 52 291 479 111 74 58 24 15 116 70 66
videos.hw01/04_frame/983.jpg 1 28 36 8 40 0 49 78 32 48 12 21 8 44 70 58
videos.hw01/04_frame/984.jpg 22 72 23 40 46 8 240 203 123 120 62 17 1 100 20 64
videos.hw01/04_frame/985.jpg 72 116 108 105 57 91 129 150 153 183 107 128 49 138 80 201
videos.hw01/04_frame/986.jpg 53 60 108 138 51 16 67 99 77 61 96 26 19 86 30 47
videos.hw01/04_frame/987.jpg 50 32 12 62 8 15 100 18 52 90 68 6 10 74 16 112
videos.hw01/04_frame/988.jpg 22 28 42 24 24 42 135 28 20 56 40 28 5 26 24 75
videos.hw01/04_frame/989.jpg 29 32 32 61 14 12 242 406 106 33 26 18 5 44 24 103
videos.hw01/04_frame/990.jpg 37 132 128 132 12 22 96 142 24 58 10 37 0 58 54 157
videos.hw01/04_frame/991.jpg 52 102 80 55 20 92 74 66 142 109 88 43 3 54 104 115
videos.hw01/04_frame/992.jpg 50 64 33 64 30 20 69 10 10 75 44 29 25 42 78 156
videos.hw01/04_frame/993.jpg 0 26 30 22 30 14 42 35 38 48 16 7 0 44 32 48
videos.hw01/04_frame/994.jpg 16 26 40 14 40 48 82 41 70 56 6 24 4 42 41 58
videos.hw01/04_frame/995.jpg 12 76 24 56 33 16 60 22 72 40 26 2 0 50 20 53
videos.hw01/04_frame/996.jpg 10 32 34 16 5 32 22 45 48 30 20 0 33 18 20 29
videos.hw01/04_frame/997.jpg 60 106 151 78 167 18 67 36 63 134 118 106 19 48 107 88
videos.hw01/04_frame/998.jpg 66 110 52 60 29 10 61 35 57 100 30 42 2 22 64 24
videos.hw01/04_frame/999.jpg 6 24 64 56 14 22 83 79 18 37 38 32 8 32 30 125
videos.hw01/04_frame/1000.jpg 10 36 6 6 0 14 30 47 6 46 17 26 0 16 49 162
videos.hw01/04_frame/1001.jpg 10 26 14 20 6 30 8 25 40 60 28 2 0 8 20 66
videos.hw01/04_frame/1002.jpg 10 45 86 32 6 6 56 46 18 20 52 50 0 30 34 114
videos.hw01/04_frame/1003.jpg 10 32 28 32 2 16 56 8 38 10 22 9 0 22 52 110
videos.hw01/04_frame/1004.jpg 10 8 18 30 2 2 66 40 30 36 76 24 0 24 34 144
videos.hw01/04_frame/1005.jpg 115 134 173 152 52 56 137 78 355 86 130 108 35 118 155 156
videos.hw01/04_frame/1006.jpg 12 38 30 122 21 12 44 16 19 30 68 10 2 48 14 68
videos.hw01/04_frame/1007.jpg 12 28 36 28 2 8 4 8 16 10 126 17 3 24 20 88
videos.hw01/04_frame/1008.jpg 10 6 28 0 0 2 0 0 2 0 40 2 0 0 14 84
videos.hw01/04_frame/1009.jpg 107 130 142 175 211 15 66 138 116 118 146 158 20 116 92 209
videos.hw01/04_frame/1010.jpg 25 86 76 81 18 26 30 24 30 34 34 29 4 66 30 70
videos.hw01/04_frame/1011.jpg 24 42 55 28 12 4 50 14 17 18 32 16 0 38 16 19
videos.hw01/04_frame/1012.jpg 40 12 32 12 6 2 8 6 17 11 38 22 10 34 56 74
videos.hw01/04_frame/1013.jpg 1 46 48 40 41 0 18 24 84 56 42 32 0 28 20 105
videos.hw01/04_frame/1014.jpg 8 12 22 24 2 12 2 16 26 22 40 51 0 4 26 164
videos.hw01/04_frame/1015.jpg 0 18 36 12 34 0 8 26 30 8 8 63 0 34 28 183
videos.hw01/04_frame/1016.jpg 0 8 42 4 2 0 8 17 12 12 6 21 0 2 8 34
videos.hw01/04_frame/1017.jpg 16 20 30 20 34 2 18 2 0 31 49 54 0 12 110 161
videos.hw01/04_frame/1018.jpg 18 24 12 10 0 2 10 8 8 13 52 24 0 2 71 190
videos.hw01/04_frame/1019.jpg 4 20 34 10 2 14 10 10 8 15 22 40 0 2 52 170
videos.hw01/04_frame/1020.jpg 8 8 32 6 0 2 18 64 50 6 16 32 1 10 54 146
videos.hw01/04_frame/1021.jpg 89 210 125 127 108 94 62 114 183 65 105 54 36 118 132 50
videos.hw01/04_frame/1022.jpg 54 44 71 59 36 4 59 26 44 43 32 47 36 82 62 124
videos.hw01/04_frame/1023.jpg 30 22 28 19 21 0 10 12 11 19 48 28 8 32 41 83
videos.hw01/04_frame/1024.jpg 16 8 14 4 2 8 4 12 0 19 6 23 5 10 19 28
videos.hw01/04_frame/1025.jpg 15 16 46 0 24 12 14 2 33 8 30 11 12 54 25 59
videos.hw01/04_frame/1026.jpg 0 36 24 16 50 16 22 58 33 20 16 17 1 18 8 78
videos.hw01/04_frame/1027.jpg 34 50 18 0 2 14 2 22 20 47 30 14 0 6 47 31
videos.hw01/04_frame/1028.jpg 2 4 20 8 6 0 2 0 8 12 20 12 0 12 36 69
videos.hw01/04_frame/1029.jpg 2 20 13 0 0 0 8 0 4 34 48 5 0 24 20 36
videos.hw01/04_frame/1030.jpg 0 24 26 0 2 4 0 0 26 54 16 2 0 16 24 22
videos.hw01/04_frame/1031.jpg 0 6 62 0 6 41 0 0 0 30 2 8 0 2 4 11
videos.hw01/04_frame/1032.jpg 0 24 72 2 0 0 14 0 18 6 4 40 0 2 20 14
videos.hw01/04_frame/1033.jpg 83 62 74 58 33 28 32 96 71 53 118 133 40 80 57 153
videos.hw01/04_frame/1034.jpg 144 137 82 108 76 180 78 151 129 93 69 215 84 114 97 139
videos.hw01/04_frame/1035.jpg 6 42 42 36 36 6 30 38 2 28 46 22 1 10 32 37
videos.hw01/04_frame/1036.jpg 2 22 4 56 0 0 0 2 4 0 58 3 2 6 6 10
videos.hw01/04_frame/1037.jpg 2 24 2 0 0 0 10 10 6 12 26 0 0 2 36 18
videos.hw01/04_frame/1038.jpg 4 44 10 64 16 64 24 148 26 32 30 17 1 40 12 2
videos.hw01/04_frame/1039.jpg 1339 358 401 1108 511 475 413 1526 941 319 434 246 111 734 560 656
videos.hw01/04_frame/1040.jpg 3470 1606 579 1126 1596 1134 1502 1139 1875 919 994 913 3620 757 756 975
videos.hw01/04_frame/1041.jpg 1844 1163 1079 1208 3586 1118 2606 3371 2748 2185 1516 2852 7250 2216 1183 2360
videos.hw01/04_frame/1042.jpg 1417 1830 1802 3484 7025 4332 2638 3139 4578 981 1896 4909 8706 1352 2582 1039
videos.hw01/04_frame/1043.jpg 8844 9564 9463 9554 9460 9600 9600 9600 9430 9588 9578 9366 9440 9598 9600 9587
videos.hw01/04_frame/1044.jpg 206 128 270 1560 160 96 50 580 64 72 194 176 126 130 0 0
videos.hw01/04_frame/1045.jpg 340 152 316 376 238 626 66 148 1120 2258 542 0 1010 1930 0 0
videos.hw01/04_frame/1046.jpg 7752 5912 200 318 8778 6184 24 370 8008 5176 96 56 7976 6160 0 0
videos.hw01/04_frame/1047.jpg 348 0 10 0 264 0 0 0 152 0 0 0 168 0 0 0
videos.hw01/04_frame/1048.jpg 324 0 0 0 0 0 0 0 0 0 0 0 0 0 0 0
videos.hw01/04_frame/1049.jpg 966 0 0 0 0 0 0 0 0 0 0 0 0 0 0 0
videos.hw01/04_frame/1050.jpg 0 0 0 0 0 0 0 0 0 0 0 0 0 0 0 0
videos.hw01/04_frame/1051.jpg 0 0 0 0 0 0 0 0 0 0 0 0 0 0 0 0
videos.hw01/04_frame/1052.jpg 0 0 0 0 0 0 0 0 0 0 0 0 0 0 0 0
