videos.hw01/04_frame/1.jpg 0 0 0 0 0 0 0 0 0 0 0 0 0 0 0 0
videos.hw01/04_frame/2.jpg 82 114 52 1832 130 170 1408 1884 32 44 454 850 76 74 64 260
videos.hw01/04_frame/3.jpg 66 54 40 642 122 262 1764 1604 58 100 382 944 18 64 66 160
videos.hw01/04_frame/4.jpg 62 40 32 314 182 308 1188 3384 2 182 424 158 90 58 62 210
videos.hw01/04_frame/5.jpg 138 152 92 60 378 402 326 1512 6 334 362 424 10 86 210 396
videos.hw01/04_frame/6.jpg 138 54 138 102 102 88 56 162 238 252 216 90 66 106 76 72
videos.hw01/04_frame/7.jpg 154 70 72 144 218 318 426 212 2 388 430 424 126 152 92 224
videos.hw01/04_frame/8.jpg 224 66 144 62 272 324 194 296 198 172 304 258 256 256 164 234
videos.hw01/04_frame/9.jpg 234 226 116 118 504 328 144 250 486 382 220 126 754 478 352 216
videos.hw01/04_frame/10.jpg 176 182 70 116 174 248 152 240 90 218 182 128 112 136 334 126
videos.hw01/04_frame/11.jpg 270 102 182 158 506 186 152 220 506 204 188 80 484 110 266 226
videos.hw01/04_frame/12.jpg 160 214 86 156 466 242 88 584 184 284 146 134 162 116 136 260
videos.hw01/04_frame/13.jpg 124 62 102 60 364 362 156 416 622 176 260 96 406 34 126 110
videos.hw01/04_frame/14.jpg 64 42 56 38 376 414 76 322 418 172 218 90 398 32 82 112
videos.hw01/04_frame/15.jpg 72 46 56 58 254 338 184 222 60 278 324 102 16 16 186 172
videos.hw01/04_frame/16.jpg 70 140 146 178 56 240 48 168 194 204 208 100 60 166 102 66
videos.hw01/04_frame/17.jpg 16 12 34 20 300 474 596 596 224 148 366 420 0 6 28 478
videos.hw01/04_frame/18.jpg 0 4 20 34 480 414 602 448 152 340 374 490 0 146 2 596
videos.hw01/04_frame/19.jpg 8040 6498 4544 7472 5006 6312 6728 3950 7462 6432 6940 5324 9110 7564 7842 6522
videos.hw01/04_frame/20.jpg 40 46 70 20 76 118 118 410 380 352 394 270 198 320 122 156
videos.hw01/04_frame/21.jpg 70 20 46 18 348 18 42 98 120 152 78 122 44 92 114 24
videos.hw01/04_frame/22.jpg 16 12 90 20 182 100 72 334 316 400 388 266 158 438 220 158
videos.hw01/04_frame/23.jpg 32 54 184 92 168 76 192 280 644 322 374 280 128 276 174 124
videos.hw01/04_frame/24.jpg 0 90 106 68 142 102 196 164 264 372 216 186 50 188 302 126
videos.hw01/04_frame/25.jpg 40 60 106 198 500 86 336 326 580 264 366 294 92 180 128 128
videos.hw01/04_frame/26.jpg 98 24 16 86 72 96 62 90 48 74 64 42 48 24 40 28
videos.hw01/04_frame/27.jpg 240 134 116 62 198 146 244 172 330 182 394 264 52 86 120 102
videos.hw01/04_frame/28.jpg 58 90 92 106 80 100 188 204 356 156 162 142 28 82 62 74
videos.hw01/04_frame/29.jpg 10 102 164 158 80 30 102 180 188 170 166 148 30 96 48 82
videos.hw01/04_frame/30.jpg 0 96 266 54 122 86 108 162 296 178 166 96 32 70 84 126
videos.hw01/04_frame/31.jpg 122 88 120 64 286 136 238 172 110 74 208 170 102 82 90 98
videos.hw01/04_frame/32.jpg 38 126 350 64 180 122 94 136 220 140 166 268 20 62 114 118
videos.hw01/04_frame/33.jpg 40 96 230 44 0 56 148 108 92 122 140 180 18 62 42 78
videos.hw01/04_frame/34.jpg 192 124 262 144 138 142 250 162 206 132 116 156 32 74 80 136
videos.hw01/04_frame/35.jpg 88 68 346 88 36 194 174 114 140 194 166 226 12 52 40 64
videos.hw01/04_frame/36.jpg 0 12 90 6 0 18 18 44 50 28 10 34 2 0 34 20
videos.hw01/04_frame/37.jpg 120 150 372 132 132 174 170 188 186 230 328 246 54 118 152 100
videos.hw01/04_frame/38.jpg 32 104 168 118 22 52 128 114 172 222 174 236 68 46 46 48
videos.hw01/04_frame/39.jpg 0 194 200 86 0 50 118 268 264 204 128 244 42 54 20 34
videos.hw01/04_frame/40.jpg 0 106 218 42 130 96 184 160 138 190 240 250 12 36 82 52
videos.hw01/04_frame/41.jpg 0 10 58 28 0 48 10 44 20 42 46 82 2 0 32 10
videos.hw01/04_frame/42.jpg 0 120 168 48 8 68 142 108 336 240 198 180 48 72 70 80
videos.hw01/04_frame/43.jpg 0 118 184 70 0 56 80 126 272 152 144 182 6 10 40 48
videos.hw01/04_frame/44.jpg 0 98 236 70 0 116 68 172 156 244 198 140 44 100 52 24
videos.hw01/04_frame/45.jpg 0 80 84 20 0 74 38 146 138 202 68 98 14 24 28 60
videos.hw01/04_frame/46.jpg 48 78 222 18 126 88 184 100 388 120 68 138 44 30 34 82
videos.hw01/04_frame/47.jpg 32 94 142 36 86 86 158 98 178 186 110 148 30 102 12 76
videos.hw01/04_frame/48.jpg 102 58 154 86 102 64 360 258 534 156 194 134 168 128 126 106
videos.hw01/04_frame/49.jpg 186 114 134 80 192 84 448 286 188 174 234 170 74 96 158 70
videos.hw01/04_frame/50.jpg 8 34 106 32 122 16 72 120 288 170 94 52 94 192 96 46
videos.hw01/04_frame/51.jpg 0 12 60 32 0 0 18 138 114 92 20 36 10 34 24 8
videos.hw01/04_frame/52.jpg 0 36 100 88 48 18 36 132 96 108 60 92 64 84 64 44
videos.hw01/04_frame/53.jpg 44 20 72 18 0 8 66 80 76 56 38 54 74 140 74 40
videos.hw01/04_frame/54.jpg 0 38 70 8 0 6 72 172 342 164 140 22 82 98 66 64
videos.hw01/04_frame/55.jpg 0 40 62 18 8 84 116 154 166 142 152 70 64 192 114 26
videos.hw01/04_frame/56.jpg 0 16 8 6 2 50 24 20 112 60 32 36 0 20 10 56
videos.hw01/04_frame/57.jpg 164 22 74 2 80 82 72 184 148 190 98 128 72 166 72 20
videos.hw01/04_frame/58.jpg 0 2 146 2 0 28 90 134 106 178 100 84 58 110 116 30
videos.hw01/04_frame/59.jpg 0 8 72 10 96 66 156 180 152 128 82 92 46 120 124 92
videos.hw01/04_frame/60.jpg 0 38 176 8 2 68 130 222 188 150 76 152 72 108 50 46
videos.hw01/04_frame/61.jpg 78 86 310 90 136 96 216 182 418 110 296 184 78 82 64 56
videos.hw01/04_frame/62.jpg 10 60 70 28 136 38 122 142 160 104 102 90 58 146 80 58
videos.hw01/04_frame/63.jpg 4 68 88 70 64 22 100 276 276 140 144 138 40 136 56 46
videos.hw01/04_frame/64.jpg 84 36 92 60 220 14 62 196 310 70 52 70 32 58 84 74
videos.hw01/04_frame/65.jpg 0 24 32 126 174 16 88 134 102 94 58 70 40 146 88 82
videos.hw01/04_frame/66.jpg 0 18 10 38 18 12 10 78 24 38 52 16 6 56 50 2
videos.hw01/04_frame/67.jpg 16 60 44 46 142 22 44 126 176 66 218 60 44 80 36 6
videos.hw01/04_frame/68.jpg 0 18 14 48 8 26 42 102 160 76 96 28 30 34 44 24
videos.hw01/04_frame/69.jpg 0 18 6 0 4 2 38 100 224 80 30 18 38 74 26 20
videos.hw01/04_frame/70.jpg 32 18 6 0 6 4 12 124 94 84 2 26 32 42 54 40
videos.hw01/04_frame/71.jpg 0 18 16 54 0 8 16 24 16 24 34 16 6 6 44 6
videos.hw01/04_frame/72.jpg 0 28 12 42 0 16 10 78 50 90 90 34 6 44 22 50
videos.hw01/04_frame/73.jpg 32 80 174 82 184 32 152 132 294 212 206 176 56 148 64 70
videos.hw01/04_frame/74.jpg 8 20 90 40 200 18 26 134 66 72 46 54 66 40 32 56
videos.hw01/04_frame/75.jpg 0 0 42 0 52 14 8 82 62 42 44 28 10 34 22 32
videos.hw01/04_frame/76.jpg 16 44 234 120 190 44 208 106 492 196 114 140 26 86 46 38
videos.hw01/04_frame/77.jpg 252 60 208 174 620 46 110 210 204 162 128 198 114 130 82 40
videos.hw01/04_frame/78.jpg 60 40 130 50 170 52 52 110 206 18 64 74 10 14 60 42
videos.hw01/04_frame/79.jpg 220 76 86 108 504 24 424 198 154 108 166 78 68 60 76 144
videos.hw01/04_frame/80.jpg 30 36 18 34 154 2 20 42 134 54 10 34 28 66 12 44
videos.hw01/04_frame/81.jpg 184 32 8 2 10 6 8 4 142 8 4 8 6 2 28 24
videos.hw01/04_frame/82.jpg 144 2 70 18 164 62 26 134 118 18 4 12 36 14 20 30
videos.hw01/04_frame/83.jpg 176 14 28 32 106 16 40 138 82 124 20 40 54 102 42 40
videos.hw01/04_frame/84.jpg 0 12 36 12 84 36 160 74 74 18 64 10 50 108 52 22
videos.hw01/04_frame/85.jpg 222 114 106 44 86 76 240 124 188 150 140 108 116 132 60 52
videos.hw01/04_frame/86.jpg 82 40 34 36 84 24 86 84 76 42 46 58 38 20 28 22
videos.hw01/04_frame/87.jpg 86 10 0 34 26 6 78 86 72 32 76 42 20 38 52 26
videos.hw01/04_frame/88.jpg 9440 8932 7824 3134 9392 8414 6522 3308 7804 6344 4692 4310 2554 1948 4066 1248
videos.hw01/04_frame/89.jpg 0 126 64 128 972 2510 1138 1102 850 786 456 1150 88 136 32 20
videos.hw01/04_frame/90.jpg 0 104 82 752 762 2768 3592 1384 1420 1226 1156 1896 84 166 36 154
videos.hw01/04_frame/91.jpg 0 14 30 46 20 138 60 46 30 136 10 66 34 22 22 0
videos.hw01/04_frame/92.jpg 0 122 60 178 1480 2466 2522 3486 1834 1402 3428 3062 170 192 56 394
videos.hw01/04_frame/93.jpg 0 180 24 424 398 2670 5046 4038 2056 3362 3264 6360 74 54 30 178
videos.hw01/04_frame/94.jpg 0 424 524 1042 996 3944 3308 5494 2164 1782 2440 2176 118 88 8 422
videos.hw01/04_frame/95.jpg 0 238 1400 1648 1428 3188 2098 2870 4014 1668 2608 1684 118 156 54 102
videos.hw01/04_frame/96.jpg 0 68 56 38 0 86 142 174 124 10 94 56 6 14 80 4
videos.hw01/04_frame/97.jpg 0 438 452 1538 1426 6140 4922 1244 3076 1718 2400 1594 62 80 86 136
videos.hw01/04_frame/98.jpg 0 392 1782 1780 1122 5702 4944 8240 770 5404 2390 4610 94 68 118 170
videos.hw01/04_frame/99.jpg 0 148 1202 2394 1298 2974 1790 634 484 1542 3264 4214 112 100 62 764
videos.hw01/04_frame/100.jpg 0 198 302 150 1454 640 240 1092 1468 2108 2452 3648 100 846 3078 2292
videos.hw01/04_frame/101.jpg 0 2 8 18 18 16 24 22 60 26 44 48 16 32 40 34
videos.hw01/04_frame/102.jpg 0 72 78 452 1212 618 308 1038 1398 2442 4840 3862 118 762 2902 4978
videos.hw01/04_frame/103.jpg 0 70 126 134 1106 898 2496 1784 1898 1188 2114 2204 108 96 2924 6332
videos.hw01/04_frame/104.jpg 0 30 120 50 428 480 514 1334 1318 2934 1150 4308 24 392 1050 678
videos.hw01/04_frame/105.jpg 0 12 230 58 790 368 618 1630 188 1778 2604 2880 84 410 1216 2914
videos.hw01/04_frame/106.jpg 0 92 22 74 158 310 172 312 76 188 92 220 84 344 248 124
videos.hw01/04_frame/107.jpg 0 88 338 114 1196 824 582 2266 118 104 88 1006 56 128 976 2616
videos.hw01/04_frame/108.jpg 0 130 334 332 970 974 968 1528 184 24 106 632 54 146 22 1106
videos.hw01/04_frame/109.jpg 0 176 330 408 1054 628 1572 804 266 92 376 724 178 230 172 212
videos.hw01/04_frame/110.jpg 0 246 294 238 798 594 1486 744 124 28 50 720 82 88 134 176
videos.hw01/04_frame/111.jpg 0 38 8 12 62 98 120 34 8 8 24 38 20 36 10 4
videos.hw01/04_frame/112.jpg 22 188 238 154 480 546 1208 560 108 74 196 580 156 148 84 102
videos.hw01/04_frame/113.jpg 54 204 156 68 200 240 880 284 34 30 116 382 76 56 52 62
videos.hw01/04_frame/114.jpg 20 74 178 10 100 98 416 278 24 8 40 238 122 12 98 54
videos.hw01/04_frame/115.jpg 18 66 102 0 70 246 248 300 36 18 40 112 26 6 40 14
videos.hw01/04_frame/116.jpg 0 26 14 0 50 42 50 16 4 0 76 28 20 16 14 14
videos.hw01/04_frame/117.jpg 38 84 74 0 90 172 498 122 20 20 94 164 66 46 78 162
videos.hw01/04_frame/118.jpg 38 138 140 0 248 310 414 94 74 2 36 208 60 86 34 38
videos.hw01/04_frame/119.jpg 8 226 308 44 232 434 780 298 112 26 162 312 72 126 76 44
videos.hw01/04_frame/120.jpg 0 178 676 588 434 1344 1990 738 216 156 326 804 110 108 166 116
videos.hw01/04_frame/121.jpg 0 40 104 30 106 112 266 164 82 130 458 198 126 152 132 254
videos.hw01/04_frame/122.jpg 0 112 586 686 838 1780 2046 1476 282 116 316 582 156 180 394 132
videos.hw01/04_frame/123.jpg 0 214 374 238 318 1036 1024 596 250 158 340 386 238 94 316 434
videos.hw01/04_frame/124.jpg 0 240 168 210 490 932 700 348 302 100 188 428 98 172 326 326
videos.hw01/04_frame/125.jpg 0 226 246 366 584 506 462 776 314 172 452 872 232 384 346 222
videos.hw01/04_frame/126.jpg 0 0 2 12 56 32 94 12 22 38 16 102 10 36 122 26
videos.hw01/04_frame/127.jpg 0 270 306 92 226 182 450 532 286 186 180 756 210 270 346 234
videos.hw01/04_frame/128.jpg 0 236 258 856 230 314 358 288 354 190 256 810 278 294 334 498
videos.hw01/04_frame/129.jpg 0 174 464 918 374 534 346 450 390 160 174 722 310 444 506 322
videos.hw01/04_frame/130.jpg 0 188 562 1020 326 650 260 742 572 304 220 622 284 464 586 350
videos.hw01/04_frame/131.jpg 0 0 6 38 6 38 36 50 0 92 78 36 26 32 48 86
videos.hw01/04_frame/132.jpg 0 210 372 886 164 636 260 832 414 322 340 666 520 570 330 260
videos.hw01/04_frame/133.jpg 0 152 342 612 144 706 356 948 552 550 488 622 420 462 548 284
videos.hw01/04_frame/134.jpg 0 114 426 266 150 860 472 1092 492 554 742 750 300 356 540 260
videos.hw01/04_frame/135.jpg 402 364 630 712 276 788 472 1218 512 614 724 628 254 520 560 540
videos.hw01/04_frame/136.jpg 12 16 18 20 0 12 16 50 18 18 148 62 126 34 70 24
videos.hw01/04_frame/137.jpg 1964 2292 1746 2346 234 696 596 1020 512 714 794 740 316 316 522 534
videos.hw01/04_frame/138.jpg 2156 2380 1910 1894 272 754 662 1056 106 588 880 558 296 608 646 458
videos.hw01/04_frame/139.jpg 2244 2354 1616 2560 146 614 448 1058 348 614 812 446 292 282 620 444
videos.hw01/04_frame/140.jpg 2032 2384 1648 2038 92 432 588 864 294 462 782 426 546 520 478 262
videos.hw01/04_frame/141.jpg 86 36 86 36 8 12 52 18 14 28 26 40 28 36 60 8
videos.hw01/04_frame/142.jpg 1232 1046 1062 986 36 288 386 754 44 598 698 506 306 484 362 132
videos.hw01/04_frame/143.jpg 1826 1436 1432 1948 940 866 854 868 262 522 756 368 254 292 294 76
videos.hw01/04_frame/144.jpg 1276 708 1618 1700 722 960 880 942 232 440 504 430 456 450 326 44
videos.hw01/04_frame/145.jpg 952 1070 1084 1334 588 808 466 818 228 350 510 420 310 460 348 38
videos.hw01/04_frame/146.jpg 42 28 70 40 4 72 128 22 18 66 34 36 44 40 100 0
videos.hw01/04_frame/147.jpg 814 936 720 1290 406 692 566 718 66 324 454 436 200 382 314 14
videos.hw01/04_frame/148.jpg 826 636 770 858 444 474 484 630 36 472 446 326 254 372 314 188
videos.hw01/04_frame/149.jpg 648 850 772 862 408 356 394 540 66 242 354 426 296 342 230 142
videos.hw01/04_frame/150.jpg 590 814 444 592 370 648 430 368 48 348 424 426 176 282 294 44
videos.hw01/04_frame/151.jpg 38 120 74 108 34 102 144 66 2 136 148 142 90 38 114 4
videos.hw01/04_frame/152.jpg 318 786 440 650 238 364 464 320 42 354 462 222 288 150 314 68
videos.hw01/04_frame/153.jpg 184 466 330 510 200 412 354 322 44 330 282 140 178 228 202 62
videos.hw01/04_frame/154.jpg 194 418 308 332 194 298 330 346 34 296 236 196 122 278 168 52
videos.hw01/04_frame/155.jpg 104 242 290 294 194 182 226 118 34 380 196 126 188 220 190 66
videos.hw01/04_frame/156.jpg 22 20 90 38 66 60 80 10 0 32 30 48 26 20 14 20
videos.hw01/04_frame/157.jpg 80 154 276 332 224 172 174 96 24 562 252 74 124 158 140 34
videos.hw01/04_frame/158.jpg 62 72 124 108 188 110 116 50 48 190 156 76 38 28 52 28
videos.hw01/04_frame/159.jpg 116 158 150 94 262 166 192 48 22 136 124 86 30 26 38 14
videos.hw01/04_frame/160.jpg 78 104 102 62 210 160 196 116 44 228 156 108 46 36 42 18
videos.hw01/04_frame/161.jpg 26 20 68 32 22 60 16 16 2 76 66 92 24 0 30 12
videos.hw01/04_frame/162.jpg 68 104 168 110 126 162 158 76 6 86 142 68 46 86 34 10
videos.hw01/04_frame/163.jpg 10 88 64 50 58 50 160 42 4 156 152 80 32 18 18 6
videos.hw01/04_frame/164.jpg 128 158 176 128 192 132 156 156 26 172 202 146 190 220 160 56
videos.hw01/04_frame/165.jpg 108 116 64 72 176 192 202 18 2 96 48 26 22 62 8 4
videos.hw01/04_frame/166.jpg 42 68 62 52 68 48 150 78 22 108 82 110 54 32 94 16
videos.hw01/04_frame/167.jpg 72 154 104 96 220 242 212 28 8 56 152 118 30 18 10 18
videos.hw01/04_frame/168.jpg 168 296 118 166 436 452 236 62 8 246 36 78 30 44 18 26
videos.hw01/04_frame/169.jpg 156 436 140 180 376 710 278 98 54 242 142 100 150 122 88 20
videos.hw01/04_frame/170.jpg 90 206 116 196 148 356 206 68 22 116 100 190 50 72 58 4
videos.hw01/04_frame/171.jpg 18 58 36 30 68 86 80 12 10 170 12 16 40 14 10 6
videos.hw01/04_frame/172.jpg 106 76 120 50 146 106 86 48 26 64 90 26 26 10 12 16
videos.hw01/04_frame/173.jpg 42 30 146 110 104 42 74 94 8 104 52 26 0 8 12 12
videos.hw01/04_frame/174.jpg 56 158 72 146 72 114 120 50 4 178 90 12 8 48 26 14
videos.hw01/04_frame/175.jpg 66 80 128 134 96 120 130 72 16 44 88 120 60 16 12 14
videos.hw01/04_frame/176.jpg 2 52 40 28 12 10 32 12 0 20 8 20 14 8 2 0
videos.hw01/04_frame/177.jpg 12 22 60 112 74 86 58 74 20 108 44 20 26 60 34 0
videos.hw01/04_frame/178.jpg 14 62 78 90 102 92 128 42 52 94 96 84 24 36 34 6
videos.hw01/04_frame/179.jpg 0 12 68 52 52 72 46 60 10 146 94 148 10 52 36 16
videos.hw01/04_frame/180.jpg 6 10 28 36 60 60 72 46 10 82 158 126 10 8 32 26
videos.hw01/04_frame/181.jpg 92 162 176 192 88 172 248 130 50 124 116 68 98 186 102 40
videos.hw01/04_frame/182.jpg 22 70 56 32 74 96 76 80 80 102 132 46 42 136 92 34
videos.hw01/04_frame/183.jpg 54 100 48 92 142 102 134 48 40 156 144 118 34 22 32 20
videos.hw01/04_frame/184.jpg 98 84 86 68 182 164 114 30 64 300 166 242 32 28 66 38
videos.hw01/04_frame/185.jpg 76 72 58 28 188 126 144 26 104 350 268 88 14 10 72 34
videos.hw01/04_frame/186.jpg 2 42 12 0 16 96 68 22 4 96 24 0 22 10 14 8
videos.hw01/04_frame/187.jpg 100 176 58 38 276 150 118 6 64 192 250 72 6 84 66 44
videos.hw01/04_frame/188.jpg 60 64 38 26 260 130 80 2 52 108 146 96 4 10 46 48
videos.hw01/04_frame/189.jpg 64 100 52 28 124 148 80 12 56 162 222 180 4 10 60 26
videos.hw01/04_frame/190.jpg 88 86 34 30 136 148 192 6 70 182 62 122 4 10 14 18
videos.hw01/04_frame/191.jpg 16 16 8 18 10 10 14 2 24 30 80 0 4 10 0 2
videos.hw01/04_frame/192.jpg 102 92 138 120 390 202 86 50 62 70 122 78 94 20 92 22
videos.hw01/04_frame/193.jpg 100 188 358 136 182 158 370 124 112 326 160 112 234 242 184 78
videos.hw01/04_frame/194.jpg 68 138 152 134 256 192 232 120 44 90 74 12 54 52 104 14
videos.hw01/04_frame/195.jpg 68 110 188 110 446 348 148 110 22 180 70 12 46 14 32 14
videos.hw01/04_frame/196.jpg 20 120 20 52 36 44 60 30 8 274 112 48 16 52 28 0
videos.hw01/04_frame/197.jpg 80 154 150 126 276 824 178 112 28 240 90 0 14 10 10 0
videos.hw01/04_frame/198.jpg 428 246 220 138 374 198 336 170 60 152 118 18 14 10 10 30
videos.hw01/04_frame/199.jpg 378 394 148 178 294 466 388 226 38 654 166 154 64 58 50 12
videos.hw01/04_frame/200.jpg 618 400 196 252 526 394 478 164 10 130 66 2 26 4 30 8
videos.hw01/04_frame/201.jpg 30 58 32 26 32 36 128 24 8 46 22 10 16 0 24 0
videos.hw01/04_frame/202.jpg 350 194 298 140 232 360 212 250 30 140 78 42 14 26 44 0
videos.hw01/04_frame/203.jpg 366 164 198 170 280 394 512 194 20 112 52 18 16 16 12 0
videos.hw01/04_frame/204.jpg 304 188 158 178 198 256 222 84 8 64 64 4 30 32 38 0
videos.hw01/04_frame/205.jpg 172 138 128 130 232 120 326 152 62 156 124 38 74 98 80 24
videos.hw01/04_frame/206.jpg 6 92 60 70 18 42 120 88 10 86 38 14 34 58 38 36
videos.hw01/04_frame/207.jpg 86 150 156 96 146 58 234 152 18 176 66 6 58 50 26 16
videos.hw01/04_frame/208.jpg 60 156 168 134 80 84 246 204 10 192 134 30 78 42 96 6
videos.hw01/04_frame/209.jpg 172 136 148 94 68 70 212 166 34 116 56 2 44 12 28 14
videos.hw01/04_frame/210.jpg 68 68 114 98 52 74 136 132 24 74 32 0 24 42 62 0
videos.hw01/04_frame/211.jpg 64 122 92 116 44 94 138 114 34 168 112 86 138 106 66 14
videos.hw01/04_frame/212.jpg 112 46 124 42 58 56 108 40 14 28 76 38 58 44 20 0
videos.hw01/04_frame/213.jpg 7816 5192 4894 4630 4936 3830 3628 4440 2104 7136 2470 1700 6432 8282 6582 6312
videos.hw01/04_frame/214.jpg 150 88 38 18 32 130 86 38 46 58 78 0 4 10 44 46
videos.hw01/04_frame/215.jpg 46 112 130 72 52 176 114 96 12 64 94 10 0 0 44 88
videos.hw01/04_frame/216.jpg 0 6 6 10 16 42 26 20 6 0 16 0 0 0 0 0
videos.hw01/04_frame/217.jpg 200 158 138 144 134 208 164 164 48 90 74 22 10 30 34 16
videos.hw01/04_frame/218.jpg 194 192 164 168 104 256 252 222 34 64 16 16 12 4 0 12
videos.hw01/04_frame/219.jpg 102 210 148 132 150 252 320 98 106 50 26 20 0 0 8 32
videos.hw01/04_frame/220.jpg 96 120 116 34 88 240 172 114 38 34 14 16 0 0 0 16
videos.hw01/04_frame/221.jpg 10 20 10 28 16 72 24 38 8 22 12 4 0 0 0 4
videos.hw01/04_frame/222.jpg 92 152 128 54 190 140 82 70 52 62 32 2 8 0 36 28
videos.hw01/04_frame/223.jpg 22 110 184 142 158 176 188 64 52 110 20 0 0 10 0 16
videos.hw01/04_frame/224.jpg 146 170 322 162 224 382 414 86 30 70 26 20 12 0 12 30
videos.hw01/04_frame/225.jpg 148 324 408 206 118 556 514 104 32 74 18 14 2 0 0 4
videos.hw01/04_frame/226.jpg 150 30 58 46 84 64 50 16 8 116 8 28 4 6 2 4
videos.hw01/04_frame/227.jpg 186 188 458 332 252 518 346 304 36 26 8 6 4 10 6 6
videos.hw01/04_frame/228.jpg 150 240 630 462 316 394 270 366 94 82 30 26 12 12 0 4
videos.hw01/04_frame/229.jpg 260 274 542 454 268 518 162 580 72 108 98 18 32 12 40 96
videos.hw01/04_frame/230.jpg 154 154 324 358 106 380 226 408 24 26 34 22 12 4 36 38
videos.hw01/04_frame/231.jpg 60 46 26 12 78 34 20 36 12 22 20 18 10 2 0 16
videos.hw01/04_frame/232.jpg 64 206 214 310 148 282 236 442 24 62 60 14 2 0 0 16
videos.hw01/04_frame/233.jpg 60 138 194 210 134 192 260 404 0 8 8 2 2 0 0 4
videos.hw01/04_frame/234.jpg 20 170 278 132 128 182 252 194 0 2 0 8 2 0 0 12
videos.hw01/04_frame/235.jpg 18 178 172 126 110 116 140 124 56 88 62 26 32 24 8 34
videos.hw01/04_frame/236.jpg 10 10 12 32 138 114 8 8 16 26 0 8 8 10 0 34
videos.hw01/04_frame/237.jpg 126 238 188 284 218 254 416 334 76 72 122 44 58 4 2 4
videos.hw01/04_frame/238.jpg 256 534 726 694 260 594 574 748 32 16 28 12 12 0 0 14
videos.hw01/04_frame/239.jpg 572 596 952 848 284 684 534 512 20 12 14 0 4 0 0 14
videos.hw01/04_frame/240.jpg 482 246 596 450 210 446 818 454 48 80 22 26 28 4 24 14
videos.hw01/04_frame/241.jpg 162 190 174 108 244 96 88 132 102 144 76 20 32 38 38 74
videos.hw01/04_frame/242.jpg 380 370 324 408 242 358 486 192 76 202 124 68 50 18 92 68
videos.hw01/04_frame/243.jpg 166 224 226 154 62 302 250 236 32 26 56 8 0 12 0 10
videos.hw01/04_frame/244.jpg 102 144 166 132 88 138 78 122 14 42 38 24 10 6 34 146
videos.hw01/04_frame/245.jpg 140 162 120 170 56 96 52 128 68 18 8 12 12 4 0 2
videos.hw01/04_frame/246.jpg 22 28 70 28 18 68 14 28 8 30 32 20 0 4 48 88
videos.hw01/04_frame/247.jpg 160 218 184 252 80 140 238 180 48 44 4 22 14 10 64 100
videos.hw01/04_frame/248.jpg 280 366 356 272 130 298 572 182 36 54 8 8 18 0 24 88
videos.hw01/04_frame/249.jpg 206 274 344 336 152 148 402 372 38 32 6 32 16 2 62 128
videos.hw01/04_frame/250.jpg 232 186 296 182 162 166 174 236 76 68 38 26 24 18 32 24
videos.hw01/04_frame/251.jpg 14 60 34 6 16 34 38 28 12 18 10 24 0 10 10 84
videos.hw01/04_frame/252.jpg 100 194 174 146 58 88 212 106 44 126 70 42 22 18 28 64
videos.hw01/04_frame/253.jpg 318 236 226 140 168 290 384 122 62 138 138 16 16 50 94 174
videos.hw01/04_frame/254.jpg 96 130 166 196 182 158 148 94 52 118 16 10 14 8 64 88
videos.hw01/04_frame/255.jpg 46 92 142 92 172 134 30 58 34 74 24 22 0 2 0 0
videos.hw01/04_frame/256.jpg 172 88 116 114 156 104 44 94 40 90 212 24 16 14 42 92
videos.hw01/04_frame/257.jpg 10 78 74 96 46 84 52 26 2 46 6 2 10 0 48 18
videos.hw01/04_frame/258.jpg 76 80 142 126 68 88 70 128 76 32 20 42 14 0 32 134
videos.hw01/04_frame/259.jpg 234 100 96 172 152 94 86 108 100 236 66 66 18 22 98 58
videos.hw01/04_frame/260.jpg 62 36 134 130 42 110 18 58 22 24 0 10 4 6 0 40
videos.hw01/04_frame/261.jpg 22 6 42 16 4 16 6 14 36 44 12 8 4 4 8 0
videos.hw01/04_frame/262.jpg 34 42 14 52 44 48 76 36 10 22 74 20 2 6 44 40
videos.hw01/04_frame/263.jpg 116 50 66 16 12 58 24 32 2 16 0 0 2 6 0 40
videos.hw01/04_frame/264.jpg 8446 5620 4778 4536 4742 2988 3318 4186 1700 7416 2060 1666 6924 8668 5174 6340
videos.hw01/04_frame/265.jpg 30 88 126 62 26 98 54 72 16 112 52 28 28 78 92 24
videos.hw01/04_frame/266.jpg 18 60 104 42 14 34 64 28 12 70 4 4 50 44 24 6
videos.hw01/04_frame/267.jpg 44 24 50 46 58 34 58 104 6 98 0 2 12 0 2 0
videos.hw01/04_frame/268.jpg 26 14 20 26 106 14 46 28 50 192 18 2 12 2 6 0
videos.hw01/04_frame/269.jpg 0 0 36 24 4 2 120 42 86 42 2 0 26 0 4 0
videos.hw01/04_frame/270.jpg 2 24 30 44 0 0 50 28 48 82 34 0 10 4 2 0
videos.hw01/04_frame/271.jpg 62 90 44 44 64 84 80 34 64 90 42 90 106 22 0 2
videos.hw01/04_frame/272.jpg 0 4 16 6 0 50 26 78 72 50 22 18 14 10 52 0
videos.hw01/04_frame/273.jpg 44 44 38 22 64 50 34 78 116 60 96 8 36 6 54 46
videos.hw01/04_frame/274.jpg 34 26 12 32 44 102 124 104 122 140 184 44 24 8 84 50
videos.hw01/04_frame/275.jpg 50 52 54 12 58 46 64 44 168 152 228 56 8 6 56 36
videos.hw01/04_frame/276.jpg 66 10 12 12 28 6 18 2 24 18 54 12 6 2 30 10
videos.hw01/04_frame/277.jpg 48 64 58 64 56 68 136 114 250 302 156 38 130 42 110 36
videos.hw01/04_frame/278.jpg 14 40 56 52 24 40 58 72 154 282 104 24 132 18 36 38
videos.hw01/04_frame/279.jpg 14 20 72 26 24 66 56 50 144 280 108 70 82 2 72 24
videos.hw01/04_frame/280.jpg 54 38 58 42 100 52 62 68 114 270 44 26 96 46 44 26
videos.hw01/04_frame/281.jpg 4 16 6 10 8 16 6 20 52 94 2 40 62 4 14 4
videos.hw01/04_frame/282.jpg 58 24 20 84 36 58 88 46 102 180 76 64 18 40 68 8
videos.hw01/04_frame/283.jpg 66 42 50 68 74 72 58 82 88 92 34 12 24 0 70 6
videos.hw01/04_frame/284.jpg 28 14 64 60 24 54 154 130 36 120 66 44 80 0 46 12
videos.hw01/04_frame/285.jpg 24 38 6 94 70 100 66 42 26 192 68 4 32 0 10 12
videos.hw01/04_frame/286.jpg 22 64 44 58 56 72 122 70 60 144 74 90 64 24 76 8
videos.hw01/04_frame/287.jpg 2 4 24 112 18 72 112 68 48 156 40 28 58 10 24 6
videos.hw01/04_frame/288.jpg 2 68 44 76 58 94 128 36 48 88 92 26 20 6 38 8
videos.hw01/04_frame/289.jpg 36 66 86 140 30 122 160 72 140 270 138 66 94 52 98 16
videos.hw01/04_frame/290.jpg 28 44 18 62 66 82 96 78 106 66 42 60 44 40 42 8
videos.hw01/04_frame/291.jpg 8 2 64 10 2 30 18 12 24 30 14 20 34 12 8 8
videos.hw01/04_frame/292.jpg 22 10 8 0 24 48 104 36 134 160 136 108 8 34 38 20
videos.hw01/04_frame/293.jpg 62 176 160 144 44 190 170 144 134 322 136 184 128 130 178 60
videos.hw01/04_frame/294.jpg 20 4 28 26 8 0 64 20 198 126 184 210 22 12 56 26
videos.hw01/04_frame/295.jpg 4 2 2 0 2 0 82 0 314 238 172 196 12 0 54 36
videos.hw01/04_frame/296.jpg 6 2 0 0 0 0 12 0 22 8 56 24 0 0 10 0
videos.hw01/04_frame/297.jpg 0 0 6 4 8 6 36 4 264 226 204 304 0 0 58 26
videos.hw01/04_frame/298.jpg 0 0 2 12 18 52 62 8 154 280 194 620 0 0 76 42
videos.hw01/04_frame/299.jpg 0 0 10 0 30 22 34 22 218 392 194 588 0 0 60 26
videos.hw01/04_frame/300.jpg 6 8 0 28 44 78 68 20 132 118 224 1072 0 14 50 48
videos.hw01/04_frame/301.jpg 40 102 162 118 64 168 116 220 160 304 98 30 122 130 90 40
videos.hw01/04_frame/302.jpg 28 68 28 58 136 90 58 64 118 108 634 462 90 28 50 32
videos.hw01/04_frame/303.jpg 48 28 42 56 192 86 86 60 80 108 302 158 60 4 72 24
videos.hw01/04_frame/304.jpg 30 18 18 52 38 72 22 54 90 142 136 126 64 6 28 18
videos.hw01/04_frame/305.jpg 48 46 74 48 38 64 74 54 84 138 178 104 52 0 8 8
videos.hw01/04_frame/306.jpg 16 0 0 6 12 4 20 22 20 28 52 8 52 0 2 20
videos.hw01/04_frame/307.jpg 4 14 18 48 40 72 68 50 104 82 138 112 52 0 20 2
videos.hw01/04_frame/308.jpg 8 44 40 38 30 14 68 116 76 48 180 230 52 0 82 22
videos.hw01/04_frame/309.jpg 16 12 40 62 24 10 68 114 134 86 184 130 52 0 44 22
videos.hw01/04_frame/310.jpg 18 18 18 30 8 0 64 110 84 78 176 130 52 0 20 8
videos.hw01/04_frame/311.jpg 0 0 10 4 0 4 44 4 32 20 30 20 52 0 2 2
videos.hw01/04_frame/312.jpg 0 10 24 12 0 30 60 48 228 112 294 186 48 2 86 12
videos.hw01/04_frame/313.jpg 72 82 98 70 116 140 126 76 176 244 798 652 94 30 58 64
videos.hw01/04_frame/314.jpg 24 42 14 34 22 50 192 58 152 110 266 562 90 28 120 26
videos.hw01/04_frame/315.jpg 0 18 18 6 40 6 140 134 144 180 136 58 60 4 120 46
videos.hw01/04_frame/316.jpg 26 40 36 64 36 42 68 76 90 46 66 38 104 12 82 14
videos.hw01/04_frame/317.jpg 10 18 12 16 2 62 36 42 114 56 174 68 58 2 28 36
videos.hw01/04_frame/318.jpg 16 30 38 18 28 66 130 60 56 178 96 48 52 0 40 26
videos.hw01/04_frame/319.jpg 64 78 40 116 100 120 222 176 326 290 178 68 116 86 110 24
videos.hw01/04_frame/320.jpg 46 140 22 22 68 68 76 30 96 82 12 64 62 46 14 0
videos.hw01/04_frame/321.jpg 0 2 24 26 16 14 12 12 22 22 2 10 52 0 2 2
videos.hw01/04_frame/322.jpg 58 120 88 104 70 128 216 110 138 170 98 128 224 182 206 28
videos.hw01/04_frame/323.jpg 58 44 70 18 180 118 136 50 24 126 40 186 8 36 52 8
videos.hw01/04_frame/324.jpg 62 58 50 42 152 122 120 70 30 164 70 42 0 4 42 8
videos.hw01/04_frame/325.jpg 44 76 178 88 80 150 154 142 136 178 152 64 106 82 156 44
videos.hw01/04_frame/326.jpg 20 32 20 70 24 20 46 28 22 22 28 16 42 54 26 6
videos.hw01/04_frame/327.jpg 60 22 56 42 102 62 84 96 64 134 54 88 68 2 12 12
videos.hw01/04_frame/328.jpg 46 28 48 16 174 32 78 112 36 98 82 104 0 2 36 48
videos.hw01/04_frame/329.jpg 18 144 24 72 128 26 54 26 28 138 80 64 0 0 54 10
videos.hw01/04_frame/330.jpg 36 16 12 24 28 8 150 76 38 98 112 64 0 0 34 12
videos.hw01/04_frame/331.jpg 14 234 74 56 86 84 68 60 36 66 52 58 134 66 18 54
videos.hw01/04_frame/332.jpg 6 20 38 12 28 14 36 64 50 104 56 104 28 0 70 18
videos.hw01/04_frame/333.jpg 40 12 22 84 42 64 44 44 104 92 82 136 2 8 18 4
videos.hw01/04_frame/334.jpg 38 18 18 2 64 24 76 28 70 56 72 168 0 2 2 0
videos.hw01/04_frame/335.jpg 34 22 8 30 0 4 74 90 84 108 192 546 0 0 2 10
videos.hw01/04_frame/336.jpg 30 0 2 2 2 4 2 2 14 42 40 2 0 0 0 2
videos.hw01/04_frame/337.jpg 42 100 122 80 40 102 388 390 126 164 594 974 78 46 80 80
videos.hw01/04_frame/338.jpg 44 28 38 52 72 22 174 118 156 144 476 268 36 34 48 32
videos.hw01/04_frame/339.jpg 40 48 34 32 28 28 186 94 58 170 284 280 68 4 16 34
videos.hw01/04_frame/340.jpg 26 142 136 38 30 42 344 74 152 324 880 430 8 4 58 68
videos.hw01/04_frame/341.jpg 14 54 16 30 16 6 60 14 18 72 52 52 78 2 12 6
videos.hw01/04_frame/342.jpg 22 160 168 50 24 58 440 292 92 312 482 702 74 54 118 50
videos.hw01/04_frame/343.jpg 12 24 98 22 4 16 342 444 178 224 238 278 12 8 146 102
videos.hw01/04_frame/344.jpg 4 76 82 50 0 14 180 48 220 230 240 28 4 2 112 54
videos.hw01/04_frame/345.jpg 2 64 52 44 4 18 90 138 140 122 168 48 16 10 126 26
videos.hw01/04_frame/346.jpg 8 46 76 92 86 110 72 64 68 114 42 16 20 88 84 22
videos.hw01/04_frame/347.jpg 22 110 136 138 2 36 128 168 140 94 154 68 42 54 70 40
videos.hw01/04_frame/348.jpg 80 184 146 42 116 44 132 136 74 166 188 60 0 4 34 26
videos.hw01/04_frame/349.jpg 86 124 162 148 74 116 178 76 76 330 118 84 92 42 136 16
videos.hw01/04_frame/350.jpg 2 30 166 84 44 22 116 62 84 78 126 84 74 44 74 8
videos.hw01/04_frame/351.jpg 68 178 166 84 88 194 198 132 64 196 66 80 162 146 130 64
videos.hw01/04_frame/352.jpg 52 12 100 8 8 18 136 90 110 238 52 104 44 32 60 20
videos.hw01/04_frame/353.jpg 24 36 46 36 60 18 104 76 96 162 78 98 8 6 16 8
videos.hw01/04_frame/354.jpg 78 78 98 60 64 70 116 120 128 274 52 48 8 0 28 12
videos.hw01/04_frame/355.jpg 34 98 108 52 100 92 124 78 40 80 20 26 8 0 26 6
videos.hw01/04_frame/356.jpg 0 2 62 8 18 12 16 10 30 24 4 32 8 6 8 8
videos.hw01/04_frame/357.jpg 68 86 96 12 50 40 28 58 64 102 48 72 8 0 32 4
videos.hw01/04_frame/358.jpg 72 46 30 10 44 114 38 44 88 164 4 34 8 0 6 12
videos.hw01/04_frame/359.jpg 46 50 20 2 128 76 120 40 62 172 26 14 8 8 52 0
videos.hw01/04_frame/360.jpg 36 104 26 2 80 138 70 36 60 208 26 64 8 0 26 12
videos.hw01/04_frame/361.jpg 114 90 150 150 98 136 94 90 204 194 104 80 82 192 112 72
videos.hw01/04_frame/362.jpg 38 26 46 44 82 114 78 64 96 154 18 58 60 20 46 8
videos.hw01/04_frame/363.jpg 44 60 70 8 106 168 70 70 32 176 34 86 26 14 14 4
videos.hw01/04_frame/364.jpg 80 42 62 132 134 184 78 42 58 88 18 20 14 6 28 0
videos.hw01/04_frame/365.jpg 86 92 144 194 164 88 140 140 34 70 42 38 12 0 6 0
videos.hw01/04_frame/366.jpg 12 0 22 10 30 30 32 18 26 70 12 14 12 0 6 0
videos.hw01/04_frame/367.jpg 90 94 140 234 156 124 180 196 70 56 134 88 12 2 32 18
videos.hw01/04_frame/368.jpg 124 114 176 192 194 204 278 152 130 56 224 172 12 2 34 6
videos.hw01/04_frame/369.jpg 114 106 256 116 240 314 432 142 136 92 100 68 12 6 116 26
videos.hw01/04_frame/370.jpg 108 154 208 212 408 270 360 196 144 314 132 408 12 0 100 20
videos.hw01/04_frame/371.jpg 0 10 12 26 24 46 22 14 80 16 2 18 12 0 36 8
videos.hw01/04_frame/372.jpg 112 204 278 200 332 304 384 152 114 206 122 314 12 6 126 82
videos.hw01/04_frame/373.jpg 42 164 318 182 698 596 346 270 188 266 110 56 66 30 106 106
videos.hw01/04_frame/374.jpg 0 122 244 228 464 448 312 284 118 148 122 192 60 24 118 24
videos.hw01/04_frame/375.jpg 0 124 256 142 180 240 318 264 74 138 32 62 28 114 46 20
videos.hw01/04_frame/376.jpg 0 46 48 62 30 44 80 72 56 260 26 62 4 4 26 6
videos.hw01/04_frame/377.jpg 20 118 184 426 472 230 282 384 60 128 22 114 6 2 24 2
videos.hw01/04_frame/378.jpg 26 118 204 336 370 532 274 302 94 242 54 68 6 0 18 64
videos.hw01/04_frame/379.jpg 62 182 324 240 278 712 386 416 180 338 86 106 124 66 42 24
videos.hw01/04_frame/380.jpg 68 330 264 342 232 414 264 442 164 240 146 50 74 126 180 28
videos.hw01/04_frame/381.jpg 0 26 42 30 10 48 22 42 18 14 48 8 34 36 12 0
videos.hw01/04_frame/382.jpg 70 206 226 282 176 250 254 338 94 178 52 124 8 48 64 24
videos.hw01/04_frame/383.jpg 70 190 152 130 168 272 198 148 166 122 12 46 0 16 16 0
videos.hw01/04_frame/384.jpg 32 88 114 164 88 174 154 50 96 64 10 40 100 62 22 2
videos.hw01/04_frame/385.jpg 20 114 206 112 70 68 146 222 98 220 154 76 104 220 114 16
videos.hw01/04_frame/386.jpg 12 106 80 76 50 38 78 22 36 154 16 22 54 52 72 10
videos.hw01/04_frame/387.jpg 20 38 164 156 76 100 102 84 110 144 20 30 30 22 22 0
videos.hw01/04_frame/388.jpg 34 136 160 174 98 156 174 164 170 190 58 50 16 4 22 10
videos.hw01/04_frame/389.jpg 42 80 126 196 76 82 212 100 262 288 142 74 16 4 76 16
videos.hw01/04_frame/390.jpg 42 124 172 126 120 68 112 74 212 236 122 114 16 4 30 30
videos.hw01/04_frame/391.jpg 10 122 64 70 22 52 52 26 140 94 54 56 94 50 68 20
videos.hw01/04_frame/392.jpg 44 92 106 108 96 200 138 72 194 234 84 60 18 4 52 24
videos.hw01/04_frame/393.jpg 26 108 192 110 112 122 192 102 76 174 98 68 14 4 76 36
videos.hw01/04_frame/394.jpg 26 176 152 88 56 128 100 72 116 182 70 94 14 4 50 40
videos.hw01/04_frame/395.jpg 46 90 128 98 62 64 138 92 134 264 72 42 14 4 54 6
videos.hw01/04_frame/396.jpg 0 24 42 32 20 14 30 60 44 34 24 4 12 4 8 2
videos.hw01/04_frame/397.jpg 48 188 192 250 46 168 168 150 144 232 144 118 56 60 138 44
videos.hw01/04_frame/398.jpg 18 122 194 102 62 52 164 130 168 246 308 244 48 42 102 76
videos.hw01/04_frame/399.jpg 28 62 108 82 62 100 126 18 288 410 516 400 20 8 128 64
videos.hw01/04_frame/400.jpg 32 18 86 68 46 36 178 30 482 606 354 384 20 4 176 104
videos.hw01/04_frame/401.jpg 4 38 20 20 10 18 34 14 42 62 72 8 8 6 20 46
videos.hw01/04_frame/402.jpg 6 124 132 124 42 26 94 30 370 552 360 322 12 4 292 274
videos.hw01/04_frame/403.jpg 8 140 92 66 20 42 74 66 272 238 310 176 24 2 178 120
videos.hw01/04_frame/404.jpg 6 32 60 32 14 38 118 90 134 282 222 258 14 8 164 166
videos.hw01/04_frame/405.jpg 4 26 38 34 10 24 90 94 260 234 162 278 2 4 118 80
videos.hw01/04_frame/406.jpg 2 64 86 66 12 34 80 32 88 134 42 62 44 4 78 36
videos.hw01/04_frame/407.jpg 18 62 12 86 32 46 140 112 148 328 202 406 4 2 50 134
videos.hw01/04_frame/408.jpg 14 102 46 72 48 58 58 98 138 458 172 422 36 8 62 34
videos.hw01/04_frame/409.jpg 26 164 174 120 80 196 148 142 206 282 154 490 192 266 136 48
videos.hw01/04_frame/410.jpg 12 50 78 44 12 66 84 88 128 120 122 308 86 122 48 38
videos.hw01/04_frame/411.jpg 0 30 20 16 4 6 22 20 12 64 42 30 76 10 10 6
videos.hw01/04_frame/412.jpg 0 68 58 100 16 42 74 118 166 220 180 222 6 6 82 18
videos.hw01/04_frame/413.jpg 4 10 40 36 10 34 58 90 134 262 158 386 86 4 38 42
videos.hw01/04_frame/414.jpg 0 4 24 14 6 26 90 10 166 306 204 302 4 4 46 20
videos.hw01/04_frame/415.jpg 0 0 10 20 6 82 48 28 238 218 154 88 16 12 14 84
videos.hw01/04_frame/416.jpg 0 0 0 8 6 0 16 0 18 38 10 12 4 2 22 10
videos.hw01/04_frame/417.jpg 0 6 32 34 6 42 22 0 174 258 158 186 22 2 90 52
videos.hw01/04_frame/418.jpg 0 0 0 10 18 10 46 32 182 144 130 384 6 10 44 26
videos.hw01/04_frame/419.jpg 4 8 0 28 30 24 106 50 110 336 124 272 20 4 34 78
videos.hw01/04_frame/420.jpg 6 0 6 38 12 26 18 148 84 324 106 90 10 2 34 20
videos.hw01/04_frame/421.jpg 22 110 84 70 70 72 112 86 146 142 92 170 22 70 82 40
videos.hw01/04_frame/422.jpg 2 32 50 18 24 52 86 48 132 182 132 94 18 80 32 28
videos.hw01/04_frame/423.jpg 4 22 100 48 28 66 84 74 110 124 96 114 10 2 18 26
videos.hw01/04_frame/424.jpg 16 24 24 20 26 26 60 64 186 244 64 252 18 4 22 48
videos.hw01/04_frame/425.jpg 4 20 34 70 16 32 110 54 296 840 174 136 16 2 98 130
videos.hw01/04_frame/426.jpg 0 20 36 26 12 34 8 10 94 52 18 38 4 2 10 8
videos.hw01/04_frame/427.jpg 12 100 102 92 40 40 198 88 288 454 264 806 12 36 210 88
videos.hw01/04_frame/428.jpg 58 140 120 92 14 60 152 296 522 558 992 3068 46 52 236 268
videos.hw01/04_frame/429.jpg 0 26 90 70 24 34 144 458 564 828 1724 1056 20 42 388 188
videos.hw01/04_frame/430.jpg 6 78 204 88 26 34 94 268 464 782 1558 922 34 34 266 102
videos.hw01/04_frame/431.jpg 0 32 4 8 6 28 34 12 26 44 92 64 8 26 16 12
videos.hw01/04_frame/432.jpg 6 76 122 42 8 90 808 94 228 402 1490 480 14 60 154 88
videos.hw01/04_frame/433.jpg 32 106 190 132 46 138 480 254 148 250 208 50 68 92 124 14
videos.hw01/04_frame/434.jpg 12 70 124 42 74 62 210 158 146 198 178 224 76 84 96 30
videos.hw01/04_frame/435.jpg 18 158 60 52 36 78 96 130 288 246 190 86 18 20 48 20
videos.hw01/04_frame/436.jpg 4 64 70 58 50 110 140 66 76 124 72 108 22 82 88 14
videos.hw01/04_frame/437.jpg 8 48 106 24 52 50 76 78 186 134 114 130 22 22 168 26
videos.hw01/04_frame/438.jpg 10 128 208 118 64 192 160 112 242 144 118 64 134 116 90 18
videos.hw01/04_frame/439.jpg 8 212 162 94 82 154 136 110 60 442 106 146 96 34 68 26
videos.hw01/04_frame/440.jpg 18 110 90 78 66 122 174 88 126 124 40 52 50 82 34 28
videos.hw01/04_frame/441.jpg 0 56 82 10 20 34 70 2 42 20 20 38 34 2 20 0
videos.hw01/04_frame/442.jpg 16 160 152 34 104 192 100 64 80 230 96 158 0 36 54 24
videos.hw01/04_frame/443.jpg 16 64 46 26 68 160 68 84 90 186 122 110 22 14 22 4
videos.hw01/04_frame/444.jpg 8 66 48 32 72 90 126 92 246 400 106 152 22 8 24 10
videos.hw01/04_frame/445.jpg 10 108 236 118 90 168 142 154 238 224 152 158 76 70 180 14
videos.hw01/04_frame/446.jpg 8 36 72 54 62 52 38 34 32 156 40 44 24 24 12 6
videos.hw01/04_frame/447.jpg 34 36 78 42 40 68 182 180 258 456 188 172 20 24 36 22
videos.hw01/04_frame/448.jpg 10 42 40 90 32 62 250 200 282 208 252 154 12 36 38 32
videos.hw01/04_frame/449.jpg 10 14 46 92 28 82 98 138 154 208 236 208 16 22 92 14
videos.hw01/04_frame/450.jpg 10 4 62 50 24 36 100 70 252 138 144 196 10 10 82 22
videos.hw01/04_frame/451.jpg 14 158 110 44 46 70 98 60 210 328 94 108 46 64 74 6
videos.hw01/04_frame/452.jpg 6 38 30 54 36 22 100 24 68 172 124 94 18 46 34 12
videos.hw01/04_frame/453.jpg 0 30 34 48 24 76 132 96 58 158 108 96 32 52 20 12
videos.hw01/04_frame/454.jpg 0 62 14 50 34 40 96 60 90 110 62 36 14 40 20 16
videos.hw01/04_frame/455.jpg 6 16 24 28 34 78 32 32 28 74 96 48 18 16 6 0
videos.hw01/04_frame/456.jpg 12 78 0 16 18 18 26 38 26 16 0 6 12 2 14 0
videos.hw01/04_frame/457.jpg 18 140 194 112 108 96 180 80 194 338 154 66 90 84 60 12
videos.hw01/04_frame/458.jpg 46 54 120 42 40 48 106 64 48 248 62 66 40 44 34 8
videos.hw01/04_frame/459.jpg 6 34 22 28 36 42 66 72 162 198 60 12 0 14 18 6
videos.hw01/04_frame/460.jpg 0 16 38 26 10 84 58 68 38 176 72 42 0 24 16 0
videos.hw01/04_frame/461.jpg 0 8 10 12 8 14 28 32 18 126 20 20 26 14 0 0
videos.hw01/04_frame/462.jpg 5696 5194 5584 5474 7458 4912 4028 5098 5810 4336 6776 4690 3490 6062 3648 3404
videos.hw01/04_frame/463.jpg 14 52 10 0 174 228 280 380 204 172 120 50 30 46 116 62
videos.hw01/04_frame/464.jpg 18 52 0 0 298 454 478 420 244 468 188 94 8 8 86 126
videos.hw01/04_frame/465.jpg 2 2 6 0 492 660 620 232 222 218 132 60 0 4 94 124
videos.hw01/04_frame/466.jpg 0 10 14 0 110 96 68 96 18 52 70 16 0 30 22 22
videos.hw01/04_frame/467.jpg 0 12 8 0 278 518 848 214 182 192 116 132 0 4 184 80
videos.hw01/04_frame/468.jpg 40 4 4 0 246 408 436 364 472 172 272 126 0 18 78 108
videos.hw01/04_frame/469.jpg 64 16 6 0 582 622 686 422 570 308 210 128 54 114 152 168
videos.hw01/04_frame/470.jpg 30 4 12 0 486 442 530 430 390 298 106 110 16 30 48 46
videos.hw01/04_frame/471.jpg 0 2 16 0 58 40 70 74 42 14 14 10 30 14 8 12
videos.hw01/04_frame/472.jpg 134 6 0 0 148 444 332 302 180 112 86 124 30 14 44 108
videos.hw01/04_frame/473.jpg 0 2 0 0 196 282 210 432 92 70 42 100 16 14 42 56
videos.hw01/04_frame/474.jpg 30 2 0 0 136 236 222 330 40 14 44 56 2 36 28 50
videos.hw01/04_frame/475.jpg 0 0 18 0 52 140 220 542 30 16 4 30 12 22 24 12
videos.hw01/04_frame/476.jpg 0 2 0 0 8 20 26 38 0 0 0 0 2 8 4 8
videos.hw01/04_frame/477.jpg 10 0 0 0 88 200 158 248 2 56 18 8 6 12 34 34
videos.hw01/04_frame/478.jpg 0 2 0 0 66 106 260 84 8 34 30 2 8 8 20 40
videos.hw01/04_frame/479.jpg 0 2 0 0 122 252 136 204 40 66 12 14 2 8 32 108
videos.hw01/04_frame/480.jpg 0 2 14 0 74 218 206 408 74 40 20 22 6 30 52 72
videos.hw01/04_frame/481.jpg 24 24 14 0 130 258 252 154 116 62 54 48 32 60 16 68
videos.hw01/04_frame/482.jpg 20 10 2 0 152 326 286 234 154 46 26 78 50 22 72 50
videos.hw01/04_frame/483.jpg 0 2 2 0 168 156 372 264 206 36 102 62 28 34 82 120
videos.hw01/04_frame/484.jpg 0 2 2 0 318 620 736 454 144 260 176 114 4 10 176 126
videos.hw01/04_frame/485.jpg 0 2 0 0 414 370 418 398 294 116 228 352 0 14 154 196
videos.hw01/04_frame/486.jpg 0 2 0 0 24 148 54 60 40 6 12 34 0 8 14 14
videos.hw01/04_frame/487.jpg 0 0 12 0 596 580 718 356 244 116 208 474 0 8 142 186
videos.hw01/04_frame/488.jpg 0 2 2 0 298 700 844 350 202 334 534 288 0 8 188 74
videos.hw01/04_frame/489.jpg 0 2 8 0 392 854 632 336 268 240 608 294 0 8 48 58
videos.hw01/04_frame/490.jpg 0 2 0 0 446 750 772 516 414 374 592 190 0 8 72 70
videos.hw01/04_frame/491.jpg 166 62 20 0 138 284 208 112 204 108 146 68 108 246 76 126
videos.hw01/04_frame/492.jpg 94 64 18 0 438 520 474 398 168 416 324 114 98 64 82 166
videos.hw01/04_frame/493.jpg 208 70 66 0 658 1070 688 336 414 682 280 474 206 242 410 458
videos.hw01/04_frame/494.jpg 178 114 126 0 2392 1330 688 924 444 1018 1934 1638 182 332 1088 1050
videos.hw01/04_frame/495.jpg 384 94 312 0 912 1090 918 796 460 1104 1374 1338 276 340 928 970
videos.hw01/04_frame/496.jpg 46 6 16 0 166 54 100 64 146 82 128 14 36 144 30 46
videos.hw01/04_frame/497.jpg 314 128 304 0 776 868 704 382 364 692 688 624 288 454 536 222
videos.hw01/04_frame/498.jpg 242 130 378 0 388 558 346 568 434 492 622 418 310 440 336 164
videos.hw01/04_frame/499.jpg 330 132 282 0 404 672 386 672 336 366 318 452 354 384 90 170
videos.hw01/04_frame/500.jpg 264 248 260 0 516 536 488 448 300 260 374 700 194 612 158 100
videos.hw01/04_frame/501.jpg 110 24 10 0 28 24 74 58 52 36 46 56 16 76 8 16
videos.hw01/04_frame/502.jpg 126 24 200 0 238 288 648 506 450 150 372 440 272 322 132 134
videos.hw01/04_frame/503.jpg 222 46 54 0 280 326 552 468 478 288 408 296 96 230 162 142
videos.hw01/04_frame/504.jpg 164 82 56 0 276 288 440 350 282 490 226 210 90 182 28 116
videos.hw01/04_frame/505.jpg 44 50 22 0 386 454 1156 1314 190 520 500 488 94 134 86 192
videos.hw01/04_frame/506.jpg 16 14 8 0 68 86 36 60 80 34 30 48 40 60 20 24
videos.hw01/04_frame/507.jpg 38 18 0 0 158 456 148 426 196 202 132 392 30 52 34 160
videos.hw01/04_frame/508.jpg 12 14 0 0 68 290 130 170 56 298 112 90 36 2 84 128
videos.hw01/04_frame/509.jpg 16 0 0 0 178 442 292 240 46 144 120 150 22 16 92 78
videos.hw01/04_frame/510.jpg 8 2 0 0 86 254 228 326 82 168 74 144 30 38 42 106
videos.hw01/04_frame/511.jpg 78 38 18 0 224 74 142 58 144 108 38 60 96 72 38 32
videos.hw01/04_frame/512.jpg 80 2 10 0 56 190 298 794 46 136 122 208 38 48 36 66
videos.hw01/04_frame/513.jpg 26 8 8 0 122 300 250 396 134 54 194 122 40 26 36 74
videos.hw01/04_frame/514.jpg 30 20 10 0 66 268 268 114 58 102 108 84 22 22 32 48
videos.hw01/04_frame/515.jpg 4 24 0 0 16 80 280 138 8 30 76 40 8 14 8 36
videos.hw01/04_frame/516.jpg 2 0 0 0 16 16 66 66 18 14 2 0 0 24 6 0
videos.hw01/04_frame/517.jpg 92 54 8 0 116 114 238 252 158 148 112 42 66 132 68 100
videos.hw01/04_frame/518.jpg 88 8 8 0 106 40 104 104 46 22 78 24 36 10 24 40
videos.hw01/04_frame/519.jpg 5558 5090 6414 5728 6628 3118 4120 4150 6294 3208 6044 4024 3036 6160 3632 1912
videos.hw01/04_frame/520.jpg 6 34 70 76 0 60 86 34 86 274 170 60 58 12 42 22
videos.hw01/04_frame/521.jpg 18 8 22 10 6 2 0 8 22 222 16 68 12 18 28 12
videos.hw01/04_frame/522.jpg 12 2 36 2 10 22 32 0 134 156 70 22 0 2 8 32
videos.hw01/04_frame/523.jpg 12 10 16 8 2 72 42 26 180 230 224 72 0 2 54 88
videos.hw01/04_frame/524.jpg 2 34 34 8 56 54 56 28 198 318 354 190 0 2 114 112
videos.hw01/04_frame/525.jpg 6 14 54 20 56 28 66 14 280 306 416 272 2 10 124 96
videos.hw01/04_frame/526.jpg 10 36 30 32 40 50 48 46 72 102 76 160 24 20 38 22
videos.hw01/04_frame/527.jpg 10 2 24 16 20 68 76 34 204 158 332 210 0 44 84 86
videos.hw01/04_frame/528.jpg 14 22 24 52 40 20 56 76 454 310 274 164 26 0 76 24
videos.hw01/04_frame/529.jpg 38 82 82 178 86 88 96 72 244 222 172 186 66 124 146 62
videos.hw01/04_frame/530.jpg 22 42 42 72 32 60 40 32 180 140 156 70 36 54 40 30
videos.hw01/04_frame/531.jpg 10 6 22 6 34 14 30 10 56 88 18 40 64 6 32 4
videos.hw01/04_frame/532.jpg 36 48 6 12 10 42 46 58 248 142 120 382 22 8 84 32
videos.hw01/04_frame/533.jpg 20 10 16 18 86 56 42 74 194 170 364 226 0 2 34 32
videos.hw01/04_frame/534.jpg 14 34 24 16 106 104 76 62 228 426 168 134 0 0 28 26
videos.hw01/04_frame/535.jpg 12 18 2 0 64 14 172 254 318 248 254 150 0 2 66 30
videos.hw01/04_frame/536.jpg 14 14 6 0 0 10 44 8 58 100 14 38 6 2 4 4
videos.hw01/04_frame/537.jpg 28 94 46 26 90 106 166 88 182 250 244 398 8 2 102 32
videos.hw01/04_frame/538.jpg 14 6 28 12 24 20 284 262 188 156 80 86 14 2 72 18
videos.hw01/04_frame/539.jpg 16 78 102 64 40 18 58 46 98 138 84 66 0 2 26 8
videos.hw01/04_frame/540.jpg 30 50 50 32 22 4 14 54 60 116 68 28 4 2 18 12
videos.hw01/04_frame/541.jpg 32 120 164 90 120 162 118 106 94 244 156 94 72 118 132 26
videos.hw01/04_frame/542.jpg 18 80 80 56 64 46 56 100 134 240 60 42 38 38 42 34
videos.hw01/04_frame/543.jpg 10 36 64 64 20 30 64 60 124 192 68 68 24 18 24 8
videos.hw01/04_frame/544.jpg 8 36 96 42 80 24 68 12 162 108 70 28 12 10 32 12
videos.hw01/04_frame/545.jpg 10 40 96 20 44 48 68 36 196 150 42 26 12 4 6 2
videos.hw01/04_frame/546.jpg 8 8 4 4 2 0 12 18 36 82 40 88 0 2 14 10
videos.hw01/04_frame/547.jpg 8 16 16 10 4 4 16 36 48 154 70 88 0 8 14 8
videos.hw01/04_frame/548.jpg 52 86 118 74 50 170 120 176 144 232 102 50 120 138 132 28
videos.hw01/04_frame/549.jpg 10 32 12 36 66 38 0 2 56 64 54 66 12 38 26 4
videos.hw01/04_frame/550.jpg 8 4 8 30 6 16 28 20 166 190 48 24 6 124 4 0
videos.hw01/04_frame/551.jpg 0 0 0 0 0 6 0 18 18 52 4 16 6 0 0 0
videos.hw01/04_frame/552.jpg 10 32 36 38 0 10 24 30 156 238 42 76 6 0 4 4
videos.hw01/04_frame/553.jpg 32 124 184 48 42 104 112 140 186 162 88 106 80 148 126 20
videos.hw01/04_frame/554.jpg 12 40 68 32 10 28 106 48 236 198 122 116 84 102 44 24
videos.hw01/04_frame/555.jpg 6 4 62 38 16 22 22 28 276 206 182 562 16 10 90 54
videos.hw01/04_frame/556.jpg 0 12 44 16 16 54 22 16 114 66 62 64 70 20 56 30
videos.hw01/04_frame/557.jpg 0 0 26 20 4 14 28 46 134 168 182 732 2 6 42 34
videos.hw01/04_frame/558.jpg 6 14 44 28 40 20 66 62 142 202 398 422 0 20 46 30
videos.hw01/04_frame/559.jpg 16 50 152 76 36 134 174 90 224 268 188 184 74 150 228 82
videos.hw01/04_frame/560.jpg 0 16 26 16 8 20 28 24 224 220 246 98 2 78 92 56
videos.hw01/04_frame/561.jpg 0 2 18 18 2 14 0 22 18 26 10 72 2 78 34 0
videos.hw01/04_frame/562.jpg 2 2 28 34 4 12 34 50 226 240 214 112 40 112 148 42
videos.hw01/04_frame/563.jpg 0 2 4 44 8 20 22 28 152 320 220 1136 14 34 76 78
videos.hw01/04_frame/564.jpg 0 2 26 40 2 94 190 58 96 272 274 634 2 10 156 74
videos.hw01/04_frame/565.jpg 34 74 154 88 44 160 148 82 210 338 300 238 132 74 142 64
videos.hw01/04_frame/566.jpg 20 44 14 48 6 28 30 34 36 76 36 30 84 82 36 34
videos.hw01/04_frame/567.jpg 4 32 26 16 54 50 58 60 282 424 252 128 48 74 274 62
videos.hw01/04_frame/568.jpg 18 20 8 26 32 48 72 12 374 342 296 166 16 14 224 98
videos.hw01/04_frame/569.jpg 48 60 4 22 140 108 78 16 542 446 224 230 4 0 186 64
videos.hw01/04_frame/570.jpg 34 56 0 14 104 118 42 2 332 284 278 172 2 0 142 126
videos.hw01/04_frame/571.jpg 14 46 32 38 142 78 112 100 150 192 44 74 92 80 72 24
videos.hw01/04_frame/572.jpg 76 74 22 10 182 158 86 10 430 234 256 198 20 98 156 84
videos.hw01/04_frame/573.jpg 42 52 44 20 66 160 116 62 164 232 238 88 14 10 82 62
videos.hw01/04_frame/574.jpg 40 50 24 32 114 210 62 66 230 156 284 94 18 10 100 58
videos.hw01/04_frame/575.jpg 48 118 0 14 112 204 106 32 70 220 320 78 4 14 94 52
videos.hw01/04_frame/576.jpg 4 32 38 4 30 18 28 8 28 46 28 20 2 10 24 22
videos.hw01/04_frame/577.jpg 80 146 178 94 172 192 200 162 192 342 318 222 184 262 134 62
videos.hw01/04_frame/578.jpg 66 42 104 98 76 146 74 52 84 290 114 118 26 26 62 44
videos.hw01/04_frame/579.jpg 50 60 34 56 126 156 38 50 98 240 274 198 12 20 68 30
videos.hw01/04_frame/580.jpg 28 108 16 28 216 86 72 64 118 268 232 166 0 6 114 52
videos.hw01/04_frame/581.jpg 4 6 10 16 12 16 2 24 12 98 40 40 0 4 4 16
videos.hw01/04_frame/582.jpg 26 36 14 8 54 186 148 58 104 284 344 200 0 4 106 12
videos.hw01/04_frame/583.jpg 18 62 38 26 24 68 92 102 146 566 454 108 0 4 60 142
videos.hw01/04_frame/584.jpg 14 12 20 20 14 42 102 62 172 724 364 206 0 4 26 406
videos.hw01/04_frame/585.jpg 24 38 22 30 4 52 50 34 164 278 404 260 0 4 268 96
videos.hw01/04_frame/586.jpg 4 48 34 26 22 186 62 30 24 186 148 46 0 14 24 2
videos.hw01/04_frame/587.jpg 0 0 2 0 38 76 58 34 146 356 386 260 8 184 1936 452
videos.hw01/04_frame/588.jpg 12 42 30 72 28 168 164 50 120 530 432 236 72 1688 1214 336
videos.hw01/04_frame/589.jpg 42 84 86 110 82 300 148 96 228 520 462 194 92 1118 820 16
videos.hw01/04_frame/590.jpg 6 18 58 32 72 108 92 10 136 330 470 320 766 1196 768 16
videos.hw01/04_frame/591.jpg 6 10 60 20 0 24 34 2 10 42 64 70 16 52 60 0
videos.hw01/04_frame/592.jpg 4 28 22 22 86 70 46 4 762 660 576 108 296 480 850 2
videos.hw01/04_frame/593.jpg 0 20 20 30 10 118 26 12 590 848 138 120 436 726 140 0
videos.hw01/04_frame/594.jpg 0 42 102 54 38 90 38 16 478 742 202 236 66 504 368 6
videos.hw01/04_frame/595.jpg 22 66 114 56 86 106 66 18 526 732 282 288 8 576 502 4
videos.hw01/04_frame/596.jpg 2 10 0 36 6 48 8 6 26 180 66 160 6 44 14 0
videos.hw01/04_frame/597.jpg 18 98 72 64 144 110 72 30 340 832 334 114 68 664 232 6
videos.hw01/04_frame/598.jpg 32 52 70 14 58 100 68 32 458 764 154 44 178 542 38 0
videos.hw01/04_frame/599.jpg 38 44 20 22 156 162 52 44 442 694 276 134 82 538 26 0
videos.hw01/04_frame/600.jpg 28 46 14 18 142 160 76 40 548 256 368 100 170 402 32 8
videos.hw01/04_frame/601.jpg 12 144 84 108 80 200 124 44 78 98 174 84 74 116 70 12
videos.hw01/04_frame/602.jpg 52 66 52 124 100 170 88 30 276 320 78 138 30 140 84 10
videos.hw01/04_frame/603.jpg 82 86 78 124 106 124 72 18 210 250 78 158 94 64 20 4
videos.hw01/04_frame/604.jpg 40 160 54 112 96 122 70 38 220 158 180 80 20 100 18 4
videos.hw01/04_frame/605.jpg 84 58 24 52 76 108 106 30 114 130 208 84 10 24 12 4
videos.hw01/04_frame/606.jpg 84 154 184 142 46 200 158 108 104 156 134 46 148 94 70 28
videos.hw01/04_frame/607.jpg 50 110 30 56 44 142 74 50 226 158 106 152 96 26 2 0
videos.hw01/04_frame/608.jpg 52 44 74 110 118 152 26 22 182 176 118 64 24 28 0 2
videos.hw01/04_frame/609.jpg 32 94 52 64 78 94 60 38 142 102 70 28 20 38 4 0
videos.hw01/04_frame/610.jpg 50 44 16 56 22 84 44 26 74 90 52 8 22 28 2 0
videos.hw01/04_frame/611.jpg 4 18 22 12 0 12 6 0 58 34 2 2 52 26 0 0
videos.hw01/04_frame/612.jpg 24 50 6 44 120 60 38 50 78 198 48 48 54 26 0 0
videos.hw01/04_frame/613.jpg 30 132 106 82 122 272 88 58 114 222 112 88 110 72 56 20
videos.hw01/04_frame/614.jpg 18 2 60 46 28 86 52 62 84 146 54 72 76 58 36 2
videos.hw01/04_frame/615.jpg 2 70 16 62 28 56 30 36 132 232 128 104 8 16 12 0
videos.hw01/04_frame/616.jpg 18 138 42 52 50 56 52 64 36 106 70 116 76 44 82 14
videos.hw01/04_frame/617.jpg 4 14 4 18 36 42 6 28 112 108 56 48 24 26 24 0
videos.hw01/04_frame/618.jpg 10 76 24 18 54 52 56 72 170 156 40 60 122 64 0 0
videos.hw01/04_frame/619.jpg 28 206 230 102 128 206 80 144 202 318 146 162 90 112 76 0
videos.hw01/04_frame/620.jpg 2 70 100 28 72 72 30 22 142 184 82 104 20 66 12 0
videos.hw01/04_frame/621.jpg 0 14 42 14 2 12 6 38 26 28 36 20 6 34 48 2
videos.hw01/04_frame/622.jpg 16 48 32 20 90 102 42 14 190 318 152 80 8 42 2 0
videos.hw01/04_frame/623.jpg 20 12 30 0 118 70 62 48 176 226 174 48 66 36 26 0
videos.hw01/04_frame/624.jpg 26 48 34 6 68 72 32 28 94 192 146 108 14 34 10 0
videos.hw01/04_frame/625.jpg 72 70 90 72 142 124 84 122 88 294 296 144 168 192 42 12
videos.hw01/04_frame/626.jpg 12 46 26 36 40 56 30 36 14 60 114 188 26 50 26 0
videos.hw01/04_frame/627.jpg 38 60 50 28 82 128 54 52 148 226 196 96 18 8 10 0
videos.hw01/04_frame/628.jpg 56 68 70 60 158 168 110 50 280 122 130 66 8 8 8 0
videos.hw01/04_frame/629.jpg 70 72 72 30 172 196 126 28 176 200 112 108 2 42 8 0
videos.hw01/04_frame/630.jpg 96 76 40 56 134 158 144 134 176 162 146 130 6 6 10 0
videos.hw01/04_frame/631.jpg 16 214 28 38 102 122 78 72 88 106 102 210 162 156 62 0
videos.hw01/04_frame/632.jpg 88 142 114 52 112 144 178 52 192 386 158 122 22 36 6 2
videos.hw01/04_frame/633.jpg 116 142 88 54 156 190 122 22 218 266 162 172 88 126 10 10
videos.hw01/04_frame/634.jpg 118 164 82 84 78 214 166 56 210 428 198 100 160 308 0 0
videos.hw01/04_frame/635.jpg 140 186 188 136 144 324 180 184 266 808 234 106 430 462 70 14
videos.hw01/04_frame/636.jpg 0 12 12 24 8 14 28 24 2 8 16 12 54 10 18 0
videos.hw01/04_frame/637.jpg 138 220 144 132 116 248 142 172 764 1054 248 154 86 912 142 6
videos.hw01/04_frame/638.jpg 114 216 60 20 90 216 164 106 492 1042 516 282 388 1086 394 0
videos.hw01/04_frame/639.jpg 130 126 114 112 178 214 200 96 508 924 506 180 156 898 398 0
videos.hw01/04_frame/640.jpg 158 114 88 200 158 208 178 678 338 936 292 152 128 1204 620 2
videos.hw01/04_frame/641.jpg 58 16 14 64 66 28 52 82 36 88 52 50 48 70 22 0
videos.hw01/04_frame/642.jpg 114 122 122 114 154 120 158 1352 1082 862 156 196 850 1558 588 18
videos.hw01/04_frame/643.jpg 164 104 176 454 204 62 120 532 1020 418 258 1270 1452 1152 1172 66
videos.hw01/04_frame/644.jpg 54 104 178 838 68 194 564 1078 98 190 924 938 2178 2836 1044 88
videos.hw01/04_frame/645.jpg 86 80 228 1592 56 110 336 2576 168 246 466 366 80 2670 760 26
videos.hw01/04_frame/646.jpg 44 78 44 68 70 32 64 122 66 108 92 42 70 76 120 0
videos.hw01/04_frame/647.jpg 160 146 254 904 32 140 546 2412 40 254 506 64 54 204 142 4
videos.hw01/04_frame/648.jpg 234 164 424 662 104 276 908 2120 46 174 154 426 12 62 50 2
videos.hw01/04_frame/649.jpg 268 260 204 526 82 258 1002 1414 152 198 596 198 86 216 48 0
videos.hw01/04_frame/650.jpg 196 214 468 706 160 288 628 762 88 236 844 240 34 106 32 2
videos.hw01/04_frame/651.jpg 4 34 42 58 22 52 68 108 26 22 58 48 32 20 22 0
videos.hw01/04_frame/652.jpg 180 264 258 520 180 230 576 504 152 244 514 324 18 56 66 0
videos.hw01/04_frame/653.jpg 230 172 92 172 132 202 320 340 46 232 414 268 12 20 28 0
videos.hw01/04_frame/654.jpg 124 180 110 164 140 194 302 510 76 160 154 132 18 40 2 0
videos.hw01/04_frame/655.jpg 124 188 116 112 164 170 204 404 116 136 250 266 24 30 52 0
videos.hw01/04_frame/656.jpg 4 16 10 14 40 14 48 40 32 32 10 54 22 32 14 0
videos.hw01/04_frame/657.jpg 160 186 100 72 190 220 142 218 94 230 472 206 24 218 10 0
videos.hw01/04_frame/658.jpg 164 296 138 36 200 296 106 314 52 110 618 450 28 78 16 0
videos.hw01/04_frame/659.jpg 112 324 208 74 358 178 216 320 38 80 90 226 26 34 8 0
videos.hw01/04_frame/660.jpg 12 226 98 34 256 242 142 336 8 60 76 316 24 114 4 0
videos.hw01/04_frame/661.jpg 18 120 120 128 158 142 62 196 164 252 264 196 50 92 80 2
videos.hw01/04_frame/662.jpg 8 164 66 24 294 298 102 296 88 182 68 340 36 196 72 2
videos.hw01/04_frame/663.jpg 10 24 12 32 74 164 136 174 82 68 132 200 22 38 18 0
videos.hw01/04_frame/664.jpg 5312 5590 5990 2696 7836 4150 5466 4238 7810 4706 5346 4494 3734 8542 3344 40
videos.hw01/04_frame/665.jpg 94 86 196 208 192 106 268 144 20 52 20 94 30 6 0 0
videos.hw01/04_frame/666.jpg 24 36 22 44 14 36 22 34 18 0 2 72 16 0 0 0
videos.hw01/04_frame/667.jpg 148 152 272 318 260 268 456 510 2 104 62 100 76 2 0 0
videos.hw01/04_frame/668.jpg 164 210 246 356 208 106 440 220 20 92 68 138 64 2 0 0
videos.hw01/04_frame/669.jpg 360 230 144 778 448 262 148 864 92 72 84 240 64 16 0 0
videos.hw01/04_frame/670.jpg 484 264 424 1558 652 442 480 920 28 178 280 260 58 2 0 0
videos.hw01/04_frame/671.jpg 30 44 40 28 26 2 78 84 2 42 0 34 46 14 0 0
videos.hw01/04_frame/672.jpg 436 406 352 1050 800 528 566 926 66 226 330 342 192 12 0 0
videos.hw01/04_frame/673.jpg 394 358 468 692 742 488 534 1036 102 302 450 344 348 52 0 0
videos.hw01/04_frame/674.jpg 354 188 284 520 446 202 478 412 60 126 254 126 158 8 0 0
videos.hw01/04_frame/675.jpg 268 240 398 610 636 228 490 368 18 150 156 128 48 8 0 0
videos.hw01/04_frame/676.jpg 18 44 236 70 64 58 56 40 34 30 64 18 88 10 0 0
videos.hw01/04_frame/677.jpg 148 220 294 558 338 218 402 210 68 120 116 172 104 0 0 0
videos.hw01/04_frame/678.jpg 144 150 314 584 164 212 306 156 36 150 120 90 224 8 0 0
videos.hw01/04_frame/679.jpg 94 176 366 394 226 454 302 134 6 118 112 106 46 24 0 0
videos.hw01/04_frame/680.jpg 132 120 150 240 148 372 176 222 50 68 68 62 144 0 0 0
videos.hw01/04_frame/681.jpg 14 26 48 36 116 38 22 60 0 18 6 30 72 0 0 0
videos.hw01/04_frame/682.jpg 246 150 186 282 126 188 246 188 46 56 132 134 162 24 0 0
videos.hw01/04_frame/683.jpg 326 410 236 300 184 632 648 210 30 98 60 106 92 0 0 0
videos.hw01/04_frame/684.jpg 292 274 412 414 314 344 312 274 20 128 64 92 102 0 0 0
videos.hw01/04_frame/685.jpg 212 106 332 434 220 246 150 200 56 70 120 154 164 14 0 0
videos.hw01/04_frame/686.jpg 68 22 50 60 30 22 20 30 40 34 12 32 70 4 0 0
videos.hw01/04_frame/687.jpg 236 228 638 534 212 210 614 284 46 132 252 234 48 0 0 0
videos.hw01/04_frame/688.jpg 308 212 376 494 230 776 974 686 20 86 410 320 206 20 0 0
videos.hw01/04_frame/689.jpg 332 370 486 456 226 320 284 692 16 338 516 420 48 8 0 0
videos.hw01/04_frame/690.jpg 428 316 490 594 374 432 530 494 24 286 298 164 50 0 0 0
videos.hw01/04_frame/691.jpg 78 32 40 56 120 56 104 24 44 34 26 16 288 6 0 0
videos.hw01/04_frame/692.jpg 500 308 452 356 518 790 716 536 90 240 190 164 276 4 0 0
videos.hw01/04_frame/693.jpg 268 196 298 426 626 440 416 290 124 338 136 238 118 12 0 0
videos.hw01/04_frame/694.jpg 196 110 274 206 194 210 486 234 74 90 50 58 288 4 0 0
videos.hw01/04_frame/695.jpg 168 146 144 260 304 204 416 258 48 28 10 90 106 0 0 0
videos.hw01/04_frame/696.jpg 18 4 8 64 40 6 48 28 6 20 8 0 20 0 0 0
videos.hw01/04_frame/697.jpg 166 148 80 216 66 138 112 58 86 148 46 190 340 20 0 0
videos.hw01/04_frame/698.jpg 108 62 122 138 88 144 64 140 16 38 58 86 84 0 0 0
videos.hw01/04_frame/699.jpg 74 126 94 186 190 132 194 114 10 24 54 134 164 0 0 0
videos.hw01/04_frame/700.jpg 90 104 220 170 150 108 248 152 12 18 50 98 16 2 0 0
videos.hw01/04_frame/701.jpg 18 16 20 44 22 24 18 8 4 8 4 20 80 0 0 0
videos.hw01/04_frame/702.jpg 176 116 306 314 102 134 190 104 4 8 20 158 86 0 0 0
videos.hw01/04_frame/703.jpg 84 146 234 118 118 100 66 138 18 12 16 54 100 0 0 0
videos.hw01/04_frame/704.jpg 72 138 160 220 158 100 50 132 4 4 22 70 10 0 0 0
videos.hw01/04_frame/705.jpg 134 84 234 130 64 106 224 128 4 2 28 90 6 0 0 0
videos.hw01/04_frame/706.jpg 88 30 50 108 24 52 40 54 28 48 28 78 54 4 0 0
videos.hw01/04_frame/707.jpg 166 108 146 98 78 92 210 72 42 26 62 122 80 2 0 0
videos.hw01/04_frame/708.jpg 92 132 174 126 114 256 96 106 4 54 28 100 166 0 0 0
videos.hw01/04_frame/709.jpg 210 170 224 222 140 206 100 118 42 62 18 120 218 0 0 0
videos.hw01/04_frame/710.jpg 126 210 140 262 78 240 122 98 12 54 38 94 22 6 0 0
videos.hw01/04_frame/711.jpg 14 22 30 24 48 32 14 4 8 12 6 12 114 0 0 0
videos.hw01/04_frame/712.jpg 210 242 216 176 78 218 154 384 0 36 16 160 0 0 0 0
videos.hw01/04_frame/713.jpg 244 354 108 130 174 158 88 158 0 62 32 90 0 0 0 0
videos.hw01/04_frame/714.jpg 204 374 274 210 218 142 192 146 0 74 44 108 0 0 0 0
videos.hw01/04_frame/715.jpg 298 274 312 210 228 62 186 478 0 44 28 142 14 0 0 0
videos.hw01/04_frame/716.jpg 24 28 8 26 2 14 8 2 0 12 2 10 30 0 0 0
videos.hw01/04_frame/717.jpg 450 374 516 392 398 238 428 550 0 64 90 132 62 0 0 0
videos.hw01/04_frame/718.jpg 666 694 782 906 378 116 410 298 0 128 104 276 12 0 0 0
videos.hw01/04_frame/719.jpg 348 380 488 1100 176 16 356 354 0 84 160 178 0 0 0 0
videos.hw01/04_frame/720.jpg 260 284 532 924 164 58 210 1146 0 104 96 94 0 0 0 0
videos.hw01/04_frame/721.jpg 76 128 90 114 90 30 54 54 44 58 38 220 138 8 0 0
videos.hw01/04_frame/722.jpg 668 430 664 1340 324 262 376 708 52 110 60 288 254 60 0 0
videos.hw01/04_frame/723.jpg 384 388 496 1804 288 166 376 548 50 240 42 156 80 0 0 0
videos.hw01/04_frame/724.jpg 724 810 924 408 292 676 616 1620 38 142 114 182 170 8 0 0
videos.hw01/04_frame/725.jpg 1368 1362 814 548 1058 1112 1178 1174 14 450 566 230 10 6 0 0
videos.hw01/04_frame/726.jpg 32 32 24 8 62 38 40 78 22 16 46 30 12 4 0 0
videos.hw01/04_frame/727.jpg 1042 1164 764 516 948 1198 566 1470 72 460 580 258 82 4 0 0
videos.hw01/04_frame/728.jpg 134 2 174 514 574 578 926 534 70 388 382 202 42 0 0 0
videos.hw01/04_frame/729.jpg 12 8 448 200 628 516 780 746 124 230 378 318 10 0 0 0
videos.hw01/04_frame/730.jpg 8 0 238 706 532 600 400 1186 102 138 252 258 10 6 0 0
videos.hw01/04_frame/731.jpg 8 0 72 28 32 30 42 56 36 16 12 28 10 0 0 0
videos.hw01/04_frame/732.jpg 8 18 280 432 310 328 198 884 132 210 160 114 78 0 0 0
videos.hw01/04_frame/733.jpg 46 24 304 282 232 288 238 962 118 198 80 110 296 30 0 0
videos.hw01/04_frame/734.jpg 28 10 300 322 222 174 152 652 106 144 116 214 192 0 0 0
videos.hw01/04_frame/735.jpg 30 10 346 186 110 162 314 544 70 152 52 136 38 6 0 0
videos.hw01/04_frame/736.jpg 12 12 124 46 78 70 140 50 64 78 88 58 152 10 0 0
videos.hw01/04_frame/737.jpg 22 18 180 140 72 154 248 208 94 186 132 188 26 6 0 0
videos.hw01/04_frame/738.jpg 8 4 124 84 180 302 300 290 38 88 76 150 46 10 0 0
videos.hw01/04_frame/739.jpg 0 0 80 44 112 116 216 166 46 58 56 82 40 14 0 0
videos.hw01/04_frame/740.jpg 8 2 156 62 8 100 246 150 70 74 80 92 12 20 0 0
videos.hw01/04_frame/741.jpg 0 0 2 36 0 42 38 4 4 26 20 22 0 6 0 0
videos.hw01/04_frame/742.jpg 20 40 198 86 164 130 310 268 68 118 76 218 4 18 0 0
videos.hw01/04_frame/743.jpg 0 12 696 368 158 708 690 1056 40 202 152 72 0 4 0 0
videos.hw01/04_frame/744.jpg 0 700 928 470 206 1160 1184 1986 56 174 52 190 90 6 0 0
videos.hw01/04_frame/745.jpg 28 398 408 356 192 246 534 1106 150 152 178 238 92 14 0 0
videos.hw01/04_frame/746.jpg 2 34 28 10 30 60 64 104 40 48 28 24 90 2 0 0
videos.hw01/04_frame/747.jpg 38 814 812 728 330 1010 1542 2022 54 324 278 168 8 2 0 0
videos.hw01/04_frame/748.jpg 8 758 454 574 576 334 1716 1854 60 418 286 614 0 2 0 0
videos.hw01/04_frame/749.jpg 2 12 38 22 448 326 1486 894 28 276 308 256 0 18 0 0
videos.hw01/04_frame/750.jpg 8 12 18 8 402 770 804 506 78 190 156 114 0 0 0 0
videos.hw01/04_frame/751.jpg 84 44 4 16 156 160 96 148 148 84 118 180 250 24 0 0
videos.hw01/04_frame/752.jpg 2 4 24 10 318 654 582 342 76 106 94 172 84 14 0 0
videos.hw01/04_frame/753.jpg 0 96 216 200 220 1084 2004 1866 54 122 120 432 48 18 0 0
videos.hw01/04_frame/754.jpg 2 154 290 210 204 458 1698 1980 42 100 424 200 90 8 0 0
videos.hw01/04_frame/755.jpg 0 244 150 162 80 336 360 600 26 62 78 88 114 0 0 0
videos.hw01/04_frame/756.jpg 0 10 22 10 12 26 34 40 4 24 22 32 0 0 0 0
videos.hw01/04_frame/757.jpg 70 64 100 36 290 204 282 636 154 68 100 188 218 14 0 0
videos.hw01/04_frame/758.jpg 10 50 164 52 208 198 1014 160 42 90 70 142 114 8 0 0
videos.hw01/04_frame/759.jpg 10 84 64 26 362 228 556 386 30 270 52 126 16 0 0 0
videos.hw01/04_frame/760.jpg 10 52 74 22 310 600 606 188 146 348 98 94 0 0 0 0
videos.hw01/04_frame/761.jpg 10 16 14 8 38 20 18 42 2 18 18 10 0 0 0 0
videos.hw01/04_frame/762.jpg 10 26 36 16 628 684 508 122 138 522 164 114 4 26 0 0
videos.hw01/04_frame/763.jpg 10 60 80 6 704 970 942 248 352 542 124 56 0 6 0 0
videos.hw01/04_frame/764.jpg 10 56 46 18 428 824 748 174 174 240 48 144 20 6 0 0
videos.hw01/04_frame/765.jpg 10 108 468 114 226 578 542 430 72 196 118 146 0 10 0 0
videos.hw01/04_frame/766.jpg 12 16 12 0 70 54 118 188 18 52 56 26 132 2 0 0
videos.hw01/04_frame/767.jpg 10 154 356 932 400 284 416 1614 126 166 242 196 202 4 0 0
videos.hw01/04_frame/768.jpg 10 64 608 1472 90 196 348 2428 60 104 176 174 128 0 0 0
videos.hw01/04_frame/769.jpg 18 26 104 712 576 570 1022 1024 172 242 272 138 76 22 0 0
videos.hw01/04_frame/770.jpg 10 132 66 704 936 1192 1536 1218 256 640 244 248 80 4 0 0
videos.hw01/04_frame/771.jpg 10 10 0 16 10 62 176 78 6 20 38 50 8 0 0 0
videos.hw01/04_frame/772.jpg 10 102 742 600 1542 1002 1008 2128 586 1090 322 726 0 0 0 0
videos.hw01/04_frame/773.jpg 10 244 952 388 428 572 1530 2084 90 524 612 704 0 0 0 0
videos.hw01/04_frame/774.jpg 10 10 2788 1936 356 290 938 2638 6 254 314 614 0 0 0 0
videos.hw01/04_frame/775.jpg 480 606 1288 3952 576 678 1206 1476 48 378 768 590 62 0 0 0
videos.hw01/04_frame/776.jpg 10 26 26 70 118 60 74 26 2 20 26 34 0 0 0 0
videos.hw01/04_frame/777.jpg 1014 1322 1536 2188 1244 1238 928 1786 96 658 1282 1072 2 4 0 0
videos.hw01/04_frame/778.jpg 786 1150 1190 1196 1020 852 1498 1802 46 770 704 812 8 10 0 0
videos.hw01/04_frame/779.jpg 524 916 622 1234 1646 1738 1064 1112 12 786 338 162 0 2 0 0
videos.hw01/04_frame/780.jpg 866 680 854 994 1098 2522 1580 1962 128 446 362 130 188 20 0 0
videos.hw01/04_frame/781.jpg 58 60 80 110 94 86 152 108 80 114 44 156 204 12 0 0
videos.hw01/04_frame/782.jpg 556 710 480 512 744 2036 1530 1368 50 214 192 60 90 38 0 0
videos.hw01/04_frame/783.jpg 236 544 874 1464 358 1570 1524 1666 64 74 250 100 60 20 0 0
videos.hw01/04_frame/784.jpg 56 346 824 1876 340 752 850 1812 110 282 202 120 288 40 0 0
videos.hw01/04_frame/785.jpg 38 148 506 350 228 346 698 1568 44 122 104 136 204 18 0 0
videos.hw01/04_frame/786.jpg 18 14 62 22 80 78 70 102 28 128 28 56 10 0 0 0
videos.hw01/04_frame/787.jpg 24 128 498 76 614 366 676 534 108 156 218 118 340 30 0 0
videos.hw01/04_frame/788.jpg 126 356 194 148 904 550 806 292 158 316 372 118 262 42 0 0
videos.hw01/04_frame/789.jpg 292 578 484 394 504 1042 1240 1006 76 304 312 174 160 52 0 0
videos.hw01/04_frame/790.jpg 970 884 370 1104 1732 2806 1354 2322 204 264 318 116 316 66 0 0
videos.hw01/04_frame/791.jpg 20 8 10 14 82 84 42 54 20 66 26 30 10 2 0 0
videos.hw01/04_frame/792.jpg 968 828 398 1012 1882 2190 928 1808 120 498 470 196 266 96 0 0
videos.hw01/04_frame/793.jpg 486 466 720 794 2430 2068 2242 608 116 674 244 438 226 84 0 0
videos.hw01/04_frame/794.jpg 222 264 386 466 500 630 862 332 144 248 208 146 498 114 0 0
videos.hw01/04_frame/795.jpg 270 184 224 316 636 694 690 312 160 332 164 162 372 106 0 0
videos.hw01/04_frame/796.jpg 34 92 34 144 66 70 94 138 58 82 44 54 150 4 0 0
videos.hw01/04_frame/797.jpg 276 268 442 456 1424 966 1218 378 244 430 218 224 520 146 0 0
videos.hw01/04_frame/798.jpg 508 284 478 554 1648 1346 1106 892 260 668 538 382 294 158 0 0
videos.hw01/04_frame/799.jpg 696 522 782 1076 1732 2200 1392 1550 214 446 736 324 348 200 0 0
videos.hw01/04_frame/800.jpg 404 648 1628 3754 1620 2296 3024 1714 194 262 742 110 252 170 0 0
videos.hw01/04_frame/801.jpg 30 10 20 72 40 66 46 112 62 34 32 24 88 0 0 0
videos.hw01/04_frame/802.jpg 176 568 1764 798 812 2002 1906 2278 288 422 286 146 592 164 0 0
videos.hw01/04_frame/803.jpg 110 218 824 660 320 992 2444 846 204 128 348 196 260 186 0 0
videos.hw01/04_frame/804.jpg 204 400 1168 1332 672 1212 1116 1138 160 376 142 174 442 150 0 0
videos.hw01/04_frame/805.jpg 520 550 1264 1664 1366 2796 3262 1150 228 194 642 136 300 184 0 0
videos.hw01/04_frame/806.jpg 18 46 60 42 84 102 88 54 36 64 44 16 140 26 0 0
videos.hw01/04_frame/807.jpg 1024 388 524 2034 2432 2580 2026 3596 138 484 422 120 340 106 0 0
videos.hw01/04_frame/808.jpg 470 390 542 848 2408 1304 1764 2140 182 244 124 268 104 194 0 0
videos.hw01/04_frame/809.jpg 280 144 190 424 776 728 386 1070 118 208 170 124 458 86 0 0
videos.hw01/04_frame/810.jpg 280 126 88 286 326 308 278 670 158 150 102 92 228 116 0 0
videos.hw01/04_frame/811.jpg 58 86 58 182 116 120 186 124 94 64 30 46 154 120 0 0
videos.hw01/04_frame/812.jpg 146 154 156 232 288 230 366 306 112 170 140 126 280 122 0 0
videos.hw01/04_frame/813.jpg 34 14 14 46 62 26 64 46 32 44 24 68 46 8 0 0
videos.hw01/04_frame/814.jpg 418 346 426 586 1030 946 1134 1196 244 252 212 158 282 138 0 0
videos.hw01/04_frame/815.jpg 468 324 262 674 1208 1276 1040 900 92 248 322 136 78 54 0 0
videos.hw01/04_frame/816.jpg 32 6 0 18 30 34 82 138 26 12 14 0 0 6 0 0
videos.hw01/04_frame/817.jpg 340 228 184 420 980 804 484 986 240 142 226 132 384 104 0 0
videos.hw01/04_frame/818.jpg 218 164 166 316 444 408 242 360 60 46 132 28 46 34 0 0
videos.hw01/04_frame/819.jpg 16 62 22 42 52 70 64 30 52 18 8 16 6 0 0 0
videos.hw01/04_frame/820.jpg 112 110 102 310 320 374 396 784 38 140 122 84 48 12 0 0
videos.hw01/04_frame/821.jpg 18 60 36 54 46 46 64 60 8 12 14 44 16 4 0 0
videos.hw01/04_frame/822.jpg 36 66 0 14 50 64 44 64 24 46 10 12 18 4 0 0
videos.hw01/04_frame/823.jpg 42 210 80 156 122 362 200 324 44 8 92 70 252 30 0 0
videos.hw01/04_frame/824.jpg 14 56 0 22 24 50 62 30 16 16 22 2 100 24 0 0
videos.hw01/04_frame/825.jpg 90 128 108 162 186 220 180 200 80 16 22 38 56 0 0 0
videos.hw01/04_frame/826.jpg 84 66 34 136 128 174 128 210 48 74 90 64 278 32 0 0
videos.hw01/04_frame/827.jpg 38 62 0 32 78 40 22 52 32 14 2 12 40 54 0 0
videos.hw01/04_frame/828.jpg 72 124 84 120 170 164 158 220 52 26 18 20 114 30 0 0
videos.hw01/04_frame/829.jpg 172 78 80 166 144 190 122 154 80 116 72 58 98 42 0 0
videos.hw01/04_frame/830.jpg 60 10 42 32 36 48 28 68 38 20 36 28 148 0 0 0
videos.hw01/04_frame/831.jpg 66 52 34 102 162 202 122 124 38 66 24 38 72 0 0 0
videos.hw01/04_frame/832.jpg 22 70 42 138 110 238 126 114 28 12 70 46 36 6 0 0
videos.hw01/04_frame/833.jpg 138 80 48 164 282 246 172 156 68 32 98 30 90 8 0 0
videos.hw01/04_frame/834.jpg 84 56 142 158 140 228 218 214 4 24 58 52 0 66 0 0
videos.hw01/04_frame/835.jpg 52 88 42 112 78 212 156 208 32 42 60 32 56 62 0 0
videos.hw01/04_frame/836.jpg 14 10 20 56 62 20 130 88 0 0 12 10 12 18 0 0
videos.hw01/04_frame/837.jpg 3040 3608 6312 4156 3788 4666 3780 4700 3994 4182 4776 7884 8994 6018 5390 176
videos.hw01/04_frame/838.jpg 10 116 38 0 300 312 726 438 308 486 392 410 2 10 136 74
videos.hw01/04_frame/839.jpg 8 102 0 0 654 1090 1058 876 510 602 1008 840 0 0 272 102
videos.hw01/04_frame/840.jpg 8 2 8 16 644 1504 1470 1652 630 920 872 1072 0 0 312 2
videos.hw01/04_frame/841.jpg 82 38 12 22 244 250 102 132 152 184 186 96 18 120 72 0
videos.hw01/04_frame/842.jpg 88 44 8 146 1160 1026 1016 1858 886 750 778 1090 2 28 140 80
videos.hw01/04_frame/843.jpg 66 6 0 112 938 828 424 806 626 594 1076 682 0 16 96 14
videos.hw01/04_frame/844.jpg 66 2 0 184 744 638 382 362 404 552 448 726 0 16 30 10
videos.hw01/04_frame/845.jpg 66 2 0 138 740 540 1254 354 348 506 662 682 0 14 12 8
videos.hw01/04_frame/846.jpg 66 2 0 4 20 92 2 66 114 86 46 18 0 14 2 0
videos.hw01/04_frame/847.jpg 66 2 0 130 624 298 998 758 180 292 694 608 0 14 12 0
videos.hw01/04_frame/848.jpg 66 2 0 114 404 278 336 614 160 198 334 540 0 14 2 0
videos.hw01/04_frame/849.jpg 66 2 0 108 332 272 846 450 88 126 396 312 0 14 2 6
videos.hw01/04_frame/850.jpg 66 2 4 122 262 368 872 298 94 194 194 382 0 14 2 0
videos.hw01/04_frame/851.jpg 66 2 0 0 54 20 106 114 72 48 16 12 0 14 2 0
videos.hw01/04_frame/852.jpg 84 2 0 94 380 414 1174 422 202 162 410 432 0 14 22 0
videos.hw01/04_frame/853.jpg 90 48 4 104 336 244 712 452 202 176 240 446 2 34 14 8
videos.hw01/04_frame/854.jpg 88 44 8 58 208 226 2298 674 88 132 528 388 2 38 6 10
videos.hw01/04_frame/855.jpg 64 10 14 12 260 354 586 436 176 202 230 240 0 12 8 6
videos.hw01/04_frame/856.jpg 72 74 0 14 54 104 156 98 110 88 88 110 4 12 26 0
videos.hw01/04_frame/857.jpg 66 10 8 68 380 260 1024 454 86 194 350 302 0 12 26 12
videos.hw01/04_frame/858.jpg 66 0 0 64 68 98 798 406 36 62 164 330 10 12 6 0
videos.hw01/04_frame/859.jpg 78 38 0 36 220 148 594 412 52 144 166 186 0 12 6 0
videos.hw01/04_frame/860.jpg 114 0 0 70 192 130 360 146 66 94 198 262 2 12 16 0
videos.hw01/04_frame/861.jpg 66 0 0 0 60 50 38 98 14 38 32 2 0 12 2 0
videos.hw01/04_frame/862.jpg 66 0 0 58 180 166 624 256 100 120 300 300 0 18 50 6
videos.hw01/04_frame/863.jpg 66 0 0 68 196 142 988 306 226 164 306 326 0 12 14 0
videos.hw01/04_frame/864.jpg 66 0 0 84 156 170 1566 842 236 172 392 430 0 12 2 0
videos.hw01/04_frame/865.jpg 74 12 0 84 362 462 174 470 270 204 214 422 30 38 22 8
videos.hw01/04_frame/866.jpg 196 60 30 54 214 172 56 138 128 84 102 182 36 230 114 10
videos.hw01/04_frame/867.jpg 36 46 8 40 380 316 204 124 184 164 164 162 4 16 50 0
videos.hw01/04_frame/868.jpg 10 4 0 58 1064 560 332 796 324 446 410 882 2 2 48 0
videos.hw01/04_frame/869.jpg 154 190 30 72 1418 668 1466 1398 700 906 886 1530 72 290 96 28
videos.hw01/04_frame/870.jpg 138 284 26 392 532 1306 1424 1664 856 958 1086 1170 86 184 302 98
videos.hw01/04_frame/871.jpg 52 12 12 14 228 90 36 86 80 104 70 104 0 40 56 0
videos.hw01/04_frame/872.jpg 246 372 62 238 1310 1178 894 698 1198 1358 838 1358 108 238 450 122
videos.hw01/04_frame/873.jpg 234 418 46 208 1440 778 450 410 1308 736 540 934 84 350 184 226
videos.hw01/04_frame/874.jpg 492 618 34 44 1036 516 536 384 1082 568 402 414 108 434 142 76
videos.hw01/04_frame/875.jpg 432 434 70 8 876 1364 492 1096 564 1242 246 382 94 366 346 72
videos.hw01/04_frame/876.jpg 12 14 24 0 122 62 22 38 26 92 50 136 18 28 30 2
videos.hw01/04_frame/877.jpg 240 240 74 154 910 366 262 594 450 340 172 562 70 322 284 100
videos.hw01/04_frame/878.jpg 298 182 54 22 254 250 158 682 180 284 194 348 74 282 238 50
videos.hw01/04_frame/879.jpg 246 156 66 16 318 228 220 676 136 260 142 322 32 230 152 34
videos.hw01/04_frame/880.jpg 186 160 54 18 214 170 98 426 140 190 234 274 32 234 82 14
videos.hw01/04_frame/881.jpg 30 28 0 6 136 40 16 56 22 56 66 82 0 16 30 4
videos.hw01/04_frame/882.jpg 106 60 18 28 324 112 72 222 76 116 122 188 26 70 50 6
videos.hw01/04_frame/883.jpg 42 54 16 0 244 182 42 98 64 128 110 88 6 12 30 0
videos.hw01/04_frame/884.jpg 52 50 32 10 164 296 80 98 82 146 84 188 10 8 30 26
videos.hw01/04_frame/885.jpg 74 82 24 10 298 194 140 146 132 244 160 286 0 12 56 16
videos.hw01/04_frame/886.jpg 84 82 12 14 194 82 26 160 80 84 72 132 8 86 32 6
videos.hw01/04_frame/887.jpg 138 74 20 16 288 240 124 180 156 186 156 378 14 54 62 28
videos.hw01/04_frame/888.jpg 52 30 8 8 370 298 230 348 164 176 374 286 4 10 68 50
videos.hw01/04_frame/889.jpg 4134 6788 7216 8524 6146 6670 7908 7626 7154 4752 6168 6130 8966 6196 5412 8756
videos.hw01/04_frame/890.jpg 122 48 100 32 260 74 74 2 60 50 52 16 44 42 24 28
videos.hw01/04_frame/891.jpg 30 24 68 36 14 26 10 2 20 14 40 18 6 18 42 4
videos.hw01/04_frame/892.jpg 6 4 30 14 0 24 22 0 4 0 10 10 4 12 18 4
videos.hw01/04_frame/893.jpg 100 4 12 32 40 16 18 0 32 14 12 6 0 12 18 0
videos.hw01/04_frame/894.jpg 6 4 28 26 0 2 0 0 4 4 40 0 0 6 4 0
videos.hw01/04_frame/895.jpg 6 8 20 16 0 2 0 0 4 2 10 2 0 4 10 0
videos.hw01/04_frame/896.jpg 6 4 10 38 0 8 2 0 4 0 10 2 0 4 4 2
videos.hw01/04_frame/897.jpg 6 8 22 34 0 26 20 0 4 0 22 0 34 20 24 0
videos.hw01/04_frame/898.jpg 6 4 10 34 0 2 0 0 4 0 2 10 0 12 4 4
videos.hw01/04_frame/899.jpg 22 4 18 40 0 2 24 8 4 0 4 10 0 4 16 64
videos.hw01/04_frame/900.jpg 6 4 0 24 0 12 16 0 4 0 2 28 0 4 6 22
videos.hw01/04_frame/901.jpg 148 58 96 64 118 136 120 12 80 144 92 22 58 96 24 40
videos.hw01/04_frame/902.jpg 114 58 90 28 110 164 62 16 94 104 58 68 62 58 16 20
videos.hw01/04_frame/903.jpg 32 20 66 20 0 24 16 2 18 22 34 4 8 34 14 10
videos.hw01/04_frame/904.jpg 6 8 14 24 8 40 94 0 4 68 26 18 12 22 20 6
videos.hw01/04_frame/905.jpg 6 10 10 58 0 136 144 68 22 142 22 56 0 6 16 4
videos.hw01/04_frame/906.jpg 6 20 0 18 0 2 24 4 4 10 24 40 0 46 40 0
videos.hw01/04_frame/907.jpg 6 60 14 166 0 358 304 50 26 738 90 50 0 20 16 10
videos.hw01/04_frame/908.jpg 6 8 4 286 0 436 100 24 6 752 340 12 0 6 14 2
videos.hw01/04_frame/909.jpg 6 8 14 250 0 514 42 84 1258 1050 142 58 0 4 2 10
videos.hw01/04_frame/910.jpg 30 8 0 176 16 198 46 106 992 1146 60 10 0 52 8 18
videos.hw01/04_frame/911.jpg 6 8 8 12 16 12 12 0 8 72 10 2 0 4 6 0
videos.hw01/04_frame/912.jpg 6 8 0 60 144 64 76 24 1382 384 48 10 8 8 8 56
videos.hw01/04_frame/913.jpg 440 292 316 138 388 162 366 64 1134 242 246 88 162 192 158 58
videos.hw01/04_frame/914.jpg 398 342 250 212 220 286 258 80 708 414 242 270 284 232 200 166
videos.hw01/04_frame/915.jpg 412 422 290 186 442 228 230 168 472 400 394 242 268 256 400 258
videos.hw01/04_frame/916.jpg 88 88 122 54 92 52 108 10 154 142 122 36 98 118 58 72
videos.hw01/04_frame/917.jpg 978 424 422 288 300 304 242 148 604 594 276 280 652 402 550 212
videos.hw01/04_frame/918.jpg 580 324 420 228 468 504 300 184 912 296 384 412 458 380 394 310
videos.hw01/04_frame/919.jpg 662 432 458 346 1008 408 226 134 848 722 512 480 388 500 384 252
videos.hw01/04_frame/920.jpg 846 506 408 462 832 502 288 78 912 606 424 432 548 420 414 306
videos.hw01/04_frame/921.jpg 50 60 40 30 24 58 20 2 76 130 22 24 44 28 80 36
videos.hw01/04_frame/922.jpg 524 494 510 592 862 1308 570 52 724 652 414 542 562 446 386 368
videos.hw01/04_frame/923.jpg 798 606 472 530 888 400 396 50 434 726 370 462 742 520 354 206
videos.hw01/04_frame/924.jpg 438 580 346 566 566 388 328 40 992 536 382 448 334 206 364 252
videos.hw01/04_frame/925.jpg 860 736 568 472 666 428 256 42 922 1012 376 490 512 394 344 264
videos.hw01/04_frame/926.jpg 82 46 84 40 40 62 120 0 150 128 76 36 64 44 28 100
videos.hw01/04_frame/927.jpg 460 452 630 378 446 306 328 68 760 740 1374 428 558 852 358 260
videos.hw01/04_frame/928.jpg 726 278 390 396 440 482 460 30 606 1150 830 550 510 574 1084 222
videos.hw01/04_frame/929.jpg 342 428 456 514 440 418 462 30 652 452 896 702 294 354 474 366
videos.hw01/04_frame/930.jpg 284 414 322 364 464 198 502 22 338 276 666 692 80 196 306 802
videos.hw01/04_frame/931.jpg 274 100 140 58 50 10 60 12 204 150 170 40 68 98 158 70
videos.hw01/04_frame/932.jpg 676 252 398 310 272 172 136 164 574 296 368 438 126 308 606 502
videos.hw01/04_frame/933.jpg 194 314 314 284 140 292 270 224 418 284 244 558 104 248 448 650
videos.hw01/04_frame/934.jpg 274 264 320 234 804 344 298 160 682 444 310 270 110 210 382 426
videos.hw01/04_frame/935.jpg 478 312 238 246 528 410 134 148 636 286 324 274 70 282 268 566
videos.hw01/04_frame/936.jpg 52 102 30 30 20 40 26 2 14 66 52 54 0 60 26 82
videos.hw01/04_frame/937.jpg 306 230 256 136 458 634 182 158 286 436 468 226 106 466 228 502
videos.hw01/04_frame/938.jpg 262 246 282 90 258 378 120 140 266 192 174 108 264 270 214 316
videos.hw01/04_frame/939.jpg 466 204 252 90 208 238 168 122 432 158 182 82 112 380 236 258
videos.hw01/04_frame/940.jpg 210 204 234 70 160 196 104 136 232 222 194 64 46 422 260 248
videos.hw01/04_frame/941.jpg 14 60 40 8 32 70 70 8 50 22 46 36 42 48 114 66
videos.hw01/04_frame/942.jpg 178 286 184 114 826 348 164 88 328 236 138 112 148 268 182 258
videos.hw01/04_frame/943.jpg 90 74 84 46 104 88 46 24 74 38 66 28 34 160 128 170
videos.hw01/04_frame/944.jpg 40 64 56 20 218 34 64 14 326 90 124 28 30 180 122 168
videos.hw01/04_frame/945.jpg 6 32 56 14 210 82 72 20 50 50 78 68 22 66 120 150
videos.hw01/04_frame/946.jpg 180 186 114 100 370 124 270 20 94 120 118 112 96 152 74 122
videos.hw01/04_frame/947.jpg 142 198 286 150 394 164 128 36 352 256 242 134 234 232 318 204
videos.hw01/04_frame/948.jpg 20 34 52 18 150 126 60 24 36 94 30 116 72 68 106 134
videos.hw01/04_frame/949.jpg 184 420 160 112 828 346 164 50 454 354 174 176 378 156 292 290
videos.hw01/04_frame/950.jpg 48 56 142 18 40 120 30 46 64 54 100 106 18 40 168 226
videos.hw01/04_frame/951.jpg 8 20 52 10 24 16 16 16 32 26 68 12 22 44 40 24
videos.hw01/04_frame/952.jpg 12 40 68 10 54 54 152 28 72 60 76 42 20 38 30 166
videos.hw01/04_frame/953.jpg 10 12 50 42 50 10 32 22 24 26 42 20 0 6 36 128
videos.hw01/04_frame/954.jpg 34 20 88 20 6 6 218 24 42 22 32 26 0 144 58 102
videos.hw01/04_frame/955.jpg 84 34 36 24 126 58 84 22 74 30 28 12 0 16 20 62
videos.hw01/04_frame/956.jpg 12 20 14 8 0 40 34 2 48 62 16 2 0 58 40 38
videos.hw01/04_frame/957.jpg 62 30 46 84 178 28 72 82 40 48 2 10 4 28 60 50
videos.hw01/04_frame/958.jpg 14 10 20 56 14 28 44 88 40 20 46 6 0 4 2 132
videos.hw01/04_frame/959.jpg 14 14 72 80 94 76 64 66 92 12 24 4 0 6 0 58
videos.hw01/04_frame/960.jpg 14 12 58 90 46 2 86 34 36 24 20 2 0 4 6 66
videos.hw01/04_frame/961.jpg 62 142 88 88 136 310 132 32 238 150 140 84 44 164 130 122
videos.hw01/04_frame/962.jpg 84 164 2168 2294 102 424 4764 5442 84 44 24 42 20 36 44 76
videos.hw01/04_frame/963.jpg 18 224 620 1114 108 266 1018 766 46 42 50 82 6 24 8 90
videos.hw01/04_frame/964.jpg 22 260 2642 1956 94 186 1508 1390 40 40 10 130 0 0 28 218
videos.hw01/04_frame/965.jpg 56 796 2762 3232 96 554 944 1012 16 54 8 108 0 20 20 228
videos.hw01/04_frame/966.jpg 26 90 58 66 32 8 136 58 8 32 12 38 0 4 72 20
videos.hw01/04_frame/967.jpg 94 3434 5796 7252 70 1848 1674 1842 30 32 18 140 0 0 16 178
videos.hw01/04_frame/968.jpg 3226 6228 3622 1210 338 2618 2538 3110 4 32 10 18 0 0 22 40
videos.hw01/04_frame/969.jpg 3080 2346 2102 550 868 2766 2698 2202 34 48 58 32 0 0 14 36
videos.hw01/04_frame/970.jpg 5654 7106 92 408 2040 4480 1950 1720 10 108 314 52 0 0 14 26
videos.hw01/04_frame/971.jpg 30 0 0 72 84 14 30 88 2 22 10 34 0 0 14 38
videos.hw01/04_frame/972.jpg 1982 230 36 764 3436 2874 2312 1444 74 370 1150 80 0 0 14 166
videos.hw01/04_frame/973.jpg 4200 9600 9490 9600 2898 4184 3678 3766 842 1724 842 90 50 64 94 130
videos.hw01/04_frame/974.jpg 7236 7158 6232 6256 1838 7396 6588 5710 3518 6062 5286 802 20 80 206 140
videos.hw01/04_frame/975.jpg 24 44 70 1520 2424 2312 1302 1640 3892 6304 6792 1000 1502 5002 3208 292
videos.hw01/04_frame/976.jpg 154 152 244 280 164 262 320 160 252 246 212 236 162 100 200 226
videos.hw01/04_frame/977.jpg 22 50 66 44 100 136 282 586 1090 1614 386 116 818 4820 3202 176
videos.hw01/04_frame/978.jpg 6 20 34 28 4 2 144 100 30 52 48 94 396 800 54 126
videos.hw01/04_frame/979.jpg 50 82 96 456 494 78 650 314 80 130 142 58 66 152 84 162
videos.hw01/04_frame/980.jpg 34 18 60 16 18 64 212 892 56 86 38 40 80 42 20 88
videos.hw01/04_frame/981.jpg 12 12 44 18 8 16 46 26 18 70 12 32 2 48 50 50
videos.hw01/04_frame/982.jpg 40 96 86 10 80 78 688 500 198 42 126 42 20 114 60 66
videos.hw01/04_frame/983.jpg 8 16 36 12 16 8 128 34 28 122 38 26 0 164 50 40
videos.hw01/04_frame/984.jpg 16 38 46 18 86 48 388 578 140 78 80 62 30 100 52 68
videos.hw01/04_frame/985.jpg 88 170 88 108 240 254 210 204 146 186 186 144 68 198 158 96
videos.hw01/04_frame/986.jpg 70 166 114 118 140 276 110 56 116 82 234 38 28 96 58 74
videos.hw01/04_frame/987.jpg 60 68 24 184 18 30 200 70 22 82 46 12 36 36 18 138
videos.hw01/04_frame/988.jpg 40 96 24 58 18 160 72 66 14 46 66 32 20 54 22 50
videos.hw01/04_frame/989.jpg 26 40 50 6 20 64 298 80 50 38 52 22 18 40 46 118
videos.hw01/04_frame/990.jpg 46 34 130 104 62 24 246 22 102 50 136 38 40 62 204 128
videos.hw01/04_frame/991.jpg 56 262 130 116 190 198 122 122 98 294 96 74 18 296 52 94
videos.hw01/04_frame/992.jpg 32 130 130 36 78 60 146 162 100 44 128 42 42 142 60 110
videos.hw01/04_frame/993.jpg 0 38 20 52 32 30 80 56 24 68 30 22 0 54 98 62
videos.hw01/04_frame/994.jpg 12 52 52 34 36 264 66 90 58 24 10 14 12 52 78 54
videos.hw01/04_frame/995.jpg 4 36 98 58 58 92 38 24 32 24 58 2 2 18 10 68
videos.hw01/04_frame/996.jpg 28 44 74 22 42 82 120 20 78 64 70 2 58 44 42 50
videos.hw01/04_frame/997.jpg 144 158 102 132 82 288 128 144 80 108 116 80 32 244 102 102
videos.hw01/04_frame/998.jpg 102 66 78 40 48 130 126 42 80 128 82 20 14 38 134 76
videos.hw01/04_frame/999.jpg 26 36 44 26 70 18 34 132 20 62 30 22 22 138 26 108
videos.hw01/04_frame/1000.jpg 2 58 12 78 32 6 66 48 10 44 62 20 8 60 56 102
videos.hw01/04_frame/1001.jpg 2 28 52 22 50 0 16 78 26 46 68 10 0 20 22 28
videos.hw01/04_frame/1002.jpg 2 78 42 26 34 36 60 76 42 56 34 20 2 58 22 154
videos.hw01/04_frame/1003.jpg 2 36 24 40 34 220 22 12 42 28 38 16 0 34 40 126
videos.hw01/04_frame/1004.jpg 4 58 80 48 32 136 52 14 76 20 64 28 0 30 6 176
videos.hw01/04_frame/1005.jpg 156 236 178 126 288 128 158 68 226 224 148 150 64 144 136 134
videos.hw01/04_frame/1006.jpg 34 80 22 112 158 238 108 18 76 26 144 62 60 58 52 18
videos.hw01/04_frame/1007.jpg 22 56 60 122 50 174 36 40 32 96 110 18 30 74 96 122
videos.hw01/04_frame/1008.jpg 0 30 76 0 0 44 0 8 16 0 2 8 0 2 14 92
videos.hw01/04_frame/1009.jpg 140 142 196 144 638 368 160 146 166 280 148 188 58 216 152 144
videos.hw01/04_frame/1010.jpg 44 112 60 36 100 48 100 20 74 74 58 30 20 68 46 84
videos.hw01/04_frame/1011.jpg 30 48 26 20 16 8 62 6 28 46 12 26 16 56 26 58
videos.hw01/04_frame/1012.jpg 44 20 32 64 12 18 24 16 28 56 70 64 34 74 40 54
videos.hw01/04_frame/1013.jpg 4 28 94 34 10 0 40 2 42 36 76 36 0 42 24 62
videos.hw01/04_frame/1014.jpg 2 46 18 46 4 26 26 10 76 98 74 62 0 6 86 186
videos.hw01/04_frame/1015.jpg 2 22 68 8 40 8 10 18 4 48 34 120 0 86 40 156
videos.hw01/04_frame/1016.jpg 2 14 20 0 16 2 6 38 36 40 18 42 0 22 20 14
videos.hw01/04_frame/1017.jpg 20 26 28 16 40 4 6 0 10 68 12 58 0 18 74 202
videos.hw01/04_frame/1018.jpg 22 36 14 6 40 0 16 10 0 48 24 58 0 16 92 224
videos.hw01/04_frame/1019.jpg 4 30 38 4 42 8 4 10 0 36 32 86 0 0 72 186
videos.hw01/04_frame/1020.jpg 20 50 34 34 48 30 68 0 6 16 38 76 10 12 90 154
videos.hw01/04_frame/1021.jpg 88 202 218 68 88 104 226 42 328 242 102 68 66 150 104 102
videos.hw01/04_frame/1022.jpg 60 78 76 48 104 20 62 42 62 62 54 74 58 86 98 86
videos.hw01/04_frame/1023.jpg 26 48 26 2 78 156 14 6 20 80 28 102 26 46 122 62
videos.hw01/04_frame/1024.jpg 40 18 20 0 10 164 50 14 0 46 18 48 8 48 70 56
videos.hw01/04_frame/1025.jpg 26 14 72 0 22 22 28 14 14 58 56 22 6 40 40 72
videos.hw01/04_frame/1026.jpg 0 52 48 10 18 14 50 64 10 70 64 36 10 20 18 88
videos.hw01/04_frame/1027.jpg 34 38 24 0 20 112 72 36 0 46 60 32 0 28 66 60
videos.hw01/04_frame/1028.jpg 4 12 38 18 30 4 84 2 18 12 52 40 0 40 56 24
videos.hw01/04_frame/1029.jpg 14 16 28 0 4 2 24 2 6 76 50 34 16 54 20 50
videos.hw01/04_frame/1030.jpg 32 44 28 0 82 4 28 2 44 92 44 22 16 20 22 38
videos.hw01/04_frame/1031.jpg 32 12 14 0 46 20 42 2 0 34 62 26 0 14 18 30
videos.hw01/04_frame/1032.jpg 0 20 78 2 8 4 66 4 26 46 26 36 0 16 28 8
videos.hw01/04_frame/1033.jpg 86 46 80 92 126 188 102 114 100 124 44 80 44 56 110 58
videos.hw01/04_frame/1034.jpg 104 288 224 120 108 150 92 82 244 144 140 188 196 206 222 136
videos.hw01/04_frame/1035.jpg 14 58 46 8 124 42 44 44 30 44 58 24 24 16 22 36
videos.hw01/04_frame/1036.jpg 0 20 46 48 72 0 148 34 6 34 50 0 40 22 22 20
videos.hw01/04_frame/1037.jpg 0 32 0 0 0 0 18 42 10 20 34 32 40 78 50 38
videos.hw01/04_frame/1038.jpg 0 50 2 110 294 110 152 114 16 52 18 48 8 26 20 12
videos.hw01/04_frame/1039.jpg 968 792 460 1456 1168 1088 750 416 1260 424 422 898 1598 616 1082 344
videos.hw01/04_frame/1040.jpg 2980 1568 924 1040 5442 1430 2052 1780 3630 818 1076 3200 7110 646 1224 526
videos.hw01/04_frame/1041.jpg 2516 1902 1606 1506 1410 3174 1828 3646 1404 1380 1136 1964 506 1448 2444 2468
videos.hw01/04_frame/1042.jpg 3800 1868 1510 3034 2168 2826 2210 2962 2686 1678 1298 4628 942 1940 1684 2380
videos.hw01/04_frame/1043.jpg 8736 8798 8482 9370 9442 8132 7152 9570 9416 8770 8438 9026 9440 9208 8760 8724
videos.hw01/04_frame/1044.jpg 210 0 18 78 0 0 0 0 0 0 0 0 0 0 0 0
videos.hw01/04_frame/1045.jpg 248 0 0 2 0 0 0 0 0 0 0 0 0 0 0 0
videos.hw01/04_frame/1046.jpg 418 0 0 0 0 0 0 0 0 0 0 0 0 0 0 0
videos.hw01/04_frame/1047.jpg 294 0 0 0 0 0 0 0 0 0 0 0 0 0 0 0
videos.hw01/04_frame/1048.jpg 0 0 0 0 0 0 0 0 0 0 0 0 0 0 0 0
videos.hw01/04_frame/1049.jpg 0 0 0 0 0 0 0 0 0 0 0 0 0 0 0 0
videos.hw01/04_frame/1050.jpg 0 0 0 0 0 0 0 0 0 0 0 0 0 0 0 0
videos.hw01/04_frame/1051.jpg 0 0 0 0 0 0 0 0 0 0 0 0 0 0 0 0
videos.hw01/04_frame/1052.jpg 0 0 0 0 0 0 0 0 0 0 0 0 0 0 0 0
