videos.hw01/03_frame/1.jpg 0 0 0 0 0 0 0 0 0 0 0 0 0 0 0 0
videos.hw01/03_frame/2.jpg 528 302 168 2 134 376 408 170 110 88 356 26 316 56 374 96
videos.hw01/03_frame/3.jpg 188 472 156 66 270 406 548 218 190 476 206 472 16 294 126 38
videos.hw01/03_frame/4.jpg 598 302 136 28 766 408 558 202 18 194 344 406 220 156 210 46
videos.hw01/03_frame/5.jpg 244 352 252 298 274 316 410 120 112 530 458 198 114 166 580 24
videos.hw01/03_frame/6.jpg 446 298 152 214 488 578 364 314 10 236 344 28 124 438 152 124
videos.hw01/03_frame/7.jpg 128 302 312 154 202 528 424 144 100 412 336 388 18 4 156 210
videos.hw01/03_frame/8.jpg 194 378 236 10 424 878 596 188 118 126 360 226 126 26 92 120
videos.hw01/03_frame/9.jpg 210 364 224 0 418 672 576 62 6 172 416 210 18 22 38 16
videos.hw01/03_frame/10.jpg 288 512 240 20 306 488 374 190 14 156 254 614 0 30 136 8
videos.hw01/03_frame/11.jpg 278 240 208 0 294 532 454 204 72 380 436 606 42 4 154 0
videos.hw01/03_frame/12.jpg 128 212 156 0 294 604 542 100 0 108 290 62 52 14 0 10
videos.hw01/03_frame/13.jpg 162 226 422 0 166 546 550 22 0 92 592 198 0 72 38 30
videos.hw01/03_frame/14.jpg 124 54 48 8 20 358 156 204 0 84 146 182 146 250 280 246
videos.hw01/03_frame/15.jpg 98 32 104 0 246 118 144 68 4 132 160 52 82 4 146 76
videos.hw01/03_frame/16.jpg 176 234 424 0 178 360 472 492 68 1174 468 358 196 1056 286 48
videos.hw01/03_frame/17.jpg 228 126 182 40 106 164 140 70 38 124 114 4 84 272 202 60
videos.hw01/03_frame/18.jpg 62 60 50 40 22 148 162 128 60 52 132 236 64 160 106 226
videos.hw01/03_frame/19.jpg 84 204 46 0 40 208 304 256 0 36 386 118 0 14 64 48
videos.hw01/03_frame/20.jpg 46 80 156 8 132 196 286 96 24 402 172 44 16 404 272 326
videos.hw01/03_frame/21.jpg 90 42 92 8 54 22 24 246 36 350 170 12 4 300 196 50
videos.hw01/03_frame/22.jpg 246 22 156 0 56 80 148 4 32 32 154 278 68 298 194 138
videos.hw01/03_frame/23.jpg 492 262 82 0 102 208 128 200 2 58 442 106 44 224 288 94
videos.hw01/03_frame/24.jpg 6 96 8 0 54 96 72 134 0 612 130 52 6 12 282 44
videos.hw01/03_frame/25.jpg 270 326 116 0 6 260 346 84 0 70 426 250 68 22 26 102
videos.hw01/03_frame/26.jpg 434 16 0 0 74 282 138 24 0 66 214 42 0 0 50 12
videos.hw01/03_frame/27.jpg 36 60 20 0 12 164 94 20 0 22 16 62 0 50 44 12
videos.hw01/03_frame/28.jpg 102 90 20 0 18 200 154 274 0 32 98 256 0 0 0 26
videos.hw01/03_frame/29.jpg 34 14 32 0 76 70 54 8 0 36 130 18 0 0 26 6
videos.hw01/03_frame/30.jpg 64 88 28 0 50 196 72 16 0 8 80 40 116 28 230 48
videos.hw01/03_frame/31.jpg 92 258 74 0 136 190 168 18 62 376 88 288 388 156 174 184
videos.hw01/03_frame/32.jpg 66 16 14 0 24 86 140 30 22 18 264 16 12 334 18 60
videos.hw01/03_frame/33.jpg 80 110 178 0 26 346 314 54 20 90 216 58 66 436 140 136
videos.hw01/03_frame/34.jpg 132 102 24 0 14 62 28 2 50 102 94 48 94 86 52 68
videos.hw01/03_frame/35.jpg 56 254 94 0 50 330 470 42 0 138 164 8 0 16 88 0
videos.hw01/03_frame/36.jpg 74 16 14 0 28 130 68 224 0 20 86 102 80 54 28 96
videos.hw01/03_frame/37.jpg 14 138 2 0 20 88 126 78 0 8 22 200 40 110 166 52
videos.hw01/03_frame/38.jpg 170 42 144 0 234 136 156 34 0 16 70 240 38 340 4 76
videos.hw01/03_frame/39.jpg 204 90 30 0 216 178 218 22 0 22 72 14 24 0 20 26
videos.hw01/03_frame/40.jpg 56 68 36 0 130 632 556 68 10 158 76 390 0 0 46 98
videos.hw01/03_frame/41.jpg 78 4 0 0 28 152 228 118 10 8 62 16 22 60 0 0
videos.hw01/03_frame/42.jpg 16 16 26 50 16 156 202 10 0 70 74 98 16 174 8 44
videos.hw01/03_frame/43.jpg 212 88 42 0 118 526 294 178 4 352 74 126 0 176 0 20
videos.hw01/03_frame/44.jpg 16 8 0 0 60 164 212 58 0 108 106 32 24 0 68 0
videos.hw01/03_frame/45.jpg 34 4 8 20 96 84 160 10 8 0 178 20 0 0 0 10
videos.hw01/03_frame/46.jpg 402 146 66 0 76 230 222 78 8 88 82 250 36 228 270 118
videos.hw01/03_frame/47.jpg 12 48 22 0 90 376 192 6 0 176 538 60 4 0 160 0
videos.hw01/03_frame/48.jpg 42 104 28 0 16 210 70 0 8 78 178 10 0 20 0 0
videos.hw01/03_frame/49.jpg 376 34 60 0 128 266 382 230 4 168 444 332 0 10 230 28
videos.hw01/03_frame/50.jpg 164 348 158 0 146 166 420 14 12 104 552 486 20 404 184 310
videos.hw01/03_frame/51.jpg 290 116 274 20 82 100 306 162 12 62 468 76 92 154 288 194
videos.hw01/03_frame/52.jpg 76 250 6 10 168 606 382 148 6 408 408 768 6 216 126 18
videos.hw01/03_frame/53.jpg 134 40 12 0 28 48 20 2 0 50 104 34 14 106 46 18
videos.hw01/03_frame/54.jpg 68 18 42 0 152 212 80 136 4 146 120 48 40 208 298 234
videos.hw01/03_frame/55.jpg 126 92 66 0 218 436 224 166 66 114 380 294 0 52 236 46
videos.hw01/03_frame/56.jpg 64 52 28 0 188 156 72 26 2 64 196 158 10 106 76 100
videos.hw01/03_frame/57.jpg 172 160 0 0 72 50 104 18 18 76 168 28 0 2 18 64
videos.hw01/03_frame/58.jpg 14 12 0 0 92 136 166 4 0 78 142 48 4 0 0 74
videos.hw01/03_frame/59.jpg 482 134 0 0 40 156 194 46 4 118 534 62 52 20 48 38
videos.hw01/03_frame/60.jpg 4 34 16 0 72 92 52 86 18 164 420 80 0 52 44 0
videos.hw01/03_frame/61.jpg 456 792 388 0 604 554 656 70 84 244 556 438 38 520 84 564
videos.hw01/03_frame/62.jpg 194 126 0 0 6 194 104 36 0 142 146 198 16 180 12 30
videos.hw01/03_frame/63.jpg 44 0 0 0 152 22 0 6 34 82 104 20 24 0 48 6
videos.hw01/03_frame/64.jpg 134 96 16 0 10 200 72 52 2 106 358 78 0 0 0 64
videos.hw01/03_frame/65.jpg 46 0 0 0 0 0 0 6 0 26 76 80 0 6 6 22
videos.hw01/03_frame/66.jpg 32 72 14 0 8 82 204 14 0 92 114 196 28 42 0 18
videos.hw01/03_frame/67.jpg 0 72 0 0 90 20 34 62 0 12 74 32 0 0 12 26
videos.hw01/03_frame/68.jpg 10 128 0 0 20 16 90 160 0 0 50 142 0 204 34 0
videos.hw01/03_frame/69.jpg 0 0 0 0 0 54 32 108 0 246 14 88 0 4 0 0
videos.hw01/03_frame/70.jpg 0 154 0 0 62 12 34 28 0 30 66 202 4 26 32 10
videos.hw01/03_frame/71.jpg 6 26 86 0 24 72 66 38 0 74 120 20 14 28 0 18
videos.hw01/03_frame/72.jpg 8 10 0 0 84 14 12 0 10 56 102 192 0 108 96 18
videos.hw01/03_frame/73.jpg 10 388 160 0 194 842 532 294 50 366 158 8 74 302 8 82
videos.hw01/03_frame/74.jpg 0 26 112 0 164 168 374 178 14 20 134 154 0 0 8 0
videos.hw01/03_frame/75.jpg 0 56 0 0 18 112 356 28 0 84 154 14 18 4 0 0
videos.hw01/03_frame/76.jpg 92 298 90 0 262 1120 548 164 112 108 56 424 542 136 134 134
videos.hw01/03_frame/77.jpg 86 122 88 0 64 186 222 134 0 76 118 770 66 44 26 0
videos.hw01/03_frame/78.jpg 78 84 154 0 2 142 126 20 32 60 92 220 170 12 86 30
videos.hw01/03_frame/79.jpg 54 252 64 0 144 692 532 238 2 318 520 88 18 38 258 150
videos.hw01/03_frame/80.jpg 80 78 120 0 56 240 342 104 50 224 344 494 144 230 232 98
videos.hw01/03_frame/81.jpg 214 68 138 2 90 28 144 16 8 30 74 264 134 86 96 12
videos.hw01/03_frame/82.jpg 70 210 66 0 358 162 242 48 2 10 290 132 8 0 58 2
videos.hw01/03_frame/83.jpg 90 394 374 2 166 918 1060 128 30 122 930 268 0 28 196 32
videos.hw01/03_frame/84.jpg 246 190 172 0 220 122 204 64 6 140 544 460 12 136 122 38
videos.hw01/03_frame/85.jpg 16 20 80 0 96 818 972 632 0 42 416 66 0 0 56 80
videos.hw01/03_frame/86.jpg 208 4 0 0 14 140 234 168 0 46 232 252 36 122 98 20
videos.hw01/03_frame/87.jpg 50 56 0 0 64 74 132 52 0 34 106 50 0 0 60 0
videos.hw01/03_frame/88.jpg 6 40 8 0 118 1130 988 798 0 60 374 528 0 68 0 0
videos.hw01/03_frame/89.jpg 40 214 124 0 26 224 200 124 0 8 218 286 0 0 158 24
videos.hw01/03_frame/90.jpg 94 56 74 0 24 100 96 18 0 0 82 70 24 0 16 0
videos.hw01/03_frame/91.jpg 236 302 64 18 570 1152 1000 1274 8 260 596 556 266 130 148 256
videos.hw01/03_frame/92.jpg 70 28 114 4 102 130 194 832 8 106 154 718 42 108 10 228
videos.hw01/03_frame/93.jpg 138 60 14 14 204 110 88 124 6 634 410 62 54 88 0 6
videos.hw01/03_frame/94.jpg 106 52 72 6 98 78 92 216 24 58 200 32 138 24 80 14
videos.hw01/03_frame/95.jpg 86 68 24 0 12 1004 1242 258 10 20 168 20 0 0 106 106
videos.hw01/03_frame/96.jpg 0 220 80 0 0 62 160 122 0 78 182 188 0 78 0 6
videos.hw01/03_frame/97.jpg 476 118 104 0 84 934 974 988 0 50 636 114 2 8 28 0
videos.hw01/03_frame/98.jpg 184 234 42 2 88 158 192 50 0 108 272 310 2 40 26 6
videos.hw01/03_frame/99.jpg 10 16 4 0 18 90 188 120 4 142 224 268 72 58 48 74
videos.hw01/03_frame/100.jpg 14 198 288 964 62 922 1276 932 0 10 526 210 24 0 74 12
videos.hw01/03_frame/101.jpg 8 0 30 24 30 42 116 74 0 4 98 8 0 0 0 14
videos.hw01/03_frame/102.jpg 334 294 246 18 104 90 106 138 0 292 0 0 64 4 0 34
videos.hw01/03_frame/103.jpg 9504 9170 9502 9490 9600 9600 9048 8504 9600 9600 9594 9560 9502 9586 9600 7020
videos.hw01/03_frame/104.jpg 1200 2846 1272 1362 624 348 840 1508 3208 1938 1910 568 6636 5134 1304 1128
videos.hw01/03_frame/105.jpg 668 612 396 394 738 12 332 364 592 346 394 312 368 440 444 472
videos.hw01/03_frame/106.jpg 372 266 740 912 152 16 1262 316 254 454 222 1168 226 418 388 422
videos.hw01/03_frame/107.jpg 1222 1430 1300 1174 754 454 262 1542 4878 5778 1626 1002 5302 3624 7538 3272
videos.hw01/03_frame/108.jpg 734 274 162 206 264 78 1346 296 194 818 376 66 178 222 246 120
videos.hw01/03_frame/109.jpg 1370 1386 1472 1828 404 2706 2534 548 5442 2022 6744 4928 1804 3646 7672 6686
videos.hw01/03_frame/110.jpg 274 30 384 410 228 206 250 86 470 174 276 144 188 44 254 220
videos.hw01/03_frame/111.jpg 320 208 488 376 214 204 380 208 236 114 436 404 194 146 526 308
videos.hw01/03_frame/112.jpg 1096 1338 2110 1890 1368 2400 2606 1932 1586 3090 3702 5636 4092 3328 3108 5408
videos.hw01/03_frame/113.jpg 406 506 640 416 58 154 400 182 130 118 432 1362 278 316 194 306
videos.hw01/03_frame/114.jpg 262 30 266 200 94 278 232 608 438 178 476 430 130 350 368 194
videos.hw01/03_frame/115.jpg 1348 1156 1874 1168 688 724 1646 1552 1478 2118 2066 1518 2154 3154 2128 2742
videos.hw01/03_frame/116.jpg 114 286 448 494 264 220 82 248 58 248 88 246 26 90 198 304
videos.hw01/03_frame/117.jpg 4 220 214 224 74 198 280 222 102 154 290 206 130 218 326 272
videos.hw01/03_frame/118.jpg 1210 832 632 800 402 808 1008 1634 786 938 1078 1066 934 1600 1232 1620
videos.hw01/03_frame/119.jpg 9274 9052 9108 8508 9600 7492 8396 7626 9600 8558 8432 8512 8892 9070 6410 6848
videos.hw01/03_frame/120.jpg 1804 3924 2948 8892 4506 6392 5162 3876 4924 6596 3910 4650 2430 1768 3558 8756
videos.hw01/03_frame/121.jpg 478 212 512 224 228 158 180 296 502 210 386 266 164 426 632 214
videos.hw01/03_frame/122.jpg 1706 1980 1436 3236 604 4220 4148 2764 798 5012 3324 2700 944 680 2138 2550
videos.hw01/03_frame/123.jpg 128 160 288 292 100 36 200 80 174 104 180 222 354 164 196 78
videos.hw01/03_frame/124.jpg 104 114 136 286 388 236 106 72 246 182 242 350 142 332 58 74
videos.hw01/03_frame/125.jpg 1426 1626 1740 3714 3376 3906 2918 3292 3288 3442 2066 3858 528 508 2748 4188
videos.hw01/03_frame/126.jpg 474 946 166 614 216 140 32 452 306 130 54 474 302 204 108 192
videos.hw01/03_frame/127.jpg 364 202 280 288 30 196 64 472 156 156 58 200 450 120 114 102
videos.hw01/03_frame/128.jpg 598 660 1406 1144 1294 590 254 528 652 470 154 962 650 246 1690 1542
videos.hw01/03_frame/129.jpg 274 1000 638 462 138 418 194 392 130 254 274 290 904 136 232 490
videos.hw01/03_frame/130.jpg 460 1048 2518 1780 102 102 48 472 232 118 140 418 2414 2554 1654 478
videos.hw01/03_frame/131.jpg 1070 2284 1218 1952 1130 712 186 598 1170 578 462 638 3262 3506 3346 1722
videos.hw01/03_frame/132.jpg 494 740 1812 708 62 142 122 236 182 108 30 150 694 1298 1396 684
videos.hw01/03_frame/133.jpg 998 3062 3954 854 24 230 206 398 108 116 130 222 3566 5268 4538 1626
videos.hw01/03_frame/134.jpg 442 570 522 926 136 308 200 208 220 206 120 144 1164 2048 374 632
videos.hw01/03_frame/135.jpg 1644 986 1230 1042 914 668 184 840 794 380 204 978 1782 3464 2736 876
videos.hw01/03_frame/136.jpg 264 934 2286 1126 108 312 100 138 268 158 94 242 2066 1902 1078 572
videos.hw01/03_frame/137.jpg 462 962 1096 1836 542 542 82 756 436 366 164 504 1100 3126 2018 862
videos.hw01/03_frame/138.jpg 336 956 2070 986 574 494 86 472 316 674 198 326 530 820 900 954
videos.hw01/03_frame/139.jpg 1108 932 608 594 8 114 22 564 102 24 30 78 1096 358 1042 580
videos.hw01/03_frame/140.jpg 268 2232 1772 316 126 216 72 144 48 166 72 158 1328 3946 434 242
videos.hw01/03_frame/141.jpg 878 1298 792 1248 14 418 104 676 60 262 74 214 1178 772 2326 368
videos.hw01/03_frame/142.jpg 8792 6698 7984 7616 5368 8314 9384 7894 6112 9228 9520 7682 6804 8228 8174 7872
videos.hw01/03_frame/143.jpg 1244 564 334 510 2116 744 204 68 464 456 48 476 1986 2190 1098 138
videos.hw01/03_frame/144.jpg 1904 3256 2506 4152 4496 1796 1652 3390 1724 2982 1566 2422 1956 2018 2608 4840
videos.hw01/03_frame/145.jpg 1168 352 644 1498 1022 220 184 238 718 418 264 678 1686 1100 978 1866
videos.hw01/03_frame/146.jpg 1414 2152 2078 1946 1900 1318 1632 2482 1162 1482 1092 1492 2328 1466 2390 2070
videos.hw01/03_frame/147.jpg 1228 818 846 1436 1052 470 364 158 840 548 248 1630 1212 1624 540 1614
videos.hw01/03_frame/148.jpg 774 1540 1602 1474 2132 1062 776 1548 1248 808 738 1708 1270 1762 3740 1102
videos.hw01/03_frame/149.jpg 614 922 1136 1394 694 214 220 280 688 318 394 756 926 1488 1604 1942
videos.hw01/03_frame/150.jpg 2006 1084 874 1532 2694 980 814 1864 1710 720 1166 1888 776 1282 582 1526
videos.hw01/03_frame/151.jpg 1428 1542 868 846 1442 600 786 610 892 262 686 1820 1380 1746 1418 850
videos.hw01/03_frame/152.jpg 678 814 852 782 2044 626 514 536 1110 630 336 600 1102 1200 1188 1012
videos.hw01/03_frame/153.jpg 3320 2920 1784 2066 3708 7236 7820 7656 1804 4170 3758 4478 1658 1932 3548 1506
videos.hw01/03_frame/154.jpg 1614 2268 1470 562 818 1254 1230 2054 1078 2976 1426 962 1466 1288 1712 1034
videos.hw01/03_frame/155.jpg 2014 1736 2224 3204 3126 2834 1506 3054 3172 1924 1754 2254 3280 2898 2968 3142
videos.hw01/03_frame/156.jpg 1210 1100 1546 1522 1338 1310 1102 1584 1640 1892 910 1266 1440 1374 292 272
videos.hw01/03_frame/157.jpg 1552 1346 1076 2284 3034 1660 1078 1946 840 1766 1238 940 2066 1452 1400 1066
videos.hw01/03_frame/158.jpg 2062 1304 1842 1682 488 834 630 1764 774 132 300 1000 176 412 986 1162
videos.hw01/03_frame/159.jpg 2124 5612 2386 2222 2902 4186 2388 4514 4456 2816 4912 1498 3492 4764 7588 3110
videos.hw01/03_frame/160.jpg 2922 6638 7652 2326 2548 2838 4050 4254 6230 2078 3678 3984 4120 3828 6064 2700
videos.hw01/03_frame/161.jpg 4612 2826 4352 5682 4380 8974 8610 7814 1470 6294 7304 9332 1406 2362 2066 7506
videos.hw01/03_frame/162.jpg 210 102 1018 704 1102 442 30 1020 190 222 160 448 186 278 264 206
videos.hw01/03_frame/163.jpg 9296 9600 9542 6408 7052 9350 9244 6828 8922 8314 7750 6044 9600 9214 9584 7324
videos.hw01/03_frame/164.jpg 492 440 216 234 248 604 378 544 1164 1112 524 456 76 96 156 448
videos.hw01/03_frame/165.jpg 2044 4676 2732 6506 1742 4102 3562 3544 2836 4396 3128 1984 2480 2496 528 1316
videos.hw01/03_frame/166.jpg 772 1366 1066 1972 1374 2316 2136 2606 1950 1918 1458 1446 1182 702 190 594
videos.hw01/03_frame/167.jpg 308 194 218 104 874 480 390 852 278 420 256 354 176 304 76 126
videos.hw01/03_frame/168.jpg 102 124 460 6238 80 104 94 5034 418 274 128 1168 104 174 56 12
videos.hw01/03_frame/169.jpg 2036 2458 972 486 3560 3592 4328 1496 3418 4618 2732 1636 874 1574 1328 4896
videos.hw01/03_frame/170.jpg 320 1662 5490 630 7474 6738 1712 4082 9576 9272 4174 1756 8904 7624 1110 1816
videos.hw01/03_frame/171.jpg 792 860 58 36 858 160 862 1910 280 228 976 1694 244 360 870 1982
videos.hw01/03_frame/172.jpg 8200 7210 2326 7472 6836 6406 2198 596 9080 9204 4484 838 8908 7470 624 774
videos.hw01/03_frame/173.jpg 158 264 544 500 786 1484 374 470 1006 1462 626 478 662 834 282 428
videos.hw01/03_frame/174.jpg 6360 7788 4864 2128 6884 918 210 550 2108 1102 188 742 1284 1628 818 1832
videos.hw01/03_frame/175.jpg 3214 736 370 806 994 1568 288 600 1294 1396 454 960 476 820 358 1252
videos.hw01/03_frame/176.jpg 1554 776 482 308 596 1542 418 198 376 1036 478 584 794 564 258 410
videos.hw01/03_frame/177.jpg 1326 1288 362 404 690 866 660 146 1000 1102 160 286 522 1182 342 482
videos.hw01/03_frame/178.jpg 1966 720 618 394 748 1710 326 420 982 1262 228 430 430 754 454 110
videos.hw01/03_frame/179.jpg 1470 824 664 362 870 1602 346 296 616 988 222 396 532 696 316 150
videos.hw01/03_frame/180.jpg 62 212 156 102 310 138 56 232 258 114 108 198 44 64 172 404
videos.hw01/03_frame/181.jpg 1502 1402 272 312 1606 768 162 314 654 966 420 616 196 1354 326 270
videos.hw01/03_frame/182.jpg 2 80 28 170 138 66 138 236 256 274 148 382 78 100 206 168
videos.hw01/03_frame/183.jpg 1266 1032 486 1260 918 794 1104 568 1544 1202 372 816 518 844 494 1126
videos.hw01/03_frame/184.jpg 158 244 130 372 766 272 156 270 258 288 280 578 290 172 390 142
videos.hw01/03_frame/185.jpg 238 152 114 236 174 146 188 318 18 288 366 340 150 200 338 290
videos.hw01/03_frame/186.jpg 182 196 152 220 120 78 292 394 52 236 220 168 58 144 152 28
videos.hw01/03_frame/187.jpg 1034 1172 528 1090 490 708 364 632 290 1084 548 852 290 448 712 1240
videos.hw01/03_frame/188.jpg 1302 1106 408 262 1316 2844 464 368 1624 3862 120 280 424 1080 106 270
videos.hw01/03_frame/189.jpg 268 402 14 154 1118 140 30 192 1526 318 46 322 182 108 44 474
videos.hw01/03_frame/190.jpg 124 180 96 220 944 176 130 114 632 170 468 372 90 32 52 136
videos.hw01/03_frame/191.jpg 678 674 312 560 186 1458 306 346 682 2394 246 494 598 500 412 308
videos.hw01/03_frame/192.jpg 428 630 172 150 896 850 276 350 1974 1204 354 560 240 532 326 120
videos.hw01/03_frame/193.jpg 22 56 14 62 4 104 30 66 714 52 92 178 14 44 42 108
videos.hw01/03_frame/194.jpg 68 100 190 350 340 104 154 138 182 592 406 286 160 142 172 260
videos.hw01/03_frame/195.jpg 1380 1746 1104 5034 1974 3252 3728 5586 2914 4920 2876 2376 1496 1106 1068 2472
videos.hw01/03_frame/196.jpg 1662 1162 154 2194 1194 2098 1638 2492 2822 2504 1172 1756 690 672 860 1570
videos.hw01/03_frame/197.jpg 376 228 190 36 64 340 160 544 222 80 294 466 146 172 90 68
videos.hw01/03_frame/198.jpg 348 56 16 62 206 182 210 434 492 150 170 368 210 106 126 120
videos.hw01/03_frame/199.jpg 1434 762 108 1280 2642 2776 1586 1758 2654 2500 1598 1602 826 606 536 1260
videos.hw01/03_frame/200.jpg 74 208 122 0 312 188 350 474 244 302 386 384 148 224 194 80
videos.hw01/03_frame/201.jpg 716 682 314 444 1184 2944 956 1308 1338 3820 836 1410 674 424 368 304
videos.hw01/03_frame/202.jpg 748 882 388 308 690 360 700 780 716 374 938 990 748 238 606 716
videos.hw01/03_frame/203.jpg 512 464 28 390 1004 3076 812 1178 1600 4308 1054 1116 332 552 724 424
videos.hw01/03_frame/204.jpg 62 186 266 128 312 302 190 236 100 434 222 430 116 66 60 164
videos.hw01/03_frame/205.jpg 364 818 2 510 740 1348 1176 2102 854 1142 1992 1376 596 336 918 1038
videos.hw01/03_frame/206.jpg 86 0 0 94 168 264 238 292 184 534 322 322 108 142 230 432
videos.hw01/03_frame/207.jpg 348 334 32 238 158 388 296 470 610 746 410 894 206 324 172 268
videos.hw01/03_frame/208.jpg 518 458 140 1280 768 1058 1086 2728 1136 1440 1158 1622 568 574 580 850
videos.hw01/03_frame/209.jpg 7978 6304 6776 9142 6252 5070 8012 4734 9420 6824 6442 5150 4432 8378 8206 8220
videos.hw01/03_frame/210.jpg 28 122 198 216 274 112 152 492 140 416 268 364 52 366 646 336
videos.hw01/03_frame/211.jpg 662 310 486 636 896 356 486 544 1072 248 478 744 160 560 580 652
videos.hw01/03_frame/212.jpg 402 1422 2018 352 1766 668 638 724 372 292 596 658 530 418 448 410
videos.hw01/03_frame/213.jpg 510 1334 2116 472 956 870 780 492 442 330 456 244 126 376 400 134
videos.hw01/03_frame/214.jpg 18 172 256 212 148 198 222 298 560 90 114 254 110 280 108 328
videos.hw01/03_frame/215.jpg 96 838 1578 972 1062 1082 784 696 144 394 448 300 98 322 460 404
videos.hw01/03_frame/216.jpg 310 132 226 242 198 284 208 314 72 118 218 320 44 300 140 344
videos.hw01/03_frame/217.jpg 30 60 228 222 110 250 118 324 76 202 208 242 48 340 160 240
videos.hw01/03_frame/218.jpg 182 36 146 114 102 240 74 216 324 46 116 162 14 330 122 300
videos.hw01/03_frame/219.jpg 126 104 188 18 110 122 238 174 180 66 152 178 48 250 246 192
videos.hw01/03_frame/220.jpg 22 100 128 230 226 166 162 354 168 86 282 240 48 316 146 216
videos.hw01/03_frame/221.jpg 14 60 122 374 58 0 104 170 282 16 138 256 30 140 28 144
videos.hw01/03_frame/222.jpg 10 124 162 148 196 164 156 146 298 198 126 48 54 154 184 110
videos.hw01/03_frame/223.jpg 44 124 292 132 74 216 344 356 52 126 406 348 64 206 410 266
videos.hw01/03_frame/224.jpg 334 1220 1120 544 834 572 1006 518 164 206 298 260 44 308 134 142
videos.hw01/03_frame/225.jpg 26 60 162 304 60 250 196 342 190 56 194 244 10 170 242 302
videos.hw01/03_frame/226.jpg 194 162 396 538 474 214 278 406 248 96 496 518 210 346 694 706
videos.hw01/03_frame/227.jpg 8 46 264 250 56 206 104 58 20 26 130 264 2 76 22 148
videos.hw01/03_frame/228.jpg 406 374 930 570 514 584 554 520 364 160 200 366 188 378 206 268
videos.hw01/03_frame/229.jpg 44 174 226 346 188 226 170 250 106 42 94 336 316 234 142 320
videos.hw01/03_frame/230.jpg 40 206 264 426 254 180 254 320 78 80 114 226 214 242 174 200
videos.hw01/03_frame/231.jpg 120 358 896 480 476 462 820 490 450 308 432 242 74 336 144 180
videos.hw01/03_frame/232.jpg 24 116 340 138 166 214 176 190 68 88 360 172 24 156 172 126
videos.hw01/03_frame/233.jpg 128 124 274 110 196 138 284 110 196 214 140 346 74 116 96 134
videos.hw01/03_frame/234.jpg 32 52 146 60 128 216 224 82 32 200 336 142 252 186 144 140
videos.hw01/03_frame/235.jpg 156 112 294 284 200 242 276 366 368 146 310 366 84 306 192 308
videos.hw01/03_frame/236.jpg 138 94 236 314 284 236 142 140 126 112 116 284 68 94 320 266
videos.hw01/03_frame/237.jpg 66 42 188 116 94 320 256 158 334 126 86 214 206 248 162 542
videos.hw01/03_frame/238.jpg 96 134 84 144 216 202 442 312 98 152 132 244 78 284 158 40
videos.hw01/03_frame/239.jpg 0 12 88 144 228 108 72 52 192 0 44 40 160 110 36 34
videos.hw01/03_frame/240.jpg 22 34 186 42 62 238 304 240 118 70 114 102 100 134 52 186
videos.hw01/03_frame/241.jpg 80 114 298 236 228 276 374 636 212 94 236 298 64 146 246 414
videos.hw01/03_frame/242.jpg 26 44 194 180 76 72 144 128 178 130 74 358 104 102 52 274
videos.hw01/03_frame/243.jpg 40 32 154 138 102 154 82 108 24 82 54 76 126 80 148 10
videos.hw01/03_frame/244.jpg 46 52 114 72 6 28 30 72 156 26 58 60 114 142 136 0
videos.hw01/03_frame/245.jpg 4 76 240 110 176 106 304 194 142 156 94 110 214 172 344 114
videos.hw01/03_frame/246.jpg 36 90 128 60 30 244 82 118 96 82 94 136 180 96 20 12
videos.hw01/03_frame/247.jpg 92 132 166 114 18 42 58 146 52 22 26 138 6 52 18 174
videos.hw01/03_frame/248.jpg 24 88 118 26 70 352 92 104 24 156 72 110 26 84 116 294
videos.hw01/03_frame/249.jpg 150 134 330 88 212 294 216 148 70 186 90 38 204 226 132 156
videos.hw01/03_frame/250.jpg 48 82 78 62 108 56 90 214 58 116 126 108 242 142 232 118
videos.hw01/03_frame/251.jpg 22 70 120 130 70 100 176 170 84 2 0 10 200 136 4 94
videos.hw01/03_frame/252.jpg 24 90 212 98 132 76 346 118 24 58 60 52 10 386 30 74
videos.hw01/03_frame/253.jpg 18 138 244 114 180 52 72 48 178 22 4 48 90 190 6 6
videos.hw01/03_frame/254.jpg 100 108 186 46 52 258 208 110 132 156 66 278 280 280 56 244
videos.hw01/03_frame/255.jpg 18 48 112 260 32 72 82 114 16 6 58 112 66 58 170 266
videos.hw01/03_frame/256.jpg 98 96 216 194 216 366 186 256 366 62 158 322 68 186 324 276
videos.hw01/03_frame/257.jpg 14 40 118 4 136 136 60 184 122 78 48 182 84 74 30 26
videos.hw01/03_frame/258.jpg 16 36 92 78 16 0 26 58 144 12 20 44 84 14 104 58
videos.hw01/03_frame/259.jpg 40 160 198 152 88 244 182 232 146 156 136 14 60 254 66 402
videos.hw01/03_frame/260.jpg 124 36 122 122 84 302 148 64 202 108 148 60 26 168 34 40
videos.hw01/03_frame/261.jpg 58 20 160 154 52 78 144 40 52 18 20 0 182 162 284 190
videos.hw01/03_frame/262.jpg 278 322 678 1146 648 574 458 694 152 290 298 1142 138 598 570 1160
videos.hw01/03_frame/263.jpg 14 16 42 204 84 74 14 0 10 20 152 0 0 80 372 54
videos.hw01/03_frame/264.jpg 2 42 8 0 82 84 20 30 30 10 0 138 62 0 0 0
videos.hw01/03_frame/265.jpg 74 102 74 0 42 136 56 80 28 2 0 0 16 194 2 0
videos.hw01/03_frame/266.jpg 32 72 16 2 60 70 292 688 100 340 672 1264 0 148 920 876
videos.hw01/03_frame/267.jpg 12 22 0 114 28 102 392 834 56 204 2464 1648 48 82 828 872
videos.hw01/03_frame/268.jpg 34 104 174 72 104 330 350 176 6 26 226 234 26 96 112 460
videos.hw01/03_frame/269.jpg 42 54 104 318 62 22 256 790 52 510 876 1212 6 176 268 732
videos.hw01/03_frame/270.jpg 14 150 152 184 42 38 82 168 14 58 190 334 0 24 92 110
videos.hw01/03_frame/271.jpg 82 218 296 440 60 118 322 270 92 100 374 300 68 318 344 298
videos.hw01/03_frame/272.jpg 52 42 114 448 54 176 280 732 40 736 1158 1272 40 162 454 1190
videos.hw01/03_frame/273.jpg 22 24 52 62 92 48 108 178 144 18 134 184 0 148 80 114
videos.hw01/03_frame/274.jpg 14 40 118 170 60 82 182 660 108 356 750 1228 18 76 352 466
videos.hw01/03_frame/275.jpg 74 58 182 176 98 250 360 648 40 250 1156 1148 46 422 342 660
videos.hw01/03_frame/276.jpg 24 136 238 180 90 200 212 348 80 184 408 208 16 148 176 370
videos.hw01/03_frame/277.jpg 30 76 242 208 26 112 168 352 16 124 78 310 38 264 164 212
videos.hw01/03_frame/278.jpg 46 46 56 94 96 180 102 292 70 208 366 330 2 54 70 146
videos.hw01/03_frame/279.jpg 18 142 278 172 82 236 334 252 28 140 394 484 16 238 242 144
videos.hw01/03_frame/280.jpg 66 60 144 32 202 66 208 120 14 144 236 386 20 72 290 172
videos.hw01/03_frame/281.jpg 20 52 60 36 70 66 76 90 22 184 148 170 34 154 54 0
videos.hw01/03_frame/282.jpg 20 222 90 348 134 136 68 222 58 336 70 286 6 106 106 114
videos.hw01/03_frame/283.jpg 54 216 36 2 92 94 118 38 20 144 68 168 42 218 44 52
videos.hw01/03_frame/284.jpg 42 136 104 154 122 74 240 232 22 204 336 232 26 382 70 108
videos.hw01/03_frame/285.jpg 28 106 136 82 166 292 196 324 88 58 92 400 2 90 290 236
videos.hw01/03_frame/286.jpg 82 322 288 270 296 218 358 216 146 288 252 412 16 306 204 396
videos.hw01/03_frame/287.jpg 38 294 92 200 116 68 264 304 74 98 580 464 88 452 222 120
videos.hw01/03_frame/288.jpg 2 52 60 0 40 66 92 230 24 20 120 112 0 96 140 60
videos.hw01/03_frame/289.jpg 20 60 58 24 268 42 94 278 108 104 24 82 18 98 114 180
videos.hw01/03_frame/290.jpg 20 48 94 122 64 62 64 164 0 30 152 162 38 114 10 224
videos.hw01/03_frame/291.jpg 8 112 38 66 66 112 124 318 16 48 134 144 12 270 70 120
videos.hw01/03_frame/292.jpg 56 56 60 2 244 52 8 82 56 0 24 98 86 52 88 116
videos.hw01/03_frame/293.jpg 12 64 138 0 40 72 84 228 70 14 90 200 26 126 68 86
videos.hw01/03_frame/294.jpg 6 12 24 68 30 150 84 142 14 18 30 30 40 70 122 138
videos.hw01/03_frame/295.jpg 12 76 52 112 14 144 114 68 30 84 144 92 152 180 92 136
videos.hw01/03_frame/296.jpg 34 62 6 102 32 72 44 86 54 110 202 92 2 48 94 40
videos.hw01/03_frame/297.jpg 16 64 54 4 82 44 160 160 54 52 94 176 26 170 332 172
videos.hw01/03_frame/298.jpg 8 30 12 0 4 34 70 24 54 92 218 114 244 102 8 84
videos.hw01/03_frame/299.jpg 18 48 90 68 62 66 192 66 76 26 224 324 18 122 172 192
videos.hw01/03_frame/300.jpg 12 68 16 58 26 54 34 116 14 22 190 132 36 112 126 36
videos.hw01/03_frame/301.jpg 20 76 238 346 238 376 256 232 138 106 650 424 94 244 168 272
videos.hw01/03_frame/302.jpg 54 98 80 38 272 34 200 248 18 20 226 386 14 416 280 180
videos.hw01/03_frame/303.jpg 42 36 74 10 196 52 138 182 184 68 268 266 80 54 208 78
videos.hw01/03_frame/304.jpg 38 80 72 0 58 28 130 24 70 50 234 274 0 6 116 46
videos.hw01/03_frame/305.jpg 30 84 76 68 194 154 120 118 234 218 372 184 50 198 176 92
videos.hw01/03_frame/306.jpg 0 0 4 158 26 84 24 94 12 18 32 194 2 58 126 62
videos.hw01/03_frame/307.jpg 10 36 68 0 18 84 138 52 30 30 170 206 0 102 136 130
videos.hw01/03_frame/308.jpg 52 316 178 58 124 84 256 334 14 22 156 144 32 220 256 28
videos.hw01/03_frame/309.jpg 112 170 118 324 266 310 292 370 60 56 174 210 26 194 176 258
videos.hw01/03_frame/310.jpg 0 96 74 182 58 96 90 284 74 102 290 94 2 140 130 52
videos.hw01/03_frame/311.jpg 62 90 108 116 62 174 178 264 8 72 486 380 122 310 174 130
videos.hw01/03_frame/312.jpg 2 16 60 92 18 172 76 194 2 32 212 196 52 130 160 0
videos.hw01/03_frame/313.jpg 34 140 210 402 124 156 310 430 64 106 184 552 14 512 88 86
videos.hw01/03_frame/314.jpg 74 14 62 56 32 18 98 156 0 22 180 382 4 68 18 74
videos.hw01/03_frame/315.jpg 20 82 46 70 80 60 170 162 12 54 98 176 12 146 48 158
videos.hw01/03_frame/316.jpg 22 90 206 300 136 172 238 316 244 80 318 358 40 268 82 186
videos.hw01/03_frame/317.jpg 14 84 74 122 70 202 196 280 12 72 200 274 2 190 214 320
videos.hw01/03_frame/318.jpg 4 78 218 8 24 136 84 68 24 42 178 170 12 62 196 158
videos.hw01/03_frame/319.jpg 32 66 54 106 70 96 154 190 66 40 396 224 56 146 134 142
videos.hw01/03_frame/320.jpg 8 44 10 2 30 90 116 46 16 26 36 52 8 38 130 22
videos.hw01/03_frame/321.jpg 8 68 58 216 18 34 244 134 0 52 276 308 4 72 90 110
videos.hw01/03_frame/322.jpg 192 270 492 518 266 262 546 484 336 512 1050 652 416 328 688 598
videos.hw01/03_frame/323.jpg 10 42 92 134 190 32 54 78 28 82 442 350 56 92 70 390
videos.hw01/03_frame/324.jpg 14 46 64 96 52 54 182 100 132 44 272 202 296 176 76 124
videos.hw01/03_frame/325.jpg 30 30 98 150 22 42 70 68 18 0 122 190 278 136 24 74
videos.hw01/03_frame/326.jpg 6 30 30 58 0 0 82 68 40 26 160 84 2 126 356 24
videos.hw01/03_frame/327.jpg 0 6 96 118 22 0 14 44 4 0 116 44 0 0 68 22
videos.hw01/03_frame/328.jpg 26 14 12 58 26 130 26 172 24 70 68 164 88 92 38 64
videos.hw01/03_frame/329.jpg 14 176 32 62 42 148 64 72 58 14 306 194 2 108 160 148
videos.hw01/03_frame/330.jpg 0 80 158 122 36 206 142 88 22 26 456 322 70 178 194 158
videos.hw01/03_frame/331.jpg 36 16 48 306 266 202 218 302 120 88 144 434 122 98 68 332
videos.hw01/03_frame/332.jpg 40 32 0 140 14 40 4 24 8 0 0 20 78 78 66 42
videos.hw01/03_frame/333.jpg 28 84 56 44 28 118 114 102 60 76 168 310 394 128 100 44
videos.hw01/03_frame/334.jpg 42 52 76 0 62 104 114 2 138 22 102 160 12 118 186 104
videos.hw01/03_frame/335.jpg 6 54 4 14 46 246 80 0 136 0 158 114 314 118 80 32
videos.hw01/03_frame/336.jpg 42 30 76 0 30 32 10 62 98 30 88 124 140 76 86 46
videos.hw01/03_frame/337.jpg 18 64 142 182 84 62 134 90 158 60 78 184 6 144 168 54
videos.hw01/03_frame/338.jpg 16 66 198 238 76 148 190 216 50 86 256 262 0 290 180 170
videos.hw01/03_frame/339.jpg 0 8 92 100 38 130 10 54 2 0 12 116 0 0 44 92
videos.hw01/03_frame/340.jpg 24 102 140 200 44 300 172 194 12 60 198 172 6 170 138 96
videos.hw01/03_frame/341.jpg 12 74 170 98 16 196 228 136 74 90 210 180 76 238 74 0
videos.hw01/03_frame/342.jpg 60 136 178 82 44 88 150 134 118 150 120 180 16 274 218 22
videos.hw01/03_frame/343.jpg 0 0 42 64 6 38 0 74 4 88 64 46 0 26 0 0
videos.hw01/03_frame/344.jpg 16 88 102 128 70 242 208 158 106 44 136 304 236 260 134 4
videos.hw01/03_frame/345.jpg 44 66 226 286 60 110 162 246 56 60 208 288 170 252 228 72
videos.hw01/03_frame/346.jpg 92 52 140 182 112 184 120 110 96 86 348 264 130 216 282 156
videos.hw01/03_frame/347.jpg 20 102 110 144 62 170 172 220 60 44 256 106 10 42 122 180
videos.hw01/03_frame/348.jpg 52 60 0 0 44 122 52 80 66 14 116 292 380 96 48 0
videos.hw01/03_frame/349.jpg 56 128 124 130 116 82 212 236 170 354 158 132 100 74 104 126
videos.hw01/03_frame/350.jpg 20 124 36 0 14 90 60 102 86 18 220 312 48 38 32 70
videos.hw01/03_frame/351.jpg 6 2 0 10 30 0 0 32 38 0 0 0 96 26 86 0
videos.hw01/03_frame/352.jpg 44 126 16 4 76 148 212 96 100 324 106 114 26 64 78 18
videos.hw01/03_frame/353.jpg 38 70 172 128 56 96 352 1616 148 866 1950 1636 106 420 764 668
videos.hw01/03_frame/354.jpg 16 72 54 0 28 38 60 44 12 68 266 198 28 38 88 0
videos.hw01/03_frame/355.jpg 18 114 38 0 54 84 42 94 44 102 552 142 82 110 196 18
videos.hw01/03_frame/356.jpg 16 10 0 0 14 0 18 1330 22 198 1024 1238 0 82 586 436
videos.hw01/03_frame/357.jpg 10 6 32 136 0 60 84 104 0 10 6 78 20 0 110 0
videos.hw01/03_frame/358.jpg 2 24 0 70 4 48 0 64 0 50 0 260 26 0 166 4
videos.hw01/03_frame/359.jpg 0 10 0 0 0 124 28 34 12 72 682 824 0 182 734 322
videos.hw01/03_frame/360.jpg 0 18 18 0 0 36 0 0 36 62 108 126 28 10 262 130
videos.hw01/03_frame/361.jpg 110 252 404 872 464 518 538 812 386 634 532 1182 130 606 926 1138
videos.hw01/03_frame/362.jpg 46 132 72 40 44 134 90 2 48 172 642 626 204 214 278 528
videos.hw01/03_frame/363.jpg 24 66 46 12 64 98 104 120 68 40 96 86 68 190 242 148
videos.hw01/03_frame/364.jpg 54 142 244 162 64 102 210 172 52 104 202 242 184 206 248 92
videos.hw01/03_frame/365.jpg 58 84 122 156 52 280 272 312 46 174 290 634 4 234 298 322
videos.hw01/03_frame/366.jpg 88 54 250 206 44 116 254 214 60 106 168 262 76 386 248 274
videos.hw01/03_frame/367.jpg 24 42 60 182 18 66 82 212 28 78 228 372 60 296 172 142
videos.hw01/03_frame/368.jpg 20 66 248 232 56 176 196 148 28 148 546 240 38 118 200 102
videos.hw01/03_frame/369.jpg 32 72 32 160 62 48 246 222 42 110 128 232 44 92 204 90
videos.hw01/03_frame/370.jpg 50 110 210 152 156 108 76 152 16 74 92 214 92 148 74 42
videos.hw01/03_frame/371.jpg 36 40 92 48 30 338 196 88 40 194 266 372 90 152 188 186
videos.hw01/03_frame/372.jpg 42 58 130 104 146 160 98 24 34 42 72 90 32 108 212 96
videos.hw01/03_frame/373.jpg 30 106 74 52 72 212 80 198 22 74 316 110 36 96 132 34
videos.hw01/03_frame/374.jpg 38 46 136 82 66 94 88 124 36 96 182 282 84 118 250 226
videos.hw01/03_frame/375.jpg 2 30 36 72 38 38 60 210 0 12 206 18 2 68 244 208
videos.hw01/03_frame/376.jpg 38 98 304 516 266 152 220 218 54 68 266 386 98 92 170 248
videos.hw01/03_frame/377.jpg 14 60 214 184 68 106 230 92 68 64 166 252 76 128 142 90
videos.hw01/03_frame/378.jpg 22 124 118 74 244 154 146 260 28 74 520 326 120 320 302 556
videos.hw01/03_frame/379.jpg 26 162 268 256 78 180 310 340 64 46 176 508 224 222 192 344
videos.hw01/03_frame/380.jpg 32 48 144 154 104 100 210 66 38 88 14 74 42 246 68 150
videos.hw01/03_frame/381.jpg 18 120 32 110 36 58 108 76 0 74 128 186 4 196 128 130
videos.hw01/03_frame/382.jpg 32 78 230 318 22 148 344 202 26 198 382 400 188 288 464 172
videos.hw01/03_frame/383.jpg 22 112 324 302 180 206 230 248 44 48 344 588 64 260 430 212
videos.hw01/03_frame/384.jpg 36 50 188 170 198 194 110 142 58 46 362 304 214 232 164 374
videos.hw01/03_frame/385.jpg 38 158 470 280 286 334 368 358 32 76 154 264 154 398 262 622
videos.hw01/03_frame/386.jpg 122 46 124 194 76 266 150 108 28 90 180 242 18 206 90 304
videos.hw01/03_frame/387.jpg 150 118 280 182 244 238 184 284 110 108 286 418 214 262 366 344
videos.hw01/03_frame/388.jpg 28 144 206 200 138 324 198 276 108 58 250 414 192 178 180 146
videos.hw01/03_frame/389.jpg 58 222 394 142 104 238 280 184 14 56 364 320 46 232 394 234
videos.hw01/03_frame/390.jpg 32 36 140 94 118 62 132 86 20 34 354 82 4 92 134 226
videos.hw01/03_frame/391.jpg 130 108 248 270 80 172 192 252 32 72 376 390 90 190 344 364
videos.hw01/03_frame/392.jpg 176 132 98 56 24 270 164 182 42 58 120 190 26 384 294 254
videos.hw01/03_frame/393.jpg 80 116 198 108 74 276 160 304 14 50 228 258 24 204 226 420
videos.hw01/03_frame/394.jpg 32 60 188 72 92 138 90 152 52 74 274 150 20 126 166 280
videos.hw01/03_frame/395.jpg 46 96 148 86 46 14 224 90 32 66 586 364 14 322 224 304
videos.hw01/03_frame/396.jpg 20 66 76 2 44 114 156 128 24 70 60 380 138 150 56 204
videos.hw01/03_frame/397.jpg 40 62 120 144 64 248 130 154 36 66 688 248 8 174 394 192
videos.hw01/03_frame/398.jpg 34 48 144 100 224 242 162 166 42 26 146 212 64 98 194 156
videos.hw01/03_frame/399.jpg 40 48 174 118 52 156 128 118 28 80 386 224 98 276 374 34
videos.hw01/03_frame/400.jpg 40 88 104 88 70 78 48 248 58 34 260 206 42 152 308 76
videos.hw01/03_frame/401.jpg 106 10 72 140 16 52 168 156 14 78 294 304 8 174 352 142
videos.hw01/03_frame/402.jpg 80 76 54 54 40 80 118 112 38 80 254 128 18 218 148 244
videos.hw01/03_frame/403.jpg 64 110 28 150 32 28 172 92 20 38 92 80 78 170 202 200
videos.hw01/03_frame/404.jpg 32 52 62 2 114 186 74 0 2 42 186 248 0 120 114 320
videos.hw01/03_frame/405.jpg 94 36 10 196 212 50 12 38 12 12 510 260 126 144 252 208
videos.hw01/03_frame/406.jpg 94 86 198 238 382 120 168 180 160 226 582 420 28 206 228 534
videos.hw01/03_frame/407.jpg 34 24 124 176 410 224 124 54 136 98 432 328 32 122 142 200
videos.hw01/03_frame/408.jpg 8 132 126 42 14 48 88 110 40 32 188 162 50 56 150 48
videos.hw01/03_frame/409.jpg 220 94 104 20 12 42 44 6 42 52 214 102 50 22 68 22
videos.hw01/03_frame/410.jpg 134 88 24 16 46 118 158 58 24 64 316 304 6 118 80 170
videos.hw01/03_frame/411.jpg 12 46 0 100 18 2 40 146 8 6 330 98 14 100 52 228
videos.hw01/03_frame/412.jpg 94 54 122 66 34 86 0 124 12 80 192 176 52 170 84 290
videos.hw01/03_frame/413.jpg 48 98 134 84 62 144 180 142 48 42 362 256 156 254 210 98
videos.hw01/03_frame/414.jpg 22 102 34 14 56 38 38 84 52 38 76 150 46 236 140 60
videos.hw01/03_frame/415.jpg 12 14 40 0 22 126 102 16 22 22 24 16 18 130 10 0
videos.hw01/03_frame/416.jpg 18 32 58 6 16 50 74 54 118 78 218 64 28 192 156 30
videos.hw01/03_frame/417.jpg 202 96 160 214 52 264 142 106 124 46 386 202 56 222 274 348
videos.hw01/03_frame/418.jpg 112 168 116 38 72 80 154 208 70 68 180 122 226 122 146 50
videos.hw01/03_frame/419.jpg 12 30 138 4 98 64 66 40 68 34 170 170 86 196 272 188
videos.hw01/03_frame/420.jpg 52 64 140 98 74 138 140 128 60 32 314 50 232 148 260 150
videos.hw01/03_frame/421.jpg 332 226 542 674 344 612 502 444 222 294 562 630 202 714 494 842
videos.hw01/03_frame/422.jpg 18 18 170 196 38 40 18 90 54 120 384 154 154 94 210 96
videos.hw01/03_frame/423.jpg 34 130 314 434 70 158 324 254 166 188 272 354 34 298 312 78
videos.hw01/03_frame/424.jpg 22 114 78 102 78 84 70 292 98 94 116 214 66 178 312 2
videos.hw01/03_frame/425.jpg 10 32 90 84 26 320 156 146 12 34 208 292 0 94 152 144
videos.hw01/03_frame/426.jpg 38 56 42 120 48 112 52 52 22 10 78 152 98 140 116 58
videos.hw01/03_frame/427.jpg 34 32 34 0 26 70 42 0 86 8 64 90 118 106 66 46
videos.hw01/03_frame/428.jpg 56 194 92 88 64 326 242 118 134 40 190 204 128 258 276 318
videos.hw01/03_frame/429.jpg 6 58 64 156 30 178 286 110 76 126 162 202 132 146 86 160
videos.hw01/03_frame/430.jpg 20 36 4 266 54 124 24 94 144 196 78 228 96 174 106 66
videos.hw01/03_frame/431.jpg 142 290 578 576 766 360 614 466 26 148 510 240 6 372 160 106
videos.hw01/03_frame/432.jpg 48 104 134 140 114 298 198 220 38 68 250 288 0 120 248 88
videos.hw01/03_frame/433.jpg 26 158 228 376 144 370 250 350 24 84 186 112 130 158 404 184
videos.hw01/03_frame/434.jpg 88 260 336 458 666 412 372 524 64 130 572 160 20 276 172 228
videos.hw01/03_frame/435.jpg 54 184 184 162 352 376 142 136 32 18 234 148 38 92 58 2
videos.hw01/03_frame/436.jpg 102 202 220 180 178 106 210 230 80 96 170 256 146 152 150 134
videos.hw01/03_frame/437.jpg 34 244 536 524 442 258 366 252 72 6 58 64 94 300 114 20
videos.hw01/03_frame/438.jpg 26 134 428 494 224 614 232 272 32 16 150 280 352 270 378 206
videos.hw01/03_frame/439.jpg 54 100 144 200 78 130 216 314 40 26 90 76 316 148 84 60
videos.hw01/03_frame/440.jpg 32 48 6 52 122 96 144 152 48 90 48 2 146 64 208 290
videos.hw01/03_frame/441.jpg 32 160 474 284 150 610 220 478 70 152 786 374 400 278 434 572
videos.hw01/03_frame/442.jpg 9444 7516 7662 7086 5010 8098 8690 9164 7944 8378 8726 7266 8558 7484 8064 8834
videos.hw01/03_frame/443.jpg 3404 2858 3818 2352 2458 3028 2210 1984 2418 1936 2914 3176 2964 4318 4280 1916
videos.hw01/03_frame/444.jpg 3172 2472 2176 1920 2312 2012 2794 1078 2730 2292 3378 2628 3128 3762 2244 4656
videos.hw01/03_frame/445.jpg 3966 3626 3572 3560 2662 2268 3238 1596 3548 2084 1950 1912 1924 1930 3696 4702
videos.hw01/03_frame/446.jpg 3174 1918 2016 3192 896 2210 2418 3072 3304 2588 2300 3270 584 3068 4040 2706
videos.hw01/03_frame/447.jpg 2716 3672 3236 3318 1286 2072 2350 3186 3970 2618 2304 2896 424 2284 2606 4500
videos.hw01/03_frame/448.jpg 3228 3566 3020 3458 994 1702 1666 2950 2936 2434 2190 2072 786 510 2650 4168
videos.hw01/03_frame/449.jpg 1042 470 376 420 292 216 526 502 606 884 502 1436 74 102 330 1380
videos.hw01/03_frame/450.jpg 526 502 274 512 322 198 248 430 560 866 622 1312 184 38 292 1316
videos.hw01/03_frame/451.jpg 1204 420 212 824 464 168 718 548 618 868 690 962 166 54 344 464
videos.hw01/03_frame/452.jpg 416 392 426 460 194 206 410 338 600 1032 574 674 34 50 264 738
videos.hw01/03_frame/453.jpg 370 468 294 410 316 160 284 408 336 1022 730 484 62 180 496 856
videos.hw01/03_frame/454.jpg 812 404 322 634 888 190 354 664 782 1286 820 762 238 74 868 516
videos.hw01/03_frame/455.jpg 210 486 424 490 340 230 222 516 388 892 854 596 42 32 292 608
videos.hw01/03_frame/456.jpg 440 678 404 460 238 138 662 352 542 1260 434 482 22 76 484 842
videos.hw01/03_frame/457.jpg 936 304 416 440 340 140 370 588 750 1124 832 564 72 150 334 574
videos.hw01/03_frame/458.jpg 870 632 376 596 302 208 314 410 332 1270 542 986 94 156 368 730
videos.hw01/03_frame/459.jpg 476 662 350 670 424 180 408 384 426 1094 432 514 20 160 304 454
videos.hw01/03_frame/460.jpg 1200 558 428 462 396 228 596 488 370 956 488 560 204 88 288 464
videos.hw01/03_frame/461.jpg 736 398 826 386 540 182 500 372 366 1092 714 642 58 334 306 624
videos.hw01/03_frame/462.jpg 290 508 530 420 546 122 388 374 468 768 658 348 46 170 550 426
videos.hw01/03_frame/463.jpg 418 264 688 524 500 128 242 406 398 730 522 436 170 152 362 594
videos.hw01/03_frame/464.jpg 384 270 496 514 370 144 588 466 364 926 778 504 116 254 258 482
videos.hw01/03_frame/465.jpg 444 442 450 496 210 178 232 228 200 1464 732 638 68 146 256 196
videos.hw01/03_frame/466.jpg 384 280 444 268 124 124 178 278 80 562 346 880 66 58 202 140
videos.hw01/03_frame/467.jpg 50 2 142 144 272 62 118 172 0 284 216 460 4 16 24 158
videos.hw01/03_frame/468.jpg 6 102 210 164 92 16 18 128 16 472 476 44 10 10 146 58
videos.hw01/03_frame/469.jpg 36 112 280 84 6 24 76 160 126 168 242 130 30 22 140 8
videos.hw01/03_frame/470.jpg 134 120 118 58 66 38 158 88 92 334 198 64 78 40 244 60
videos.hw01/03_frame/471.jpg 142 256 132 176 178 32 266 190 44 464 362 314 14 12 178 272
videos.hw01/03_frame/472.jpg 310 374 160 218 116 32 146 118 48 348 262 220 116 18 16 18
videos.hw01/03_frame/473.jpg 46 136 146 56 114 58 66 100 16 436 180 196 42 18 58 40
videos.hw01/03_frame/474.jpg 44 40 40 34 50 26 320 152 48 494 234 498 26 0 32 82
videos.hw01/03_frame/475.jpg 106 532 274 344 22 42 268 268 20 326 282 560 22 6 0 58
videos.hw01/03_frame/476.jpg 122 34 112 98 174 34 28 58 2 412 306 126 16 8 36 36
videos.hw01/03_frame/477.jpg 34 156 306 172 90 96 370 296 22 320 232 342 26 58 54 28
videos.hw01/03_frame/478.jpg 50 28 310 132 164 92 82 154 30 276 144 178 58 6 78 56
videos.hw01/03_frame/479.jpg 0 4 142 106 16 4 60 170 22 30 28 208 18 30 92 44
videos.hw01/03_frame/480.jpg 134 74 94 42 74 42 56 34 6 214 314 130 36 34 46 70
videos.hw01/03_frame/481.jpg 258 344 516 514 208 258 462 388 268 1082 892 1258 230 350 464 564
videos.hw01/03_frame/482.jpg 310 4 6 60 36 106 30 138 4 224 178 112 38 70 160 44
videos.hw01/03_frame/483.jpg 18 34 2 70 6 26 108 224 24 368 312 98 92 16 60 2
videos.hw01/03_frame/484.jpg 324 52 136 0 64 0 0 46 0 240 116 438 68 58 2 2
videos.hw01/03_frame/485.jpg 172 30 72 68 52 28 54 154 20 116 86 102 8 6 60 0
videos.hw01/03_frame/486.jpg 206 26 136 4 0 28 98 158 0 220 162 128 2 0 0 2
videos.hw01/03_frame/487.jpg 24 6 32 84 56 28 72 80 94 0 24 128 58 96 12 4
videos.hw01/03_frame/488.jpg 0 0 24 0 56 0 2 6 2 50 44 32 0 8 0 0
videos.hw01/03_frame/489.jpg 12 18 2 34 36 46 46 8 8 312 132 24 6 0 198 12
videos.hw01/03_frame/490.jpg 6 22 216 2 108 4 26 26 10 276 128 110 44 0 118 42
videos.hw01/03_frame/491.jpg 46 22 58 22 76 4 20 118 4 122 130 24 2 0 0 0
videos.hw01/03_frame/492.jpg 0 0 0 4 0 0 0 0 0 0 0 0 0 0 0 0
videos.hw01/03_frame/493.jpg 48 130 432 204 100 36 236 382 68 444 340 304 138 70 88 428
