videos.hw01/03_frame/1.jpg 0 0 0 0 0 0 0 0 0 0 0 0 0 0 0 0
videos.hw01/03_frame/2.jpg 11790 710 6656 512 6366 2757 493 50 200 6642 190 324 820 100 180 518
videos.hw01/03_frame/3.jpg 2878 14038 6530 18 4150 5434 698 22 0 1616 490 24 5796 0 323 32
videos.hw01/03_frame/4.jpg 10038 4858 5628 8 958 4052 6203 70 72 6947 1296 67 1878 90 459 6584
videos.hw01/03_frame/5.jpg 15182 4014 2340 0 5252 979 284 10 72 2302 163030 14220 4634 126 185651 17742
videos.hw01/03_frame/6.jpg 1236 678 1146 338 80 1893 569 10 98 1668 2168 71 1566 14 222 1638
videos.hw01/03_frame/7.jpg 8534 1966 7102 72 4162 2319 3152 6 18 8699 4015 991 3582 2 3362 1274
videos.hw01/03_frame/8.jpg 2138 5542 4098 2 120 709 1128 2 72 7768 878 859 3338 54 0 7688
videos.hw01/03_frame/9.jpg 534 2224 1116 98 1980 218 1263 6 0 1492 4416 270 994 0 0 722
videos.hw01/03_frame/10.jpg 1170 10034 9244 0 33074 826 723 30 0 1398 441 2269 800 0 0 128
videos.hw01/03_frame/11.jpg 2674 340 1968 0 4694 354 501 318 338 6911 12330 11717 2048 0 0 0
videos.hw01/03_frame/12.jpg 1494 5414 3764 0 2082 11671 3240 292 0 455 1551 228 72 0 0 800
videos.hw01/03_frame/13.jpg 3432 19066 4080 0 4366 281 1807 14 0 176 7907 8652 1862 0 0 8
videos.hw01/03_frame/14.jpg 16496 202 1064 0 14214 281 434 0 512 966 830 16 1606 8 0 0
videos.hw01/03_frame/15.jpg 8 3880 684 0 98 246 929 8 98 124 155 28 1646 518 2 800
videos.hw01/03_frame/16.jpg 44476 5068 15174 0 11122 13513 1364 6 564 17485 10739 376 2694 126 0 38642
videos.hw01/03_frame/17.jpg 922 1304 4116 0 100 243 1007 6 0 19826 37 4 342 32 0 50
videos.hw01/03_frame/18.jpg 470 362 3718 0 218 1476 297 14 0 859 1042 24 2042 288 0 200
videos.hw01/03_frame/19.jpg 848 926 1258 0 2600 370 1150 86 0 201 12100 1435 0 0 0 0
videos.hw01/03_frame/20.jpg 150244 5990 1168 0 280 5968 396 62 0 4576 4455 185 1238 8 0 5000
videos.hw01/03_frame/21.jpg 5000 290 490 0 7688 872 3 8 974 7184 218 8 1702 98 0 50
videos.hw01/03_frame/22.jpg 20880 4162 2070 0 9558 104 121 8 1070 1780 104 56 9842 578 0 4418
videos.hw01/03_frame/23.jpg 710 5784 724 0 68 153 76 0 50 1384 5911 4944 7978 0 50 8192
videos.hw01/03_frame/24.jpg 2888 2 10 0 1570 401 378 2 0 5227 2762 60 5012 0 0 9248
videos.hw01/03_frame/25.jpg 6968 134 952 0 2 1201 887 26 0 282 6576 4056 14 0 0 2048
videos.hw01/03_frame/26.jpg 104 62 2 0 2 280 310 2 0 167 755 75 0 0 0 0
videos.hw01/03_frame/27.jpg 2930 230 26 0 392 159 32 14 0 8 8 0 0 0 0 0
videos.hw01/03_frame/28.jpg 266 174 110 0 68 444 318 2 0 1526 50 18 0 0 0 0
videos.hw01/03_frame/29.jpg 10550 3764 48 0 626 919 48 0 0 0 223 22 0 0 0 0
videos.hw01/03_frame/30.jpg 8 10 1594 0 364 200 56 0 0 0 167 0 1286 0 0 0
videos.hw01/03_frame/31.jpg 548 2374 2112 0 162 188 202 32 126 1848 130 30 9772 338 392 4608
videos.hw01/03_frame/32.jpg 450 18 32 0 2306 130 49 0 8 65 157 14 3806 2 2888 8
videos.hw01/03_frame/33.jpg 5366 266 134 0 34 66 120 8 100 5882 643 248 398 2 288 2
videos.hw01/03_frame/34.jpg 1152 666 566 0 2050 245 12 8 3188 400 369 1064 2146 8 98 8
videos.hw01/03_frame/35.jpg 508 160 4384 0 7008 2154 801 42 0 575 2337 74 0 0 0 16562
videos.hw01/03_frame/36.jpg 302 288 14 0 22 132 63 8 2 1608 390 738 1350 2 0 2450
videos.hw01/03_frame/37.jpg 18432 54 0 0 340 15 48 8 224 6 8 0 74 0 0 32
videos.hw01/03_frame/38.jpg 72 28 8174 0 290 93 125 2 230 1491 279 288 176 98 50 0
videos.hw01/03_frame/39.jpg 340 4 174 0 452 64 400 2 72 10 65 16 306 0 2592 2
videos.hw01/03_frame/40.jpg 454 646 30 0 14 2838 2112 2 0 2237 177 30 0 0 0 0
videos.hw01/03_frame/41.jpg 74 10 288 0 22 1041 438 62 446 182 1097 1221 566 18 0 0
videos.hw01/03_frame/42.jpg 0 42 2450 0 40 968 53 48 0 70 738 26 2 18 0 1800
videos.hw01/03_frame/43.jpg 1184 150 14 0 2684 6271 1529 64 0 9452 445 30 98 0 0 0
videos.hw01/03_frame/44.jpg 6 32 882 0 50 389 751 42 0 5764 595 98 0 0 0 98
videos.hw01/03_frame/45.jpg 44 104 2 0 18 73 32 8 0 0 10 0 0 0 0 1568
videos.hw01/03_frame/46.jpg 5818 90 4924 0 180 1320 556 2 180 1489 1353 35 180 98 512 1682
videos.hw01/03_frame/47.jpg 0 72 134 0 742 1451 1848 2 0 4774 11086 886 1678 0 0 0
videos.hw01/03_frame/48.jpg 2 6 2 0 200 320 465 0 0 16 1146 2 0 0 0 0
videos.hw01/03_frame/49.jpg 98 686 92 0 2254 3896 1449 6 8 1163 7059 2533 0 0 0 288
videos.hw01/03_frame/50.jpg 394 12330 11470 0 24238 227 531 2 8 9210 1540 1712 1354 8 0 2178
videos.hw01/03_frame/51.jpg 15156 10286 22662 0 16854 536 631 8 1418 13834 221 28 9246 5202 200 72
videos.hw01/03_frame/52.jpg 242 50 136 0 3164 8034 1401 14 168 2171 1949 3918 7934 288 2 162
videos.hw01/03_frame/53.jpg 1644 6 558 0 1496 375 61 0 162 102 149 0 50 2450 128 0
videos.hw01/03_frame/54.jpg 580 2 22 0 16162 131 255 50 146 1983 2318 228 2472 32 18 6272
videos.hw01/03_frame/55.jpg 1826 2 678 0 974 5017 3787 46 0 8639 1931 1674 2 50 0 1352
videos.hw01/03_frame/56.jpg 8 506 14 0 9312 195 182 32 0 464 189 166 1466 8 0 0
videos.hw01/03_frame/57.jpg 174 550 0 0 166 55 393 2 352 1752 6673 8 0 0 0 0
videos.hw01/03_frame/58.jpg 666 10 0 0 238 1787 339 18 2 90 1469 4 32 0 0 4050
videos.hw01/03_frame/59.jpg 6512 58 0 0 3460 439 342 26 0 6501 1883 198 416 288 0 1800
videos.hw01/03_frame/60.jpg 440 2 20 0 16 453 135 2 182 97 124 2 0 0 0 0
videos.hw01/03_frame/61.jpg 49066 4726 136700 0 3490 13741 5576 56 3972 31399 10497 372 5874 32 162 10658
videos.hw01/03_frame/62.jpg 1378 58 882 0 6964 346 91 2 0 3144 500 26 488 72 392 578
videos.hw01/03_frame/63.jpg 8192 8 0 0 926 4 0 0 16 2574 0 0 482 18 0 0
videos.hw01/03_frame/64.jpg 330 190 1742 0 578 128 97 8 0 1670 804 216 0 0 0 11858
videos.hw01/03_frame/65.jpg 650 26 0 0 800 0 2 0 0 26 600 0 778 0 0 288
videos.hw01/03_frame/66.jpg 0 0 2 0 722 84 1667 8 0 198 1725 38 2894 128 0 648
videos.hw01/03_frame/67.jpg 0 0 512 0 32 64 2 0 0 4 49 90 86 0 0 0
videos.hw01/03_frame/68.jpg 5050 182 0 0 1252 12 85 0 0 2 492 36 0 0 0 0
videos.hw01/03_frame/69.jpg 0 0 0 0 0 61 121 0 0 0 4 32 0 0 0 0
videos.hw01/03_frame/70.jpg 392 2662 0 0 74 16 272 50 0 0 573 134 2766 2 0 128
videos.hw01/03_frame/71.jpg 180 3202 1654 0 2 107 13 0 4 1036 560 0 1034 32 0 57800
videos.hw01/03_frame/72.jpg 2900 446 0 0 26226 2 2 2 4 7688 88 6 50 32 0 19208
videos.hw01/03_frame/73.jpg 5000 6434 1646 0 3982 11368 10465 46306 88 46411 64995 512 360 200 50 0
videos.hw01/03_frame/74.jpg 288 42 656 0 26 2235 492 94 0 532 1076 142 0 0 0 0
videos.hw01/03_frame/75.jpg 2178 98 0 0 6282 828 1408 21 0 166 213 44 6058 0 0 0
videos.hw01/03_frame/76.jpg 3146 7416 5754 0 1938 47510 9218 7676 602 6768 2228 422 11802 50 50 32258
videos.hw01/03_frame/77.jpg 2880 1324 334 0 262 2833 360 77 0 780 485 314 338 0 0 0
videos.hw01/03_frame/78.jpg 1134 224 482 0 72 390 255 122 114 206 634 0 8884 0 0 0
videos.hw01/03_frame/79.jpg 876 1360 646 0 10030 46750 1668 685 18 5670 70471 2506 690 162 0 98
videos.hw01/03_frame/80.jpg 30556 96 23642 0 76 1851 1748 2986 1236 30778 440 904 11142 98 0 9522
videos.hw01/03_frame/81.jpg 7712 640 3602 0 86 175 81 10 0 2276 46 4 1922 162 450 1800
videos.hw01/03_frame/82.jpg 122 26 1026 0 1405 180 794 377 0 1768 100 2 4 0 0 2
videos.hw01/03_frame/83.jpg 4142 136 4452 0 5055 65506 395664 1393 0 143552 322829 490 0 0 0 3528
videos.hw01/03_frame/84.jpg 49348 3572 1696 0 49650 177 330 74 1034 21670 166 280 25700 2 0 18
videos.hw01/03_frame/85.jpg 922 56 3046 0 386 100547 44179 111488 72 2184 11184 2118 0 0 50 648
videos.hw01/03_frame/86.jpg 22954 14 0 0 410 7455 62 259 0 5258 341 84 0 0 450 0
videos.hw01/03_frame/87.jpg 578 40 0 0 106 175 383 58 0 0 17 38 0 0 0 0
videos.hw01/03_frame/88.jpg 0 836 440 0 1742 207384 62042 21965 0 4522 5332 164 0 0 0 8712
videos.hw01/03_frame/89.jpg 6 4338 244 0 2 4295 666 599 0 842 130 3890 1058 0 0 15488
videos.hw01/03_frame/90.jpg 0 2 1250 0 12168 1485 231 98 0 0 205 671 1452 0 0 0
videos.hw01/03_frame/91.jpg 15362 1416 17178 0 9928 65632 140900 19595 244 9478 672 437 11714 8 50 102152
videos.hw01/03_frame/92.jpg 2312 130 12564 0 208 8924 903 16 0 1830 217 29 1064 0 98 27378
videos.hw01/03_frame/93.jpg 104 18 18 0 13934 3238 1784 263 34 352 416 420 294 32 0 1568
videos.hw01/03_frame/94.jpg 1450 1122 350 0 2 701 111 242 854 1426 386 112 68 0 0 17672
videos.hw01/03_frame/95.jpg 72 2 6 0 242 53949 58212 2758 0 8 2443 133 0 0 0 1458
videos.hw01/03_frame/96.jpg 0 340 300 0 0 204 870 40 0 0 76 186 0 0 0 0
videos.hw01/03_frame/97.jpg 26452 2740 362 0 35188 20637 269454 104680 0 1146 53248 4625 1058 0 0 1800
videos.hw01/03_frame/98.jpg 1682 28 758 0 1194 4377 571 78 0 9794 62 117 312 0 0 0
videos.hw01/03_frame/99.jpg 2814 98 1754 0 36 340 1943 377 878 27398 54 0 186 2 0 2048
videos.hw01/03_frame/100.jpg 30 6072 24150 78794 128 16306 206957 191461 0 0 341083 5064 242 0 0 0
videos.hw01/03_frame/101.jpg 72 0 90 13 1154 604 207 2 0 1284 26 0 6 0 0 0
videos.hw01/03_frame/102.jpg 4648 18 1316 512 27402 1170 32 154 0 246 0 0 854 0 0 242
videos.hw01/03_frame/103.jpg 11927485 16220231 15172430 35299607 9652630 6677328 3951716 13227176 24188867 14469125 23304090 23371742 14614509 24398932 27391002 22775044
videos.hw01/03_frame/104.jpg 24244 18910 46365 291099 6122 0 635 271454 175375 96582 97945 248201 598241 417220 164932 74763
videos.hw01/03_frame/105.jpg 7295 708 842 2360 3454 0 1662 857 8123 1142 2478 1921 3587 1232 507 342
videos.hw01/03_frame/106.jpg 3270 5811 771 1059 602 0 42 518 451 913 74 134 143 4871 559 548
videos.hw01/03_frame/107.jpg 52239 74972 54687 297241 14111 4102 822 229319 289915 196089 117920 234504 1582634 622905 11375769 1153577
videos.hw01/03_frame/108.jpg 904 125 149 87 3 13 18 37 251 35 125 10 2454 1 49 50
videos.hw01/03_frame/109.jpg 73059 113740 149581 433268 16427 282674 251306 59557 214292 476284 859747 2609580 94629 237380 8709125 12015566
videos.hw01/03_frame/110.jpg 3467 6 8 82 468 64 563 78 2935 89 162 119 348 1433 19 213
videos.hw01/03_frame/111.jpg 267 3627 360 145 158 370 126 86 121 44 5939 97 246 38 346 407
videos.hw01/03_frame/112.jpg 193405 267964 688095 1127778 111580 81579 127603 220313 275963 77701 1370301 7720405 2510055 681267 157452 5304539
videos.hw01/03_frame/113.jpg 3890 159 45 195 2 183 682 116 2133 850 433 258 350 685 34 74
videos.hw01/03_frame/114.jpg 544 61 13 274 30 531 6286 768 158 315 479 386 123 221 10 271
videos.hw01/03_frame/115.jpg 194094 62715 170890 241584 27278 1787 117957 298235 170675 170683 36850 610148 468049 1770545 49548 849280
videos.hw01/03_frame/116.jpg 874 242 2 316 738 60 5551 261 77 41 186 18 11 231 25 43
videos.hw01/03_frame/117.jpg 242 0 71 481 26 1111 17284 340 14 104 68 36 6 76 305 703
videos.hw01/03_frame/118.jpg 170994 46817 16951 63802 9458 13025 27251 213149 19913 26512 7239 97749 76393 346410 22499 184442
videos.hw01/03_frame/119.jpg 21618559 3891156 3449369 5071219 16166012 905647 992062 2171383 15775236 674333 3195963 12973820 13497131 10091496 1538467 2724627
videos.hw01/03_frame/120.jpg 245232 5385898 1039248 15686086 2453787 14650902 2276725 2550477 2465151 14302095 1356812 3278058 466002 468942 1755427 14276362
videos.hw01/03_frame/121.jpg 4272 8019 3673 4686 272 428 1561 3786 0 968 5297 494 3994 191 6033 4512
videos.hw01/03_frame/122.jpg 214750 1074039 214603 2682834 457922 8343570 1521062 784751 89684 8885244 1267829 945561 483482 197368 1014052 1902472
videos.hw01/03_frame/123.jpg 64 23 241 94 220 47 99 15 24 635 73 18 315 102 112 121
videos.hw01/03_frame/124.jpg 148 2720 736 23 373 1382 167 6 153 303 409 537 18 74 187 212
videos.hw01/03_frame/125.jpg 500977 755347 603947 1960903 1873544 1490672 263672 1356119 4662372 1325178 148951 1510139 54133 331962 583589 2917946
videos.hw01/03_frame/126.jpg 292 64 14 96 487 252 20 23 63 619 83 76 26 138 120 348
videos.hw01/03_frame/127.jpg 50 295 514 64 567 64 612 336 456 102 191 259 10 195 756 223
videos.hw01/03_frame/128.jpg 34146 23357 941141 1071648 418320 16304 2293 8232 62275 12395 2086 8867 413818 3693014 1977121 1339442
videos.hw01/03_frame/129.jpg 558 1460269 2422443 9731 199 520 507 1043 125 1216 595 871 2354036 2877813 286751 9955
videos.hw01/03_frame/130.jpg 12231 1123936 2624600 79175 170 59 17 200 4 23 123 439 2247049 2372235 5542760 112760
videos.hw01/03_frame/131.jpg 12344 1659352 1745140 76119 373734 18276 229 14203 69260 2758 7667 23328 3681956 6001516 4147670 63469
videos.hw01/03_frame/132.jpg 309084 1548706 2380521 13860 49 491 79 248 244 387 439 140 2671463 10602054 4144742 205418
videos.hw01/03_frame/133.jpg 439192 2422284 4718777 74553 150 623 137 582 319 1869 136 261 2076218 11965363 6287973 595641
videos.hw01/03_frame/134.jpg 753 2053 351 802 55250 3434 29 304 15875 872 309 276 374776 1010753 6608 588
videos.hw01/03_frame/135.jpg 121046 313836 124452 78734 69134 8727 1276 9842 68809 2323 4993 13967 339474 2725397 2238685 89140
videos.hw01/03_frame/136.jpg 3015 193354 1466485 8078 2000 320 85 95 80 409 24 272 942185 281294 201604 40568
videos.hw01/03_frame/137.jpg 153121 181412 177754 78618 118919 5559 655 4999 46360 3174 921 10403 30541 1846704 1714287 56601
videos.hw01/03_frame/138.jpg 6022 316133 457985 12576 55313 5288 57 760 18600 4907 526 3385 57978 130374 59413 16697
videos.hw01/03_frame/139.jpg 286960 256595 27048 56024 115 41 13 2 46 13 0 328 615008 35956 220393 7391
videos.hw01/03_frame/140.jpg 24519 1206810 920931 162 1851 1151 55 178 347 987 140 134 393610 4089387 36330 2839
videos.hw01/03_frame/141.jpg 190858 511529 550389 96140 361 148 536 1144 176 253 681 1130 188514 167130 995554 17574
videos.hw01/03_frame/142.jpg 9220076 3426307 2670318 5218198 336212 16877705 8040204 13859474 4623770 6416708 12708656 3998810 10098559 12414849 11637915 8064512
videos.hw01/03_frame/143.jpg 323267 4726 356 47794 304907 6075 90 26 4278 16448 426 70565 358306 620762 1680 36006
videos.hw01/03_frame/144.jpg 20570 1168083 824314 1721364 1309873 325252 830056 1255743 225390 3249256 703455 1169536 605368 520598 516543 6452702
videos.hw01/03_frame/145.jpg 239016 1328 251325 1101061 204766 274 242 650 88138 24799 2202 201750 39396 11666 4421 1126
videos.hw01/03_frame/146.jpg 56628 354839 961305 154800 493187 59342 526914 927385 700609 225360 223400 330411 8854 691141 790373 249594
videos.hw01/03_frame/147.jpg 242912 12932 24872 287518 269841 154 5596 522 55939 9879 2824 260074 211170 26530 2452 30534
videos.hw01/03_frame/148.jpg 369600 563434 100870 57318 320559 18540 82623 390869 646283 86830 78416 282244 211384 1216575 333247 1118
videos.hw01/03_frame/149.jpg 61839 28858 469620 778089 185121 664 1396 2373 27869 908 12743 366512 21312 1780 339144 19330
videos.hw01/03_frame/150.jpg 71888 111785 72096 438445 592816 50166 4169 320741 383725 68533 172920 428122 59542 4282 42400 137720
videos.hw01/03_frame/151.jpg 100342 22792 44469 73856 280206 706 23379 3729 182712 1117 45342 151342 86860 11590 67584 315036
videos.hw01/03_frame/152.jpg 37421 68971 133824 146880 368650 186 5307 10697 198349 31459 22326 488032 56986 41034 73224 27028
videos.hw01/03_frame/153.jpg 1271595 2370855 620423 254089 776471 16291059 4562405 1517334 912161 656405 1654830 1278681 288794 193136 846553 19046
videos.hw01/03_frame/154.jpg 61094 362315 497433 103217 343266 243547 71015 448184 602599 2604544 315643 274852 65266 171450 340014 32330
videos.hw01/03_frame/155.jpg 327647 247924 394730 1083698 233414 732466 100684 2045965 305287 615094 336963 416985 441764 46066 338457 443360
videos.hw01/03_frame/156.jpg 264990 566007 88278 247189 207335 53218 201655 252349 134700 853512 50873 21940 707722 74536 6844 70908
videos.hw01/03_frame/157.jpg 204554 634844 258684 885854 203244 175176 118278 344249 94255 817900 73614 26468 1183348 15180 164620 171058
videos.hw01/03_frame/158.jpg 260067 89652 222081 504101 107587 16695 63412 100657 133655 1694 5992 23724 70 692 618774 278210
videos.hw01/03_frame/159.jpg 71751 3347753 1136217 325496 189333 1777320 309502 370653 982329 901133 897663 213881 505568 3740983 6743977 1797031
videos.hw01/03_frame/160.jpg 2179368 6689264 7206423 1283378 2420875 1219724 849321 4793586 7087701 915337 567104 2862724 15127276 1504134 3405796 1559783
videos.hw01/03_frame/161.jpg 5365000 1034074 2262422 8423331 713421 13415931 18191752 8570506 209897 6476834 1733265 19857198 108960 945197 929747 11771618
videos.hw01/03_frame/162.jpg 100 0 74 0 203 36 0 0 1416 592 1765 2048 7944 127 178 3306
videos.hw01/03_frame/163.jpg 10241623 26675594 5521162 11489428 22262823 26622337 25324399 30221572 11798618 11690464 9812603 28897654 23363993 18876514 15333655 9199228
videos.hw01/03_frame/164.jpg 12104 2352 4348 11222 184 3425 38628 31074 884 3836 5174 5672 7592 244 653 42676
videos.hw01/03_frame/165.jpg 450186 6161114 470638 9278883 122946 2939633 1584991 224550 1871606 3007403 949061 141822 1334492 1199284 66667 130646
videos.hw01/03_frame/166.jpg 55234 568950 92696 868824 74956 519492 161004 325401 394091 241890 520290 71497 381828 68561 59567 75050
videos.hw01/03_frame/167.jpg 1512 3580 602 3558 224 4230 2937 659 63 3221 1157 33 462 207 1841 3450
videos.hw01/03_frame/168.jpg 0 22 59214 4170898 8 86 385 6550903 3 518 1397 181806 115 408 823 16
videos.hw01/03_frame/169.jpg 870360 1500560 139065 53698 314125 490714 2315680 367169 399235 490179 1134152 127919 315383 726991 347248 5581284
videos.hw01/03_frame/170.jpg 1928 223544 2352102 441310 15995867 9219975 3662962 4076558 26513690 3425474 1117595 1564243 3165197 4537140 73535 1485630
videos.hw01/03_frame/171.jpg 59576 79065 349 9 12452 11 44443 273989 14622 1217 151778 147636 250 1528 83247 310534
videos.hw01/03_frame/172.jpg 5079197 5887451 1153205 4399866 6116951 9509187 2993609 335936 19211825 3206172 1077153 861099 2701599 3446438 3569 465500
videos.hw01/03_frame/173.jpg 10924 13229 34708 368 9580 260815 6415 2890 1174 260178 73774 6456 47352 90409 5889 25294
videos.hw01/03_frame/174.jpg 3607194 6004877 2820887 226806 7922043 168570 5022 11640 1155477 692566 775 17266 286451 845357 95619 2890294
videos.hw01/03_frame/175.jpg 1829443 68530 17885 980 15344 576932 13421 626 146338 145090 3838 8391 122210 57548 2643 4172
videos.hw01/03_frame/176.jpg 537158 120002 15964 1390 53254 216534 6084 1754 38088 120593 9294 4868 38332 58160 20980 32
videos.hw01/03_frame/177.jpg 93328 190582 19783 140 8674 70369 399 632 10369 386928 1240 610 69284 437468 3960 184
videos.hw01/03_frame/178.jpg 1126552 44802 29470 7140 36132 473258 1308 1202 65203 137732 2142 2421 57532 176793 1211 18
videos.hw01/03_frame/179.jpg 701304 111772 19594 2982 48548 390966 4421 357 15842 116426 3070 883 47117 44310 2984 642
videos.hw01/03_frame/180.jpg 166 240 599 20 108 4907 1998 838 0 746 3445 229 20 146 195 812
videos.hw01/03_frame/181.jpg 68984 236088 12220 856 10756 52216 423 1387 21835 363277 2106 238 89567 317049 7503 1174
videos.hw01/03_frame/182.jpg 2 770 40 442 8 53378 469 1476 165 1867 2169 120 299 301 6173 3580
videos.hw01/03_frame/183.jpg 610312 39368 9267 34035 29878 247740 7471 8688 13220 286203 5048 20728 41255 350902 8167 93884
videos.hw01/03_frame/184.jpg 1476 708 354 194 1310 4694 7056 1696 162 3153 35899 127 1247 3749 4300 1742
videos.hw01/03_frame/185.jpg 2190 860 498 127 50 1003 4049 3462 0 11559 23417 182 1621 732 753 1054
videos.hw01/03_frame/186.jpg 274 2402 1342 289 58 3083 192 281 2 891 4013 253 126 230 804 94
videos.hw01/03_frame/187.jpg 170244 21454 28588 28045 6012 80161 9073 5385 3698 142565 5365 11921 4283 23854 14097 88508
videos.hw01/03_frame/188.jpg 178244 104824 6840 4952 17408 1732300 16223 14826 203522 1503210 275 2423 29846 44792 2620 50
videos.hw01/03_frame/189.jpg 16 46 144 164 32 25941 185 117 0 56 73 170 0 25 379 26
videos.hw01/03_frame/190.jpg 660 62 2117 152 4 330 959 724 0 453 5016 680 1089 4493 71 3332
videos.hw01/03_frame/191.jpg 15086 87804 6143 3680 2350 353236 2336 17312 4418 279742 11286 685 23812 62221 5402 274
videos.hw01/03_frame/192.jpg 17408 7268 1036 862 1054 32115 7961 4438 2 72475 12777 1699 1343 4621 4682 86
videos.hw01/03_frame/193.jpg 36 48 0 46 8 3787 2064 68 0 4 145 60 68 91 55 14
videos.hw01/03_frame/194.jpg 448 1366 917 165 2 2141 113 295 0 15 1714 222 2 46 928 52
videos.hw01/03_frame/195.jpg 258112 496208 158245 4364079 25098 1711512 726602 3241190 513663 4956413 645112 99188 514908 101210 69876 1139762
videos.hw01/03_frame/196.jpg 167496 78822 16768 1816718 509113 756131 82625 106587 505370 344695 109601 17522 78932 51340 22871 736408
videos.hw01/03_frame/197.jpg 160 382 2738 80 22 584 3852 69 11 119 31839 71 896 72 1698 686
videos.hw01/03_frame/198.jpg 146 70 58 0 172 339 1626 420 265 677 1985 267 4 303 2354 11444
videos.hw01/03_frame/199.jpg 140638 54610 908 462806 1136023 905844 42256 43662 1401846 283952 161612 20226 52971 82998 11339 458776
videos.hw01/03_frame/200.jpg 4 1106 26 722 75 342 3299 87 59 5300 52796 46 128 5148 14817 44732
videos.hw01/03_frame/201.jpg 2174 3672 1376 34034 246256 501028 19426 74488 232590 70939 25347 79906 2256 37590 30850 12726
videos.hw01/03_frame/202.jpg 2734 372 6656 110094 3898 6366 29013 413 2214 10226 77718 1659 8053 13817 1851 54540
videos.hw01/03_frame/203.jpg 52538 7976 358 10406 125364 709827 40447 6587 253901 140474 75290 57548 5794 41097 16667 89190
videos.hw01/03_frame/204.jpg 66 120 32 3458 10 1774 393 21 156 537 299 258 424 1901 52 4488
videos.hw01/03_frame/205.jpg 27320 1654 20 35344 131441 135959 103525 143656 55211 30847 282141 265299 5258 39478 80163 233290
videos.hw01/03_frame/206.jpg 28 0 0 756 481 2890 25236 225 57 2233 3477 730 379 1754 247 30002
videos.hw01/03_frame/207.jpg 2126 6420 4840 4394 189 1541 716 2258 318 2922 2946 1540 1339 4880 584 2694
videos.hw01/03_frame/208.jpg 1568 3102 1946 177844 13360 62102 17755 882682 135753 70041 83203 352442 59912 39882 7110 32526
videos.hw01/03_frame/209.jpg 18437568 6010754 9736811 15842094 21478042 2161363 5719813 5327967 24127394 7641139 4825798 4155686 6314340 9748275 3994499 3046490
videos.hw01/03_frame/210.jpg 1607 334 856 6808 238 261 89 362 4835 327 218 233 1626 680 1188 278
videos.hw01/03_frame/211.jpg 852 255 2879 1970 746 7532 4042 2727 16733 2001 677 780 8063 4180 3332 1270
videos.hw01/03_frame/212.jpg 3856 164496 348156 1913 65336 87644 61233 9066 9194 1440 2619 982 13039 6485 2616 2332
videos.hw01/03_frame/213.jpg 576 134072 202343 308 259906 93065 49172 7536 19608 25362 2204 1240 1150 2826 1103 44
videos.hw01/03_frame/214.jpg 1028 1347 329 580 47 119 1251 1531 24 212 219 347 550 937 1049 1964
videos.hw01/03_frame/215.jpg 916 28650 92399 5342 159466 95920 29455 8168 4434 1704 446 1108 78 4443 1108 606
videos.hw01/03_frame/216.jpg 105 239 464 448 452 1346 1097 597 119 51 171 409 2 554 40 916
videos.hw01/03_frame/217.jpg 3190 357 376 31 474 5068 618 669 759 129 481 531 56 370 417 352
videos.hw01/03_frame/218.jpg 83 43 447 19 337 961 122 533 496 18 812 196 18 124 500 64
videos.hw01/03_frame/219.jpg 351 641 244 0 409 250 329 97 34 82 632 80 283 800 1682 1824
videos.hw01/03_frame/220.jpg 265 273 589 1221 411 1499 697 577 25 158 720 340 420 160 251 122
videos.hw01/03_frame/221.jpg 27 11 173 5 32 0 12 131 32 25 20 195 0 163 2 94
videos.hw01/03_frame/222.jpg 101 224 614 998 206 475 275 231 300 314 405 22 779 200 314 116
videos.hw01/03_frame/223.jpg 577 829 344 49 418 3235 4259 512 1721 695 758 906 1237 589 236 436
videos.hw01/03_frame/224.jpg 2851 108795 33683 32891 12416 19522 55354 16248 1058 1212 924 755 244 423 539 154
videos.hw01/03_frame/225.jpg 38 5544 30 26 338 627 375 839 436 14 47 4 18 344 91 580
videos.hw01/03_frame/226.jpg 496 1590 403 20913 944 7365 2640 2511 18635 961 447 8506 2742 104 2461 1332
videos.hw01/03_frame/227.jpg 6 291 61 2339 211 4399 144 172 266 22 96 40 0 183 8 190
videos.hw01/03_frame/228.jpg 7562 4398 17352 9049 1914 4153 18503 1784 11 1086 1957 156 290 1346 107 2096
videos.hw01/03_frame/229.jpg 170 1179 1232 1400 2925 932 5065 618 2604 118 44 209 7116 338 90 148
videos.hw01/03_frame/230.jpg 1832 1032 3717 2891 523 5980 2566 734 102 109 287 163 8881 406 5770 14
videos.hw01/03_frame/231.jpg 8428 3835 6444 4384 5855 13137 39901 3713 264 124 1471 264 260 1811 602 176
videos.hw01/03_frame/232.jpg 239 1646 192 191 260 114 1141 475 445 151 381 430 67 366 817 28
videos.hw01/03_frame/233.jpg 286 4101 277 208 403 780 6719 286 59 25 258 428 2264 807 166 6
videos.hw01/03_frame/234.jpg 364 444 465 24 111 21120 3757 105 28962 190 713 214 3628 525 523 264
videos.hw01/03_frame/235.jpg 730 1584 1003 461 411 673 514 811 11822 761 1036 247 2973 2222 2384 428
videos.hw01/03_frame/236.jpg 1305 2431 752 45 1835 4900 467 611 15375 224 726 1022 290 366 539 218
videos.hw01/03_frame/237.jpg 27 152 897 32 232 8089 2050 276 4915 103 407 36 328 1508 1225 160
videos.hw01/03_frame/238.jpg 290 1600 362 130 488 873 552 2867 6516 75 520 697 9 4291 2134 368
videos.hw01/03_frame/239.jpg 0 104 113 8 51 252 161 118 14 0 79 11 0 196 16 14
videos.hw01/03_frame/240.jpg 24 276 127 264 326 658 56 72 26 20 735 269 14 1065 336 78
videos.hw01/03_frame/241.jpg 179 185 605 282 50 7867 514 1551 202 84 186 929 13 880 856 274
videos.hw01/03_frame/242.jpg 249 123 104 56 93 3433 72 28 392 17 196 944 242 96 340 574
videos.hw01/03_frame/243.jpg 98 49 61 4 201 240 12 22 336 24 263 54 0 52 107 0
videos.hw01/03_frame/244.jpg 363 194 68 4 0 52 21 66 470 4 299 81 0 93 72 0
videos.hw01/03_frame/245.jpg 166 397 257 93 284 410 212 5 169 66 561 38 2090 151 97 104
videos.hw01/03_frame/246.jpg 516 575 327 12 11 5319 295 44 20 6 39 70 740 42 160 14
videos.hw01/03_frame/247.jpg 95 261 368 4 31 90 39 57 6 4 51 129 9 31 42 322
videos.hw01/03_frame/248.jpg 116 395 900 7 197 856 27 145 52 44 48 94 89 29 544 908
videos.hw01/03_frame/249.jpg 508 548 897 18 378 39667 90 224 13 852 131 36 565 509 16 250
videos.hw01/03_frame/250.jpg 246 494 220 31 361 33 355 641 17710 10 110 302 66 190 55 62
videos.hw01/03_frame/251.jpg 272 188 213 7 102 1151 38 47 38452 2 0 6 2 64 32 208
videos.hw01/03_frame/252.jpg 335 479 10 122 73 243 56 54 162 47 149 40 105 75 20 24
videos.hw01/03_frame/253.jpg 74 686 1066 52 327 42 30 17 244 370 2 4 133 111 0 0
videos.hw01/03_frame/254.jpg 223 539 384 22 2470 1076 129 136 1865 138 131 220 6991 601 511 3990
videos.hw01/03_frame/255.jpg 63 147 187 297 27 863 122 631 90738 11 112 54 548 361 203 3164
videos.hw01/03_frame/256.jpg 228 160 127 253 111 4824 2326 421 11914 227 351 77 22 236 1622 516
videos.hw01/03_frame/257.jpg 139 444 98 0 136 533 280 2 1325 292 11 95 32 26 735 338
videos.hw01/03_frame/258.jpg 7 14 539 2 74 0 8 84 610 4 5 3 0 8 6 86
videos.hw01/03_frame/259.jpg 123 454 446 365 623 1854 234 730 236 50 746 16 7 827 285 434
videos.hw01/03_frame/260.jpg 10 190 277 11 91 340 128 91 2753 15 160 92 3 137 602 136
videos.hw01/03_frame/261.jpg 42 26 51 11 493 350 129 8 2953 56 5 0 33 84 1256 34
videos.hw01/03_frame/262.jpg 251 1846 3148 74 171 7211 990 3728 284 905 2020 4357 1039 1866 4123 2224
videos.hw01/03_frame/263.jpg 35 2888 4 6 35 215 2 0 20 8 0 0 0 28 186 482
videos.hw01/03_frame/264.jpg 150 278 8 0 495 517 118 10 204 86 0 14 0 0 0 0
videos.hw01/03_frame/265.jpg 22 1305 20 0 130 314 6 6 10 0 0 6 32 59 0 0
videos.hw01/03_frame/266.jpg 219 1150 29 0 55 347 6590 41149 8192 11399 181264 112886 4 1144 128375 36360
videos.hw01/03_frame/267.jpg 86 66 0 8 227 1345 4424 11859 20 13456 1300782 97784 50 28 50308 12146
videos.hw01/03_frame/268.jpg 62 572 886 197 145 6265 956 314 17119 31 128 142 0 165 80 94
videos.hw01/03_frame/269.jpg 176 1710 455 30 80 23 3489 11687 190 36771 84923 63112 34 136 4068 13972
videos.hw01/03_frame/270.jpg 115 204 20 7 19 168 25 28 140 9 12 98 4 4 63 78
videos.hw01/03_frame/271.jpg 228 6364 784 702 262 1565 339 296 91656 23 98 1266 12 24 5956 74
videos.hw01/03_frame/272.jpg 331 371 86 1211 50 163 323 10962 100 117524 31099 15189 18 20 1981 123084
videos.hw01/03_frame/273.jpg 7 4 97 50 91 363 102 466 27848 15 33 939 0 52 138 68
videos.hw01/03_frame/274.jpg 10 325 16 32 49 66 1702 16595 103968 3136 43668 55730 2 16 297 2812
videos.hw01/03_frame/275.jpg 315 98 116 1047 692 266 2093 7593 120 34262 22472 30365 347 167 1073 2176
videos.hw01/03_frame/276.jpg 208 364 1573 58 60 109 240 454 70 103 64 317 55 129 371 1714
videos.hw01/03_frame/277.jpg 228 292 704 463 320 4293 2462 921 133133 66 367 266 128 119 152 736
videos.hw01/03_frame/278.jpg 1362 436 195 496 15 287 282 569 4 54 803 360 0 12 42 252
videos.hw01/03_frame/279.jpg 154 375 3719 2683 256 284 441 546 250 105 855 1012 130 665 89 468
videos.hw01/03_frame/280.jpg 13 5413 229 6 181 246 161 100 2 58 206 554 23 61 136 692
videos.hw01/03_frame/281.jpg 105 1392 49 1 267 6 114 61 907 85 845 809 28 47 14 0
videos.hw01/03_frame/282.jpg 6 1173 300 492 43 118 47 147 1922 116 86 38 11 27 6 16
videos.hw01/03_frame/283.jpg 14 23 8 0 91 43 24 131 10 14 65 78 138 179 63 18
videos.hw01/03_frame/284.jpg 246 2750 229 216 164 183 518 153 3986 1583 681 543 10 336 80 104
videos.hw01/03_frame/285.jpg 157 203 124 35 108 158 45 628 137891 880 185 51 26 47 1553 4940
videos.hw01/03_frame/286.jpg 177 1196 285 316 122 266 267 260 76891 2076 107 171 22 38 1011 54
videos.hw01/03_frame/287.jpg 42 351 86 901 56 61 246 597 32841 145 912 1250 341 294 128 64
videos.hw01/03_frame/288.jpg 27 2585 72 0 63 57 268 144 1796 7 49 179 0 157 37 40
videos.hw01/03_frame/289.jpg 198 203 69 34 68 776 702 186 3232 156 53 1184 3 113 167 212
videos.hw01/03_frame/290.jpg 28 58 50 11 61 129 18 162 52488 34 250 259 13 54 2 2886
videos.hw01/03_frame/291.jpg 164 692 121 8 477 1006 1773 512 12075 43 560 110 67 283 48 964
videos.hw01/03_frame/292.jpg 232 110 58 11 62 395 14 135 50 0 7 62 113 39 1714 8
videos.hw01/03_frame/293.jpg 492 274 16 0 283 323 33 208 328462 84 862 207 59 158 248 52
videos.hw01/03_frame/294.jpg 2 16 5 14 335 132 64 412 64 47 74 2 56 23 80 248
videos.hw01/03_frame/295.jpg 81 8460 48 33 31 669 191 33 1024 4 144 46 11 106 7 54
videos.hw01/03_frame/296.jpg 9 51 120 6 2 20 6 186 0 88 1153 126 0 39 10 8
videos.hw01/03_frame/297.jpg 29 94 4 3 32 139 219 200 1769 81 148 262 53 248 242 482
videos.hw01/03_frame/298.jpg 245 87 25 2 2 2 79 51 100 2 2 53 2 13 1 14
videos.hw01/03_frame/299.jpg 119 214 96 98 551 1027 1050 389 3421 101 995 86 678 152 420 42
videos.hw01/03_frame/300.jpg 190 4536 64 207 6 284 60 254 78 62 128 100 201 23 156 2
videos.hw01/03_frame/301.jpg 63 345 304 335 221 972 917 569 9222 554 462 658 633 58 187 390
videos.hw01/03_frame/302.jpg 324 1262 239 14 320 338 1022 498 422 86 2090 1005 123 139 1118 370
videos.hw01/03_frame/303.jpg 111 2717 55 4 284 2428 260 307 3803 45 794 856 104 14 644 396
videos.hw01/03_frame/304.jpg 72 31 52 0 64 5 25 13 10660 6 136 643 8 12 39 394
videos.hw01/03_frame/305.jpg 536 163 13 80 407 56 286 99 100 88 1475 960 2 90 205 130
videos.hw01/03_frame/306.jpg 0 0 20 2 62 2194 41 255 80 50 95 87 56 19 74 104
videos.hw01/03_frame/307.jpg 335 23 98 0 2 73 37 127 61250 7 71 54 0 80 63 104
videos.hw01/03_frame/308.jpg 94 12149 162 120 355 1023 151 263 230 33 321 304 247 103 106 18
videos.hw01/03_frame/309.jpg 124 848 110 653 199 316 371 1416 47128 46 590 312 20 159 424 1488
videos.hw01/03_frame/310.jpg 18 92 598 95 193 337 38 134 22 42 46 36 14 248 677 134
videos.hw01/03_frame/311.jpg 18 375 424 141 519 804 282 1040 21450 19 825 315 23 815 736 188
videos.hw01/03_frame/312.jpg 0 1 54 70 108 44 14 197 242 69 373 46 67 126 108 0
videos.hw01/03_frame/313.jpg 465 1415 775 342 1014 129 735 1001 135 292 368 701 91 136 359 200
videos.hw01/03_frame/314.jpg 37 11 154 117 47 171 318 308 392 4 179 365 4 48 5 232
videos.hw01/03_frame/315.jpg 110 659 85 128 1334 939 355 99 283 19 175 161 14 179 126 52
videos.hw01/03_frame/316.jpg 494 303 1668 144 633 1596 157 581 105818 692 337 442 10 244 65 2110
videos.hw01/03_frame/317.jpg 67 2288 142 302 200 3460 170 169 264 75 243 3159 14 113 85 1412
videos.hw01/03_frame/318.jpg 0 3875 158 2 512 986 74 34 1058 10 109 84 9 51 214 554
videos.hw01/03_frame/319.jpg 62 2244 61 116 942 7489 582 208 105 25 131 35 128 188 217 890
videos.hw01/03_frame/320.jpg 476 279 14 8 191 120 30 11 53 2 49 36 171 27 2 200
videos.hw01/03_frame/321.jpg 98 342 26 13 130 565 51 99 2312 50 783 1144 438 65 75 380
videos.hw01/03_frame/322.jpg 492 8285 4723 172 645 131984 1349 2023 169584 1233 545 2340 1106 4375 8430 32978
videos.hw01/03_frame/323.jpg 35 106 104 290 28 2 21 113 4051 64 939 197 164 28 12 1346
videos.hw01/03_frame/324.jpg 424 23 254 32 342 1904 24 273 286 22 329 724 1104 62 41 7816
videos.hw01/03_frame/325.jpg 353 255 14 101 196 5648 26 83 13 3 37 31 491 100 98 296
videos.hw01/03_frame/326.jpg 106 10 0 2 0 0 139 29 2 0 400 638 0 31 74 14
videos.hw01/03_frame/327.jpg 0 5 0 8 242 0 26 1 16 0 27 33 0 0 18 6
videos.hw01/03_frame/328.jpg 133 1084 8 2 960 23 6 276 1018 104 33 404 271 58 1882 414
videos.hw01/03_frame/329.jpg 46 1550 4 2 85 2540 145 152 1270 28 1252 607 0 78 158 4
videos.hw01/03_frame/330.jpg 288 523 62 8 166 608 279 441 11741 11 281 99 187 656 2109 26
videos.hw01/03_frame/331.jpg 31 10 125 19 55 5885 187 180 2974 96 446 856 18 255 754 736
videos.hw01/03_frame/332.jpg 174 76 0 130 95 2563 1 66 103060 0 0 9 244 55 85 482
videos.hw01/03_frame/333.jpg 438 1593 2 164 77 1240 38 26 2626 60 1313 1150 347 373 71 242
videos.hw01/03_frame/334.jpg 584 194 18 0 216 819 125 1 49 1 45 127 2 75 99 296
videos.hw01/03_frame/335.jpg 0 80 0 50 8 1207 217 0 4418 0 420 201 246 17 124 2
videos.hw01/03_frame/336.jpg 70 27 58 0 45 48 2 2 1482 143 158 134 394 89 614 86
videos.hw01/03_frame/337.jpg 129 276 130 408 658 58 43 108 1744 631 367 329 0 59 223 100
videos.hw01/03_frame/338.jpg 15 80 237 296 136 96 224 156 3387 14 381 444 0 760 339 198
videos.hw01/03_frame/339.jpg 0 10 435 97 67 99 2 7 25088 0 114 34 0 0 182 134
videos.hw01/03_frame/340.jpg 254 418 613 119 895 66 136 80 258 157 340 272 10 696 563 10
videos.hw01/03_frame/341.jpg 144 1687 359 14 319 2216 394 37 4677 416 899 212 1066 246 1226 0
videos.hw01/03_frame/342.jpg 293 996 245 47 1058 1436 691 646 2922 260 468 340 13 91 1105 0
videos.hw01/03_frame/343.jpg 0 0 20 50 34 43 0 28 17298 11 172 143 0 12 0 0
videos.hw01/03_frame/344.jpg 1357 1456 549 20 407 670 22 468 650 263 1329 336 3007 3104 1206 0
videos.hw01/03_frame/345.jpg 1765 1143 942 71 27 4794 591 272 2296 256 2033 308 1912 545 2593 24
videos.hw01/03_frame/346.jpg 1061 636 950 160 205 681 112 205 90361 153 796 505 175 456 2987 28
videos.hw01/03_frame/347.jpg 2 1205 82 80 711 358 120 328 130 51 1109 161 43 137 54 190
videos.hw01/03_frame/348.jpg 921 516 0 0 500 505 71 14 782 12 94 212 3706 29 212 0
videos.hw01/03_frame/349.jpg 1224 1636 263 55 65 695 667 445 208 182 169 56 6 135 36 10
videos.hw01/03_frame/350.jpg 22 245 42 0 119 1875 131 188 27 200 876 220 2122 78 2 32
videos.hw01/03_frame/351.jpg 138 2 0 0 13 0 0 3 55 0 0 0 8 0 22 0
videos.hw01/03_frame/352.jpg 621 3108 118 1 40 898 99 3 554 127 24 28 37 334 134 8
videos.hw01/03_frame/353.jpg 68 48 114 4 223 491 3981 162974 140 407787 670447 183799 292 9568 55197 9924
videos.hw01/03_frame/354.jpg 114 1405 62 0 351 386 11 20 177 116 68 136 202 148 88 0
videos.hw01/03_frame/355.jpg 929 8840 20 0 207 1660 22 218 200 472 10 40 3746 151 2039 8
videos.hw01/03_frame/356.jpg 14 8 0 0 33 0 2 117985 340 28816 3877 17820 0 603 51822 14866
videos.hw01/03_frame/357.jpg 64 8 18 14 0 413 59 24 0 0 0 2 8 0 60 0
videos.hw01/03_frame/358.jpg 323 575 0 0 54 882 0 18 0 2 0 124 1124 0 386 0
videos.hw01/03_frame/359.jpg 1039 4 0 0 3 47 2 6 200 7174 53975 2064 0 1375 24932 1989
videos.hw01/03_frame/360.jpg 0 11 0 0 0 144 0 0 8 154 243 670 162 8 155 40
videos.hw01/03_frame/361.jpg 1437 1727 768 1117 1679 8531 4505 530 198002 540 1755 12512 6635 3403 6953 6394
videos.hw01/03_frame/362.jpg 94 339 75 98 471 95 727 0 89524 3730 30135 887 1072 1278 1278 4451
videos.hw01/03_frame/363.jpg 184 3714 149 2 186 298 378 299 26550 24 337 174 117 541 625 96
videos.hw01/03_frame/364.jpg 518 232 151 15 577 122 154 223 11290 692 48 1673 178 584 817 188
videos.hw01/03_frame/365.jpg 896 2054 315 259 584 622 264 3802 1682 312 1852 2163 27 291 655 1004
videos.hw01/03_frame/366.jpg 256 229 477 244 867 401 233 382 62 56 183 882 2 926 34 262
videos.hw01/03_frame/367.jpg 691 21 283 306 249 59 58 54 2119 312 187 507 2063 556 492 6
videos.hw01/03_frame/368.jpg 332 1701 279 16 36 247 81 122 38 368 219 471 0 3026 530 479
videos.hw01/03_frame/369.jpg 232 373 69 59 187 126 112 86 22507 128 108 195 1 113 155 62
videos.hw01/03_frame/370.jpg 1332 160 360 81 98 535 85 51 371 88 15 1359 174 144 65 14
videos.hw01/03_frame/371.jpg 237 150 127 9 136 367 159 26 148 88 193 513 18 181 423 338
videos.hw01/03_frame/372.jpg 499 252 133 8 180 83 176 53 54621 23 221 822 454 242 104 134
videos.hw01/03_frame/373.jpg 380 1219 207 41 27 1352 130 3 26913 29 464 228 166 263 142 16
videos.hw01/03_frame/374.jpg 872 805 207 3 82 334 275 69 440 616 689 543 3489 332 988 432
videos.hw01/03_frame/375.jpg 6 7 245 196 30 33 78 275 0 0 65 3 36 358 112 212
videos.hw01/03_frame/376.jpg 541 338 2700 205 1715 435 634 154 15857 462 428 1750 2914 860 3896 218
videos.hw01/03_frame/377.jpg 35 87 140 67 439 1584 235 8 155388 66 304 1123 19 45 352 362
videos.hw01/03_frame/378.jpg 21 155 89 550 85 883 90 465 7100 36 704 1677 274 579 3512 1128
videos.hw01/03_frame/379.jpg 460 1684 116 44 371 1308 246 1355 3454 20 685 950 259 374 623 2810
videos.hw01/03_frame/380.jpg 80 104 207 51 116 3197 117 10 1147 15 21 10 1322 366 41 344
videos.hw01/03_frame/381.jpg 40 112 52 132 118 139 228 71 0 192 45 275 8 215 634 208
videos.hw01/03_frame/382.jpg 326 426 404 303 191 5164 3692 373 2256 1694 564 202 8704 626 916 58
videos.hw01/03_frame/383.jpg 579 3577 751 309 1207 887 3473 702 658 1177 789 1141 628 433 2384 862
videos.hw01/03_frame/384.jpg 165 323 687 363 1705 1909 599 223 511 88 617 436 3037 391 2004 400
videos.hw01/03_frame/385.jpg 454 2600 4232 589 1192 1284 4768 266 25665 1530 227 2312 1451 459 2779 57
videos.hw01/03_frame/386.jpg 96 272 219 63 378 1481 223 120 3794 26 296 1949 10 169 349 415
videos.hw01/03_frame/387.jpg 340 2223 533 884 2787 1461 5940 162 5130 1087 581 480 2909 866 1649 402
videos.hw01/03_frame/388.jpg 1417 1763 676 295 2519 3455 2959 361 2622 653 313 684 3855 2473 1580 134
videos.hw01/03_frame/389.jpg 556 303 523 357 1331 4943 158 499 52 327 750 1672 243 327 1392 454
videos.hw01/03_frame/390.jpg 420 266 1187 104 124 311 111 106 1576 1659 704 24 26 108 2771 184
videos.hw01/03_frame/391.jpg 135 491 515 134 1264 303 50 1019 11802 326 413 78 186 331 992 158
videos.hw01/03_frame/392.jpg 2196 1479 597 135 416 2532 359 606 539 351 631 73 529 860 270 36
videos.hw01/03_frame/393.jpg 343 317 324 211 243 1117 128 388 171289 183 360 3366 33 718 362 499
videos.hw01/03_frame/394.jpg 250 280 160 4 288 1636 559 55 53138 256 202 525 219 443 218 484
videos.hw01/03_frame/395.jpg 297 134 75 4 106 10 100 119 4454 22 479 468 108 360 284 1069
videos.hw01/03_frame/396.jpg 389 507 81 2 21 259 513 441 17965 954 260 736 783 334 140 146
videos.hw01/03_frame/397.jpg 264 320 317 276 658 1952 62 65 20194 232 161 729 157 2192 3197 782
videos.hw01/03_frame/398.jpg 113 104 15 36 526 198 144 520 1205 52 266 1370 114 208 1984 382
videos.hw01/03_frame/399.jpg 1034 1422 88 75 155 147 166 342 77903 248 201 622 604 766 894 6
videos.hw01/03_frame/400.jpg 391 240 122 17 360 1024 208 1603 634 10 295 74 934 60 460 10
videos.hw01/03_frame/401.jpg 337 25 18 10 32 278 309 6914 3 130 319 1108 127 208 486 264
videos.hw01/03_frame/402.jpg 119 1119 304 22 132 303 148 263 4977 80 597 390 324 654 164 77
videos.hw01/03_frame/403.jpg 446 398 38 38 139 3995 586 255 28092 167 165 72 290 82 6114 208
videos.hw01/03_frame/404.jpg 227 380 124 0 48 826 8 1 8 121 157 492 0 85 642 1033
videos.hw01/03_frame/405.jpg 347 43 68 116 19 416 1 344 44 198 84 68 337 127 983 18
videos.hw01/03_frame/406.jpg 78 158 116 11 288 488 250 304 13453 41 16 579 168 155 242 142
videos.hw01/03_frame/407.jpg 122 767 65 74 63 350 117 23 0 0 191 591 342 135 652 532
videos.hw01/03_frame/408.jpg 89 2060 153 29 105 125 174 105 15 692 122 416 14 102 449 0
videos.hw01/03_frame/409.jpg 27 71 90 20 34 88 3 1 17300 34 28 64 2 38 103 90
videos.hw01/03_frame/410.jpg 199 442 102 2 248 172 60 136 3642 98 144 553 62 780 254 148
videos.hw01/03_frame/411.jpg 18 6 0 8 2 0 3 106 352 34 227 114 27 20 20 4
videos.hw01/03_frame/412.jpg 319 16 130 56 183 584 0 466 298 0 35 81 0 116 265 86
videos.hw01/03_frame/413.jpg 481 613 287 51 435 2094 444 3663 610 338 950 375 1528 1071 812 252
videos.hw01/03_frame/414.jpg 307 41 340 7 358 895 12 61 210 3 95 29 102 396 44 34
videos.hw01/03_frame/415.jpg 5 22 48 0 68 88 51 101 50 5 38 133 2 296 8 0
videos.hw01/03_frame/416.jpg 8 46 10 4 137 878 17 7 129 384 80 128 262 786 130 0
videos.hw01/03_frame/417.jpg 82 198 223 75 836 2404 199 277 308912 335 1531 68 12 145 3382 336
videos.hw01/03_frame/418.jpg 107 228 196 52 184 526 143 444 107785 120 209 267 99 307 6178 14
videos.hw01/03_frame/419.jpg 42 19 143 0 235 301 293 4 36742 34 175 424 361 51 3841 325
videos.hw01/03_frame/420.jpg 555 2504 186 14 77 300 87 110 215 467 245 195 146 178 299 110
videos.hw01/03_frame/421.jpg 528 10898 2812 821 551 13319 1391 901 22901 3345 1139 1258 4094 7883 11695 530
videos.hw01/03_frame/422.jpg 202 13 92 18 2 117 2 202 22480 399 242 1291 2 122 473 211
videos.hw01/03_frame/423.jpg 1469 1082 1531 91 1247 4219 1374 424 2138 3181 352 434 730 338 650 72
videos.hw01/03_frame/424.jpg 277 508 1175 215 145 503 56 210 806 302 205 276 18 1280 510 0
videos.hw01/03_frame/425.jpg 8 95 52 24 433 380 210 14 112 20 371 437 0 314 1370 1407
videos.hw01/03_frame/426.jpg 1391 1091 42 111 209 321 17 56 18059 6 179 391 1945 120 3149 2
videos.hw01/03_frame/427.jpg 481 4 64 0 378 9879 2 0 58 2 11 206 216 52 9 118
videos.hw01/03_frame/428.jpg 582 616 113 31 490 2939 199 88 26186 125 381 86 1560 1861 3106 70
videos.hw01/03_frame/429.jpg 118 217 17 18 153 1855 193 79 812 37 657 447 844 363 523 87
videos.hw01/03_frame/430.jpg 464 517 20 25 80 247 73 908 59952 148 93 779 1252 134 1453 24
videos.hw01/03_frame/431.jpg 530 6703 12737 50743 35234 4990 16257 371 261 220 468 356 2 953 2917 200
videos.hw01/03_frame/432.jpg 252 373 917 62 748 1614 151 4145 1319 466 281 1023 8 273 868 106
videos.hw01/03_frame/433.jpg 388 5435 737 68 1587 69 1706 340 1289 838 397 100 238 384 2363 100
videos.hw01/03_frame/434.jpg 457 726 2840 6935 6194 1674 953 6115 3872 228 273 41 222 417 255 112
videos.hw01/03_frame/435.jpg 685 513 559 99 2245 317 792 693 0 0 34 116 2 277 129 0
videos.hw01/03_frame/436.jpg 812 4666 108 275 215 220 1338 1270 11595 1284 369 769 94 236 1320 424
videos.hw01/03_frame/437.jpg 367 987 664 10772 10979 1340 3835 1129 346 36 86 190 6 750 131 74
videos.hw01/03_frame/438.jpg 2314 292 5818 2483 2651 3070 1656 3791 58 2 812 222 3532 484 344 68
videos.hw01/03_frame/439.jpg 278 1835 709 91 196 248 213 1500 718 35 1027 9 123 1249 755 30
videos.hw01/03_frame/440.jpg 1180 196 26 160 1056 707 189 942 1746 28 82 0 1485 147 172 4
videos.hw01/03_frame/441.jpg 198 410 2133 2406 1879 533 632 1194 22529 283 5223 1597 1257 224 2694 14882
videos.hw01/03_frame/442.jpg 11809869 1599352 3578917 9329810 5662553 1298994 4161488 12407498 2352486 1958076 3078800 2374761 5085834 17926927 1803453 6015325
videos.hw01/03_frame/443.jpg 1419042 927715 762215 237794 628356 673671 443296 148526 436656 569662 173543 186640 2515770 4541863 2428634 206296
videos.hw01/03_frame/444.jpg 648704 1094919 279343 176421 2283743 681901 736115 22904 873097 893430 581896 50962 1970926 5779645 1087891 1831620
videos.hw01/03_frame/445.jpg 1181724 1964639 1386888 371293 854206 576116 715418 103125 628987 642679 288243 326627 1645480 611644 3588356 3134208
videos.hw01/03_frame/446.jpg 1265222 537265 211602 737706 1203208 761830 727457 825095 959672 535404 515037 326939 175614 3063226 6507855 1404681
videos.hw01/03_frame/447.jpg 1599459 837899 1131724 981129 957580 1194320 584007 440814 1178701 825311 632043 186862 391245 1756227 847126 2386995
videos.hw01/03_frame/448.jpg 2283222 1184573 1672290 1011098 1878908 1238703 721619 696986 812771 314142 468154 153243 482367 194216 2219992 6556364
videos.hw01/03_frame/449.jpg 8233 5964 24848 191308 17198 21937 6564 7248 36762 6871 13716 4145 2485 15351 26220 30184
videos.hw01/03_frame/450.jpg 24131 39439 11435 5743 3970 2633 16572 6432 19102 9049 1163 2609 4006 2509 17226 24924
videos.hw01/03_frame/451.jpg 4464 12048 108558 18468 2132 13883 3331 2549 34370 21828 3201 4283 4428 13147 20094 30450
videos.hw01/03_frame/452.jpg 1119 3613 4302 584 7258 5628 1448 2236 17688 3609 5802 452 1146 4236 1496 6926
videos.hw01/03_frame/453.jpg 4294 8560 31286 3780 13018 6153 26412 6776 44080 15298 5745 7820 5314 13391 25592 32648
videos.hw01/03_frame/454.jpg 8193 15467 8944 3969 16938 13747 8876 1960 43018 31673 5202 10402 1872 1674 33914 51364
videos.hw01/03_frame/455.jpg 3894 11195 133844 6641 4106 7117 4218 1367 23908 11235 2678 6833 15224 927 11592 21614
videos.hw01/03_frame/456.jpg 9823 5880 12711 15495 6386 10147 5686 9266 34744 11687 25765 32142 935 2991 24064 17964
videos.hw01/03_frame/457.jpg 6911 6884 71963 7246 12942 5266 11581 3707 19696 8134 1412 4987 1655 6408 16170 4788
videos.hw01/03_frame/458.jpg 5754 9013 15050 3376 13036 3254 9257 8482 19612 8194 2702 4580 1060 8309 8622 11716
videos.hw01/03_frame/459.jpg 10578 5902 2396 12173 26110 7538 9619 14171 12710 5030 9683 3148 664 15718 17490 1914
videos.hw01/03_frame/460.jpg 6406 8245 49747 8400 5544 6436 5178 1382 27046 13852 11923 3152 18355 18407 16850 2120
videos.hw01/03_frame/461.jpg 13391 3309 68053 10743 45716 12886 5218 3931 28446 16012 6157 7199 1375 3591 27272 2414
videos.hw01/03_frame/462.jpg 16421 7133 18151 9752 3458 4446 5300 988 25347 24886 4343 2330 2261 7339 8959 1140
videos.hw01/03_frame/463.jpg 19744 5716 7492 12853 5954 6142 16800 5080 23413 13177 3152 3671 446 3959 12561 3614
videos.hw01/03_frame/464.jpg 19860 12740 12260 8598 31416 10486 5340 2252 22472 17821 6796 4779 2011 18396 12918 930
videos.hw01/03_frame/465.jpg 13660 7465 4740 11411 16420 7762 15402 500 44222 3725 7919 2248 954 4541 8868 1534
videos.hw01/03_frame/466.jpg 12316 2280 38679 5727 430 312 1107 524 1198 655 749 4562 1154 3880 1743 7350
videos.hw01/03_frame/467.jpg 6858 6 29055 425 148 4160 58 48 14 460 111 16 772 73 55 14
videos.hw01/03_frame/468.jpg 2 642 1980 820 590 76 199 133 2400 638 921 35 794 43 25 58
videos.hw01/03_frame/469.jpg 52 134 8624 2020 170 52 118 127 1806 133 126 6 1362 1231 176 42
videos.hw01/03_frame/470.jpg 74 403 196 959 458 1168 221 185 690 426 608 158 173 5806 577 14
videos.hw01/03_frame/471.jpg 74 180 82 535 434 4682 5067 219 36 748 761 1529 140 230 92 18
videos.hw01/03_frame/472.jpg 56 5349 25139 134 10 480 264 151 14 134 541 49 874 22 54 6
videos.hw01/03_frame/473.jpg 0 1848 4766 351 46 226 655 79 44 708 333 232 474 18 382 62
videos.hw01/03_frame/474.jpg 34 24 494 20 242 138 1352 18 472 1120 411 137 98 132 76 122
videos.hw01/03_frame/475.jpg 68 513 6653 300 10 462 1105 205 66 360 2167 240 154 7 0 14
videos.hw01/03_frame/476.jpg 28 83 349 83 314 2 94 171 546 531 351 26 128 159 176 34
videos.hw01/03_frame/477.jpg 112 1059 1227 344 1366 1504 525 927 128 1003 868 465 62 707 516 18
videos.hw01/03_frame/478.jpg 5440 163 2168 23 270 22 3291 292 16 434 112 36 624 103 202 74
videos.hw01/03_frame/479.jpg 0 16 3703 16 650 22 2086 475 16 502 68 11 14 27 728 0
videos.hw01/03_frame/480.jpg 226 1259 537 289 642 48 435 18 208 615 106 66 2037 283 418 254
videos.hw01/03_frame/481.jpg 2496 1691 86210 2558 14214 46172 62386 3247 9984 2809 12336 5142 8911 27246 6076 5078
videos.hw01/03_frame/482.jpg 1038 80 32 133 140 4 227 27 0 117 43 9 190 5416 100 18
videos.hw01/03_frame/483.jpg 72 485 14 2 26 8 527 56 392 90 235 61 1513 9 266 0
videos.hw01/03_frame/484.jpg 52 627 251 0 100 6 0 4 0 191 9 44 1682 201 2 0
videos.hw01/03_frame/485.jpg 0 118 164 6214 722 8 520 98 146 72 6 5 2 1 314 0
videos.hw01/03_frame/486.jpg 0 187 1239 31 0 8 466 25 0 176 25 15 2 1 0 0
videos.hw01/03_frame/487.jpg 52 93 8 2000 482 8 168 199 50 0 96 24 968 297 18 2
videos.hw01/03_frame/488.jpg 0 2 344 0 162 0 722 2 0 2 34 6 0 98 0 0
videos.hw01/03_frame/489.jpg 14 44 38 110 98 8 128 12 0 48 119 18 2 1 48 2
videos.hw01/03_frame/490.jpg 312 55 1343 18 6 6 8 207 0 500 71 29 18 0 20 200
videos.hw01/03_frame/491.jpg 114 136 344 20 58 18 32 14 0 650 52 0 146 0 8 0
videos.hw01/03_frame/492.jpg 0 0 0 2 0 0 0 0 0 0 0 0 0 0 0 0
videos.hw01/03_frame/493.jpg 82 1788 8973 2080 2340 58 2731 903 1363 685 2678 1686 9389 6935 2918 1104
