videos.hw01/03_frame/1.jpg 0 0 0 0 0 0 0 0 0 0 0 0 0 0 0 0
videos.hw01/03_frame/2.jpg 103348 13442 4644 2 3448 8162 13304 14450 6050 1598 34426 172 49928 1568 34802 3808
videos.hw01/03_frame/3.jpg 7648 33604 4822 2178 14610 8920 38798 23334 18050 91372 6274 103146 128 43218 2406 552
videos.hw01/03_frame/4.jpg 128452 9220 2248 392 220510 8706 36690 19620 162 9252 29914 75412 24200 12168 9268 686
videos.hw01/03_frame/5.jpg 14070 23976 8970 44402 21606 4826 10484 7082 6272 123130 42714 8568 6498 13778 56338 152
videos.hw01/03_frame/6.jpg 45280 13420 3014 22898 79894 30016 8984 49298 50 22730 18624 134 7688 95922 10826 6036
videos.hw01/03_frame/7.jpg 3498 16508 15586 11858 8854 19556 13516 10088 5000 73848 13408 65748 162 8 8984 16334
videos.hw01/03_frame/8.jpg 13252 29940 6358 50 49820 45364 41052 17304 6962 3010 18154 20246 7938 338 3462 6968
videos.hw01/03_frame/9.jpg 8162 29514 6512 0 50570 20094 20306 1922 18 7866 23156 19840 162 242 686 98
videos.hw01/03_frame/10.jpg 16904 41814 5596 200 31764 12542 9834 17862 98 6472 3614 180644 0 450 8984 32
videos.hw01/03_frame/11.jpg 18330 10292 4308 0 17592 16582 10940 20206 2592 49326 22424 158518 882 8 11858 0
videos.hw01/03_frame/12.jpg 2950 7808 3264 0 18180 23234 16806 4902 0 1378 4376 1088 1352 98 0 42
videos.hw01/03_frame/13.jpg 5960 11674 27488 0 4406 28132 28928 222 0 2174 53242 12912 0 2592 654 422
videos.hw01/03_frame/14.jpg 2600 410 902 32 66 10130 1386 20808 0 2346 4516 15162 10658 31250 36128 30014
videos.hw01/03_frame/15.jpg 4802 280 3206 0 29288 882 2288 2312 8 6994 7468 920 3362 8 8754 2328
videos.hw01/03_frame/16.jpg 4912 9402 33360 0 7786 7886 18528 121032 2312 642166 21098 48208 19208 557568 31038 896
videos.hw01/03_frame/17.jpg 18552 3718 3926 800 2716 3236 3358 2450 722 7566 904 8 3528 36992 15666 1638
videos.hw01/03_frame/18.jpg 770 480 290 800 112 1182 2566 8192 1800 938 1304 27148 2048 12800 4634 25538
videos.hw01/03_frame/19.jpg 1960 8742 720 0 376 2146 13228 32768 0 100 10274 5036 0 98 1928 1026
videos.hw01/03_frame/20.jpg 670 1748 3186 32 4184 1986 4554 4608 288 71870 3116 390 128 81608 28392 47418
videos.hw01/03_frame/21.jpg 3790 666 3296 32 1458 50 48 30258 648 60554 6808 32 8 45000 14478 978
videos.hw01/03_frame/22.jpg 16076 78 3380 0 770 300 1590 8 512 122 2080 38366 2312 44402 15854 7226
videos.hw01/03_frame/23.jpg 115762 18360 442 0 2582 3522 1914 20000 2 908 30810 3398 968 25088 31176 4154
videos.hw01/03_frame/24.jpg 12 2028 14 0 1258 446 322 8978 0 178234 1222 812 18 72 39762 968
videos.hw01/03_frame/25.jpg 29594 24472 810 0 6 3734 8764 3528 0 902 12774 21932 2312 242 338 4014
videos.hw01/03_frame/26.jpg 83504 66 0 0 2456 9652 1532 288 0 1066 2730 730 0 0 1250 72
videos.hw01/03_frame/27.jpg 252 712 122 0 52 3270 612 200 0 60 100 1922 0 1250 968 72
videos.hw01/03_frame/28.jpg 2214 2696 120 0 104 6446 1664 37538 0 190 672 31270 0 0 0 314
videos.hw01/03_frame/29.jpg 306 40 192 0 1060 418 270 32 0 648 2478 92 0 0 338 18
videos.hw01/03_frame/30.jpg 1986 1502 142 0 486 4838 658 128 0 32 1352 800 6728 392 26450 1152
videos.hw01/03_frame/31.jpg 1600 14804 1098 0 3508 3452 1904 134 1922 70688 366 39496 75272 12168 13598 14874
videos.hw01/03_frame/32.jpg 1708 80 40 0 288 414 4030 450 242 32 25218 100 72 55778 134 1478
videos.hw01/03_frame/33.jpg 1484 2902 5132 0 168 11444 10176 1358 200 2484 5616 1196 2178 95048 7862 7736
videos.hw01/03_frame/34.jpg 8712 5002 140 0 46 168 50 2 1250 3484 388 618 4418 3698 1352 1742
videos.hw01/03_frame/35.jpg 860 13520 1284 0 532 6336 15906 882 0 6934 3438 20 0 128 3626 0
videos.hw01/03_frame/36.jpg 958 60 26 0 126 962 322 24866 0 164 552 4524 3200 1458 392 3848
videos.hw01/03_frame/37.jpg 54 4974 2 0 134 940 3160 3042 0 32 166 20000 800 6050 13298 1032
videos.hw01/03_frame/38.jpg 8866 270 5422 0 21240 842 2018 578 0 22 420 28324 722 57800 8 2888
videos.hw01/03_frame/39.jpg 11986 3192 96 0 15924 4024 3658 222 0 46 814 86 288 0 200 338
videos.hw01/03_frame/40.jpg 874 1894 234 0 3534 29132 30436 2184 50 3988 438 72248 0 0 1058 4802
videos.hw01/03_frame/41.jpg 1730 4 0 0 136 1068 5294 6846 50 8 248 64 242 1800 0 0
videos.hw01/03_frame/42.jpg 114 50 338 1250 38 1660 3574 38 0 1586 482 4518 128 15138 32 968
videos.hw01/03_frame/43.jpg 17086 1864 188 0 3282 16654 9128 15666 8 26656 316 7568 0 15488 0 200
videos.hw01/03_frame/44.jpg 78 16 0 0 1194 1682 2978 1682 0 1562 928 512 288 0 1896 0
videos.hw01/03_frame/45.jpg 266 8 14 200 3748 1122 1414 50 32 0 4118 200 0 0 0 50
videos.hw01/03_frame/46.jpg 32976 6658 788 0 1474 1890 3274 3042 32 732 802 30028 648 25992 35658 6962
videos.hw01/03_frame/47.jpg 72 684 242 0 1952 6506 2250 14 0 4058 36414 852 8 0 11778 0
videos.hw01/03_frame/48.jpg 842 2832 392 0 44 5500 510 0 32 1088 8658 50 0 200 0 0
videos.hw01/03_frame/49.jpg 32298 440 1158 0 5758 4054 24278 26222 8 4708 23528 40624 0 50 26450 392
videos.hw01/03_frame/50.jpg 5042 25676 5676 0 5558 1192 22818 86 72 1386 74806 113796 200 81608 15146 38850
videos.hw01/03_frame/51.jpg 21926 4644 30328 200 1674 474 12470 13122 72 652 45334 2888 4232 11858 38304 15974
videos.hw01/03_frame/52.jpg 1510 12332 8 50 6366 31414 31970 10806 18 54346 15598 268212 18 23328 7058 162
videos.hw01/03_frame/53.jpg 4940 618 54 0 262 118 40 2 0 598 1986 578 98 5618 1058 162
videos.hw01/03_frame/54.jpg 1306 46 482 0 8452 3310 626 9248 8 5976 1002 824 800 21632 33314 26258
videos.hw01/03_frame/55.jpg 5356 2318 1998 0 10660 11946 5558 13614 2178 1098 9734 39806 0 1352 27848 938
videos.hw01/03_frame/56.jpg 968 1072 64 0 6720 1422 592 338 2 980 2300 12170 50 5618 2888 5000
videos.hw01/03_frame/57.jpg 9958 9912 0 0 1756 118 1892 146 162 1412 1488 366 0 2 162 2048
videos.hw01/03_frame/58.jpg 54 30 0 0 2116 716 1926 6 0 1016 1340 1062 8 0 0 2738
videos.hw01/03_frame/59.jpg 101464 4314 0 0 226 1086 6484 974 8 2164 59804 1400 1352 200 962 582
videos.hw01/03_frame/60.jpg 8 434 64 0 1884 320 182 3698 146 6628 33308 2970 0 1352 968 0
videos.hw01/03_frame/61.jpg 42192 141040 15682 0 97780 14184 53746 2318 2998 9730 31880 93344 722 135200 3368 151038
videos.hw01/03_frame/62.jpg 6956 6448 0 0 10 1338 1210 648 0 3806 1384 18826 128 16200 72 398
videos.hw01/03_frame/63.jpg 968 0 0 0 5812 54 0 18 360 3202 5408 200 288 0 1152 18
videos.hw01/03_frame/64.jpg 4384 1824 68 0 30 2132 298 1256 2 2528 23078 2242 0 0 0 1698
videos.hw01/03_frame/65.jpg 854 0 0 0 0 0 0 18 0 122 424 3200 0 18 18 242
videos.hw01/03_frame/66.jpg 512 2592 66 0 14 274 3268 98 0 936 1108 19014 392 882 0 162
videos.hw01/03_frame/67.jpg 0 2592 0 0 4050 44 578 1922 0 40 424 386 0 0 72 338
videos.hw01/03_frame/68.jpg 20 6370 0 0 86 34 774 12800 0 0 684 9398 0 20808 578 0
videos.hw01/03_frame/69.jpg 0 0 0 0 0 168 106 5832 0 30258 86 3872 0 8 0 0
videos.hw01/03_frame/70.jpg 0 10398 0 0 1006 38 134 392 0 450 238 19038 8 338 512 50
videos.hw01/03_frame/71.jpg 10 314 3064 0 152 312 1428 722 0 1604 1258 200 98 392 0 122
videos.hw01/03_frame/72.jpg 20 26 0 0 2704 38 20 0 50 1568 1836 18432 0 5832 4608 162
videos.hw01/03_frame/73.jpg 34 31680 2752 0 5720 33054 35494 25442 914 27366 3606 20 2738 45602 32 3362
videos.hw01/03_frame/74.jpg 0 126 1798 0 5148 1298 9834 10806 98 86 938 10968 0 0 32 0
videos.hw01/03_frame/75.jpg 0 1176 0 0 46 822 11958 132 0 3528 5972 50 162 8 0 0
videos.hw01/03_frame/76.jpg 1940 13964 1398 0 12618 108436 25102 4642 6272 2776 344 89466 146882 9248 7214 8718
videos.hw01/03_frame/77.jpg 2840 2988 1850 0 908 1904 4494 3326 0 1928 1068 292634 2178 968 338 0
videos.hw01/03_frame/78.jpg 1034 926 4532 0 2 1364 1202 58 512 1800 562 24200 14450 72 3698 450
videos.hw01/03_frame/79.jpg 574 17034 866 0 3208 31178 19192 10228 2 30230 19870 3066 162 722 29474 11250
videos.hw01/03_frame/80.jpg 1114 1278 1744 0 726 2790 12522 4546 1250 22132 30862 113774 10368 26450 20472 4802
videos.hw01/03_frame/81.jpg 18638 1180 8748 2 2774 66 2700 84 32 450 1548 34586 8978 2886 3906 72
videos.hw01/03_frame/82.jpg 864 15280 594 0 28456 1852 6118 478 2 34 22298 8712 32 0 1682 2
videos.hw01/03_frame/83.jpg 2464 38688 46052 2 7388 51548 145954 3276 450 3862 196676 29006 0 392 17294 512
videos.hw01/03_frame/84.jpg 15974 5750 6350 0 15882 854 3168 790 18 9800 85222 105800 72 9248 6986 654
videos.hw01/03_frame/85.jpg 80 96 3200 0 2310 81044 56004 126580 0 882 22138 1990 0 0 1568 3200
videos.hw01/03_frame/86.jpg 19092 4 0 0 50 1496 5660 3510 0 1058 3386 30760 648 7442 3914 200
videos.hw01/03_frame/87.jpg 1250 554 0 0 1696 432 1884 466 0 578 854 936 0 0 1800 0
videos.hw01/03_frame/88.jpg 18 286 32 0 3072 188904 66438 242060 0 1800 15832 132240 0 2312 0 0
videos.hw01/03_frame/89.jpg 636 14014 1310 0 338 3576 2256 2890 0 32 5668 38110 0 0 10286 224
videos.hw01/03_frame/90.jpg 4418 1568 2738 0 288 822 484 38 0 0 376 2060 288 0 128 0
videos.hw01/03_frame/91.jpg 14650 18754 446 162 147692 191608 92634 632588 32 33800 69254 146988 35378 8450 8222 31538
videos.hw01/03_frame/92.jpg 1990 256 3276 8 2526 4394 1690 316188 32 5618 1682 252078 882 5832 50 25326
videos.hw01/03_frame/93.jpg 8242 1742 98 98 15298 1010 434 5780 18 200978 45178 1376 1458 3872 0 18
videos.hw01/03_frame/94.jpg 2648 1032 2274 18 3894 512 680 19090 288 1682 6272 302 9522 288 2850 98
videos.hw01/03_frame/95.jpg 1822 976 58 0 62 127972 112504 8668 50 200 2408 114 0 0 4218 5618
videos.hw01/03_frame/96.jpg 0 18642 1518 0 0 274 3446 5286 0 3042 7808 16396 0 3042 0 18
videos.hw01/03_frame/97.jpg 99856 2572 1080 0 2002 69316 67202 277264 0 1250 69808 4304 2 32 326 0
videos.hw01/03_frame/98.jpg 15186 23200 220 2 2148 3230 1838 292 0 5832 30308 45354 2 800 338 18
videos.hw01/03_frame/99.jpg 30 128 8 0 96 930 7242 2920 8 10082 24212 35912 2592 1682 864 2666
videos.hw01/03_frame/100.jpg 74 9276 6056 388178 1486 83218 116834 182110 0 50 48030 16984 288 0 2738 72
videos.hw01/03_frame/101.jpg 32 0 134 86 326 310 1010 1350 0 8 4802 32 0 0 0 98
videos.hw01/03_frame/102.jpg 31622 13546 23918 72 2854 872 446 2766 0 42632 0 0 2048 8 0 578
videos.hw01/03_frame/103.jpg 8708446 9146762 19226264 25426400 15053144 27919344 13670108 12593820 32323338 24332044 19546860 22007554 23187706 22531472 20658676 9973082
videos.hw01/03_frame/104.jpg 133286 2043894 357020 364114 67274 60552 237524 488498 1219618 570252 563308 37920 12201072 4754296 301300 271622
videos.hw01/03_frame/105.jpg 43448 56904 25752 12364 93984 72 24302 10544 36790 10500 15098 10526 17104 14880 22710 21626
videos.hw01/03_frame/106.jpg 19298 8424 123226 175532 3272 128 727618 23544 5432 32894 5372 481464 9806 12426 24670 29930
videos.hw01/03_frame/107.jpg 159538 412456 481286 289032 82102 60924 7206 356568 5969510 8384322 487690 196074 6259304 1435130 10804490 1366950
videos.hw01/03_frame/108.jpg 94674 9698 3314 3616 13184 1348 836318 30948 3066 265922 37108 748 5488 10894 15738 844
videos.hw01/03_frame/109.jpg 189574 375528 513650 440410 11640 2092946 1367512 78834 5898602 600874 9229708 3868210 549374 1594854 12263332 8338068
videos.hw01/03_frame/110.jpg 4988 108 31352 16984 7754 9092 4788 1036 24414 2906 8118 2204 5586 302 25270 6714
videos.hw01/03_frame/111.jpg 8222 5966 68940 16174 4572 6934 32092 13344 9768 1356 46856 10292 4796 3146 52742 16860
videos.hw01/03_frame/112.jpg 113414 431666 1423774 882702 432314 1562768 1232792 531190 410028 2743636 3518114 5302594 4874850 1246788 1481756 4960200
videos.hw01/03_frame/113.jpg 65724 67544 139972 15584 378 1612 34324 3248 4196 884 50858 690968 9082 8954 4622 5070
videos.hw01/03_frame/114.jpg 9720 178 11876 2234 920 11902 13652 54340 39062 6326 32194 40416 2080 26674 52044 1742
videos.hw01/03_frame/115.jpg 196076 323648 992444 199704 113030 54150 683524 216366 414118 1229252 900982 230006 864974 2084584 941472 987890
videos.hw01/03_frame/116.jpg 4092 17324 79276 19666 27428 13974 636 7298 1044 7182 910 18392 62 744 7280 8488
videos.hw01/03_frame/117.jpg 8 22492 9620 3410 2194 2732 12016 1986 2218 2006 25594 4058 3302 4416 20550 7046
videos.hw01/03_frame/118.jpg 201120 132516 44356 84726 32604 68546 172092 432920 85106 192546 195228 196378 164092 497372 271244 226892
videos.hw01/03_frame/119.jpg 15414314 17029190 18174506 10257562 13465720 9395442 20305282 7341686 9357968 20099722 19005174 12090538 16270420 14275498 6197314 5876818
videos.hw01/03_frame/120.jpg 770642 6107574 2552754 15675066 5957866 14295672 9546642 2774584 4566550 14444680 4712948 3678424 1684358 1152694 3782148 17761526
videos.hw01/03_frame/121.jpg 101070 14734 52140 10892 22208 5000 6984 14060 105210 12616 40514 13452 5594 73246 76614 5190
videos.hw01/03_frame/122.jpg 636122 1346432 557586 1473998 116824 6539782 4286520 926796 243886 10774912 3023350 861564 236832 114060 1290516 1625378
videos.hw01/03_frame/123.jpg 3838 6840 28920 10796 3240 196 5702 1428 13662 1764 2922 7414 59618 8704 14262 1012
videos.hw01/03_frame/124.jpg 4822 2458 5104 20114 48170 11038 1074 1238 20918 5126 4156 12138 9540 46280 660 692
videos.hw01/03_frame/125.jpg 561970 702336 918070 2669170 3795412 3482856 2505288 2271384 3231140 2439676 1020218 3173926 92190 78314 3116352 4994400
videos.hw01/03_frame/126.jpg 65354 345788 6762 57298 10810 1108 336 65862 29922 2690 434 40790 29232 14008 3828 4022
videos.hw01/03_frame/127.jpg 46696 14564 27302 14174 354 2308 916 56164 3038 2388 676 6704 51460 4792 2530 1400
videos.hw01/03_frame/128.jpg 108688 90086 400508 158736 357912 40436 16934 22410 105680 23746 3366 100470 109794 14508 842386 534786
videos.hw01/03_frame/129.jpg 21644 362062 75490 23796 4932 18990 12060 20330 2842 5514 16128 9446 186782 3620 8650 57106
videos.hw01/03_frame/130.jpg 52414 441096 2784276 541012 2108 834 422 36290 10128 1028 3440 13820 1475560 2665744 905704 40566
videos.hw01/03_frame/131.jpg 237610 1649340 355482 628546 333164 58190 9248 31396 294374 36536 28392 39200 2921868 4524294 3441484 465366
videos.hw01/03_frame/132.jpg 65536 147100 1034484 61554 598 1920 5492 5364 3416 1006 132 2556 109174 556818 631882 72680
videos.hw01/03_frame/133.jpg 370422 2501300 3338364 96716 92 4900 12482 14380 1364 1040 3772 4958 3321546 9032008 4366402 303846
videos.hw01/03_frame/134.jpg 30558 42546 58252 106798 2704 7406 11402 3440 6684 3132 3332 1452 252110 886170 24380 44362
videos.hw01/03_frame/135.jpg 512084 139068 180754 142384 254050 36910 7582 50556 115946 14362 6614 122974 503586 2399052 1328792 61120
videos.hw01/03_frame/136.jpg 12834 224062 1340250 286512 2768 7844 1724 1904 15362 1898 1382 9136 528454 540474 184340 37226
videos.hw01/03_frame/137.jpg 35542 168958 173440 353346 62404 36202 1072 57004 47116 8262 4218 24846 222928 2411348 918312 86384
videos.hw01/03_frame/138.jpg 24120 159546 839846 158870 69992 31628 1640 34012 16446 76226 6786 11020 44880 111708 102154 168602
videos.hw01/03_frame/139.jpg 251904 110700 81128 63680 14 812 146 69132 3140 44 338 584 203866 16006 122778 49982
videos.hw01/03_frame/140.jpg 17084 1063358 621224 35814 3086 3176 1708 2608 248 3030 694 3936 225398 3740990 25682 8952
videos.hw01/03_frame/141.jpg 126182 248364 84090 238190 78 23418 2504 59550 478 4394 670 4506 157536 113466 823338 20244
videos.hw01/03_frame/142.jpg 14388856 6005072 8138396 5481834 6240740 10409340 22444784 14502868 9484016 14050506 29927892 6342522 6376532 7454558 7772136 8047300
videos.hw01/03_frame/143.jpg 238154 57726 32958 44872 634288 136812 11286 566 42978 25794 290 47786 748996 1714206 320454 2106
videos.hw01/03_frame/144.jpg 505366 1245314 607918 2256258 3563452 567142 492228 2470716 646142 2364648 727094 1039742 623206 610878 955492 4842910
videos.hw01/03_frame/145.jpg 252414 23726 83510 296078 269022 11266 3776 9954 105054 19518 9606 75166 384660 223968 198126 661204
videos.hw01/03_frame/146.jpg 244274 576162 681200 392844 584080 509586 506200 1433204 304522 370822 228998 420960 1178396 244408 732364 1336172
videos.hw01/03_frame/147.jpg 336972 132126 85234 491728 309092 59348 20948 1818 187226 65462 9866 708466 373094 1014854 37030 603432
videos.hw01/03_frame/148.jpg 50722 453766 645202 302836 916860 231544 108284 404214 376240 81976 118808 488572 269410 482866 3236156 354282
videos.hw01/03_frame/149.jpg 57168 138312 358482 314210 108272 6818 7604 7940 84328 14206 27444 96102 157854 676866 758734 885660
videos.hw01/03_frame/150.jpg 783948 124420 126506 251378 1932718 155036 94280 518800 542858 47372 206482 590932 142396 497780 39266 631442
videos.hw01/03_frame/151.jpg 327254 633296 108270 99782 489116 101120 120300 112658 187288 7328 82608 791472 539074 826498 667958 157322
videos.hw01/03_frame/152.jpg 66222 104694 172586 119460 840040 87858 34692 38546 234932 75936 27056 78474 259832 370000 371574 218788
videos.hw01/03_frame/153.jpg 1257176 1122180 588508 495590 1971572 8224390 11783878 6976660 656300 2788454 2533120 1823166 669562 642514 1852618 554210
videos.hw01/03_frame/154.jpg 600036 968394 448428 72036 152840 222030 113336 733158 254130 2133444 400066 54532 476856 429028 469896 343766
videos.hw01/03_frame/155.jpg 799702 532648 766890 1605650 1433858 1051510 363534 1146250 2008600 876350 423464 689876 1983134 1525758 2312924 3327038
videos.hw01/03_frame/156.jpg 304658 178142 299768 388314 250608 201896 186618 214068 475614 663274 86378 143232 390130 292006 18958 13132
videos.hw01/03_frame/157.jpg 419398 232652 213394 1200350 1366710 592956 152966 341950 98998 701092 144808 71120 897340 479750 504278 293656
videos.hw01/03_frame/158.jpg 940002 294436 482940 392132 32644 75330 51696 356948 120514 1948 15016 121290 4910 39060 311864 360258
videos.hw01/03_frame/159.jpg 806048 3148310 508152 747776 1106646 2431036 652994 1507678 3427796 1947764 2863648 220670 2590740 2077792 9182154 1742380
videos.hw01/03_frame/160.jpg 926844 8536524 5063984 612662 1137944 1474854 2164986 1502676 4414520 802358 2395662 3478558 4407158 2012586 7763880 1206158
videos.hw01/03_frame/161.jpg 4264552 1580724 3656022 5719894 2325952 12520784 19059888 9647594 205168 5940014 9469858 23089244 401998 1054012 783176 9273262
videos.hw01/03_frame/162.jpg 2610 5102 508086 93854 260590 74756 342 414350 2792 3484 1678 99906 11832 12440 14406 6322
videos.hw01/03_frame/163.jpg 9017900 21054784 16033162 6416230 8384230 14127054 21616056 7065424 7302694 4799716 10692628 9222168 20838768 23093768 21661398 11879394
videos.hw01/03_frame/164.jpg 33632 23272 4702 4314 14660 47186 9302 19900 412278 260604 33930 10316 2558 2262 6420 29044
videos.hw01/03_frame/165.jpg 832284 3576414 1663218 6269768 476760 1941276 1220052 1106292 1770706 2199062 909142 305026 1512554 1655110 56962 282742
videos.hw01/03_frame/166.jpg 91892 319784 143782 845856 530096 644508 522168 496294 521486 408744 310898 180580 268004 95806 3844 49216
videos.hw01/03_frame/167.jpg 16970 5908 9480 904 265604 16086 12974 46138 9662 15850 5650 4990 5054 13550 434 2342
videos.hw01/03_frame/168.jpg 5202 5992 92478 14048918 2450 1330 876 2432892 62074 7304 830 132146 3964 3882 504 24
videos.hw01/03_frame/169.jpg 846512 1284518 218652 54496 2766048 1947046 3498186 223346 2376682 2796312 1202578 163406 166840 380870 397296 6696120
videos.hw01/03_frame/170.jpg 25784 327522 6988600 80710 9944454 6245084 523840 2099768 18651742 9820604 4297364 326350 9674276 8134598 346396 314246
videos.hw01/03_frame/171.jpg 153086 71734 720 326 108978 4048 194422 281604 8412 3760 69278 161220 5274 24854 176512 577156
videos.hw01/03_frame/172.jpg 14488548 17020460 581458 14912886 6753162 4568008 978298 21654 17368896 8019790 3616706 75994 10757144 7753896 96750 71502
videos.hw01/03_frame/173.jpg 4796 7104 28670 15920 91760 464718 15384 9726 163924 355176 110042 18664 96728 72018 8568 21982
videos.hw01/03_frame/174.jpg 12430450 18523232 7354740 598254 13131490 85036 7678 29676 909726 190998 2608 26364 329208 289058 131214 564706
videos.hw01/03_frame/175.jpg 2157518 52652 16594 98164 207708 599338 13838 38910 529198 253332 55316 109050 48800 104642 14510 403642
videos.hw01/03_frame/176.jpg 543882 68990 51692 5118 54744 550522 30616 1646 33418 191454 40166 24796 129482 34654 7650 30284
videos.hw01/03_frame/177.jpg 311322 181436 19044 15692 102482 88930 84912 1012 291270 152344 4266 4228 38706 192828 17014 30358
videos.hw01/03_frame/178.jpg 619416 76702 77228 28022 90346 699798 10798 9718 313580 271862 9312 8052 31010 97124 33152 870
videos.hw01/03_frame/179.jpg 538628 69656 52476 13398 122008 579448 11068 6732 110622 226044 14020 9824 63908 56372 11778 2618
videos.hw01/03_frame/180.jpg 644 3676 3172 664 35302 3410 310 2376 20700 1202 1208 1450 638 600 2284 26316
videos.hw01/03_frame/181.jpg 461358 241090 9868 5586 631018 71590 2548 11800 86200 164554 54552 31996 5448 239208 8984 5850
videos.hw01/03_frame/182.jpg 2 980 110 2068 5196 620 2518 2908 17564 9240 1832 10508 1120 1130 4372 2060
videos.hw01/03_frame/183.jpg 245400 165734 14370 129200 209370 68648 308904 18542 841834 332650 13560 23568 37632 86394 16640 157948
videos.hw01/03_frame/184.jpg 3442 7510 1130 8564 126622 7468 1966 3966 21314 12476 10754 13586 16732 3116 7698 2360
videos.hw01/03_frame/185.jpg 7572 2738 1214 3590 9754 3420 1918 5758 134 9542 24592 7224 3478 4896 8024 12006
videos.hw01/03_frame/186.jpg 3492 6766 1356 3274 4228 764 14476 28026 928 7874 7522 1408 512 3102 1978 58
videos.hw01/03_frame/187.jpg 245560 146018 21986 67472 71914 57326 16474 29036 18464 267040 45222 25972 12356 29744 62390 170314
videos.hw01/03_frame/188.jpg 285708 181458 22372 4396 312808 2289358 45374 19562 938548 4282656 1870 3380 32842 173198 1336 11774
videos.hw01/03_frame/189.jpg 23052 22946 38 5218 601018 2984 78 3144 1153754 19608 646 6088 15006 4174 150 33752
videos.hw01/03_frame/190.jpg 3948 10370 636 2986 359166 6430 1476 562 199712 3834 83622 7418 2220 222 130 1972
videos.hw01/03_frame/191.jpg 79120 59306 11742 27024 8050 514346 6480 13296 223246 823470 10786 21306 61118 44464 22614 12424
videos.hw01/03_frame/192.jpg 39118 98468 2888 2000 321104 123094 6274 11266 1934606 207300 19312 47150 7688 39334 14544 2434
videos.hw01/03_frame/193.jpg 86 618 74 276 6 1548 144 268 254898 470 2590 4084 56 212 338 860
videos.hw01/03_frame/194.jpg 756 1144 2544 15778 54554 1538 2582 808 14162 67850 41704 3256 7572 2610 3966 6372
videos.hw01/03_frame/195.jpg 461000 431608 148020 3945016 879398 1283218 1703724 3045932 2445444 3162096 1014366 424618 521006 158888 122206 1468332
videos.hw01/03_frame/196.jpg 523852 181580 3388 1257946 335202 594282 271526 369236 1929192 687748 138426 249046 80208 64888 112156 678728
videos.hw01/03_frame/197.jpg 51112 11896 16784 168 948 10438 7192 12150 13534 532 6300 20448 4448 4686 652 1602
videos.hw01/03_frame/198.jpg 18856 1088 58 232 7224 2178 2222 24232 33354 5092 3274 8490 8638 1350 932 2238
videos.hw01/03_frame/199.jpg 365110 107566 2592 416468 1332432 1313736 343578 185878 1324942 961506 264012 258816 101774 61016 28486 449164
videos.hw01/03_frame/200.jpg 1168 9436 4270 0 11922 4778 11612 19804 8598 12034 31690 22294 2912 6304 3388 458
videos.hw01/03_frame/201.jpg 84160 94764 39522 21882 138810 1787668 88862 100774 190116 3181718 63186 127468 84362 29050 9758 9570
videos.hw01/03_frame/202.jpg 112878 235238 49946 10996 67494 16724 36330 41722 54206 27304 143958 59218 107994 6172 41352 95112
videos.hw01/03_frame/203.jpg 50656 54806 224 15394 191326 2497790 62444 217688 436356 5039954 173328 98838 13856 34958 82436 28908
videos.hw01/03_frame/204.jpg 896 7780 28926 1498 20116 7062 3570 5440 1282 31572 6922 18664 1756 578 370 3796
videos.hw01/03_frame/205.jpg 15738 109086 2 37552 81958 204870 130800 356338 75840 162422 576168 199626 57728 21014 93636 248488
videos.hw01/03_frame/206.jpg 1336 0 0 1660 8338 6006 4860 5300 7046 20492 22132 3982 3232 3134 7096 36638
videos.hw01/03_frame/207.jpg 17864 16974 172 6052 4574 14612 7026 9756 113144 55822 14638 63500 7730 13338 1810 12614
videos.hw01/03_frame/208.jpg 72506 29508 3770 216640 96498 113016 200214 766798 348742 252696 133640 261548 45032 42950 29578 107310
videos.hw01/03_frame/209.jpg 18283538 6348546 7469458 16585094 8095096 2963228 6466994 1153606 19870268 8437384 4580870 2070270 3487740 11429404 10790836 9331812
videos.hw01/03_frame/210.jpg 256 1270 3924 4288 12436 1080 2634 22020 2844 51830 17340 5606 648 14766 56058 7526
videos.hw01/03_frame/211.jpg 186394 5844 20620 24418 156342 9974 19088 13682 450328 9968 22490 26882 6822 30692 44026 37112
videos.hw01/03_frame/212.jpg 45268 180884 317258 7052 686452 52506 27630 16650 26012 16454 43486 17618 87970 11592 26232 9010
videos.hw01/03_frame/213.jpg 106108 196366 402758 15584 144636 55706 54742 9396 68492 19674 27728 2072 3554 10718 28232 1076
videos.hw01/03_frame/214.jpg 66 1988 6594 3604 3398 3762 2932 3762 151836 2466 2426 4286 2478 6684 1048 10880
videos.hw01/03_frame/215.jpg 2594 131724 213934 75046 153484 125506 65104 53156 5672 22378 26512 3766 2150 5240 24754 15000
videos.hw01/03_frame/216.jpg 44730 1634 4584 3468 5060 8180 2144 3886 1008 2454 5556 5878 580 6392 3308 7072
videos.hw01/03_frame/217.jpg 182 300 3062 4524 1658 4924 728 6736 1088 8524 4630 4928 976 6966 3164 3390
videos.hw01/03_frame/218.jpg 12062 80 1596 1034 1270 7376 336 2420 43238 368 1214 2616 64 4878 1386 5780
videos.hw01/03_frame/219.jpg 6436 730 4242 98 1332 990 6318 1886 12696 816 2284 2134 518 5948 7048 1524
videos.hw01/03_frame/220.jpg 112 1362 1206 3400 5316 1970 2302 4534 9308 2438 9730 2384 802 8218 2032 2422
videos.hw01/03_frame/221.jpg 86 916 1016 11730 800 0 680 1552 39482 62 2644 4670 450 1102 112 1006
videos.hw01/03_frame/222.jpg 30 1504 2326 1344 4782 1614 1966 940 34480 7798 2552 214 914 1874 3608 462
videos.hw01/03_frame/223.jpg 376 1354 13086 1262 946 4444 20914 5754 622 2702 36132 5006 1148 2336 19600 10426
videos.hw01/03_frame/224.jpg 30274 201472 106020 15882 94458 42046 74044 11710 8680 9042 9932 3450 574 4484 2220 3472
videos.hw01/03_frame/225.jpg 138 224 2148 12596 644 11410 2396 6790 15108 532 3598 3174 42 1458 6566 11730
videos.hw01/03_frame/226.jpg 11694 2008 10870 19056 30120 2852 4458 8220 22486 1292 33406 17180 15174 6878 55990 68264
videos.hw01/03_frame/227.jpg 20 140 4338 7724 310 3314 766 170 152 110 2034 3626 2 362 136 5158
videos.hw01/03_frame/228.jpg 56224 11996 52598 17120 38602 28450 15454 14098 63040 5264 5628 9254 13736 9048 4384 7344
videos.hw01/03_frame/229.jpg 472 7724 3882 12656 4628 9708 1176 3846 3540 400 1226 7002 37418 3262 1638 8174
videos.hw01/03_frame/230.jpg 352 6058 3924 14254 9056 1792 5628 6286 2276 1700 1938 2700 14050 4176 2414 2590
videos.hw01/03_frame/231.jpg 2938 11918 72386 16668 27364 30112 68038 16124 66914 18732 30240 5206 1724 5916 2410 5590
videos.hw01/03_frame/232.jpg 112 1710 7624 1168 3230 6084 2006 1410 1110 1858 24084 2174 136 1658 2966 4812
videos.hw01/03_frame/233.jpg 4012 1658 5436 616 9198 1680 5694 608 14534 12644 2098 7354 1386 712 740 866
videos.hw01/03_frame/234.jpg 224 612 1492 288 2004 3688 3444 292 176 9296 20040 1158 16304 2674 6924 864
videos.hw01/03_frame/235.jpg 6926 1152 5906 6590 5546 10024 3666 8484 37186 3474 13424 7240 1652 5616 3506 10734
videos.hw01/03_frame/236.jpg 4264 548 4154 12646 19992 11070 978 748 3926 2172 1742 4254 1172 498 17848 5226
videos.hw01/03_frame/237.jpg 1176 116 4502 3728 1186 14198 3996 932 45170 3146 992 2762 16640 5322 2958 40686
videos.hw01/03_frame/238.jpg 1874 1604 592 1130 8162 4134 11374 4798 1782 5502 1652 3190 1718 6594 2746 108
videos.hw01/03_frame/239.jpg 0 12 524 1790 8868 3074 778 126 16954 0 316 94 12484 1206 370 218
videos.hw01/03_frame/240.jpg 116 116 5096 168 1082 7738 10314 6434 3514 1176 1802 610 3230 1138 648 1942
videos.hw01/03_frame/241.jpg 1240 1136 7812 8446 13084 9150 12022 23230 10042 2062 5222 4906 1028 1688 8674 17118
videos.hw01/03_frame/242.jpg 134 314 3206 3496 1108 654 1136 2858 11960 3176 472 9074 2696 1016 438 21400
videos.hw01/03_frame/243.jpg 240 146 2626 2598 1874 3670 392 1196 218 1012 340 352 5310 462 3094 50
videos.hw01/03_frame/244.jpg 778 262 2866 456 18 80 102 658 6776 168 830 246 3474 1030 3436 0
videos.hw01/03_frame/245.jpg 4 360 4478 506 9012 746 4912 5618 4774 4204 848 934 16860 1482 28464 652
videos.hw01/03_frame/246.jpg 268 628 2024 378 204 21376 500 800 3146 1250 1650 940 7404 658 70 48
videos.hw01/03_frame/247.jpg 1716 2390 2312 986 74 314 250 1402 584 124 118 1284 18 256 70 5190
videos.hw01/03_frame/248.jpg 92 664 1290 72 750 27238 910 562 244 5878 886 642 214 1082 3672 8680
videos.hw01/03_frame/249.jpg 6202 2324 10046 456 10116 12504 2412 982 1606 7020 864 82 17816 5914 1906 3824
videos.hw01/03_frame/250.jpg 480 776 406 324 2556 222 456 2680 1242 3908 2066 862 22922 2066 5680 2254
videos.hw01/03_frame/251.jpg 126 478 1104 1412 1436 1422 2592 1866 1592 2 0 12 19608 904 4 1386
videos.hw01/03_frame/252.jpg 78 1258 7086 978 3652 456 11738 972 122 492 410 120 26 13344 158 668
videos.hw01/03_frame/253.jpg 100 2336 3588 2350 8620 266 308 132 12646 96 4 326 2288 2098 14 10
videos.hw01/03_frame/254.jpg 3482 744 3330 120 724 5466 2736 468 4980 6722 494 3644 24696 6150 264 2780
videos.hw01/03_frame/255.jpg 58 192 668 12612 164 460 586 774 102 14 416 858 2178 164 4494 4572
videos.hw01/03_frame/256.jpg 2834 1344 2984 5838 6062 29356 1818 3050 42796 1052 3458 5650 876 2970 12128 5096
videos.hw01/03_frame/257.jpg 40 136 948 4 3556 2748 356 6524 2852 1642 584 2608 2088 534 250 182
videos.hw01/03_frame/258.jpg 80 180 472 726 48 0 98 330 9808 48 164 180 3528 24 2738 564
videos.hw01/03_frame/259.jpg 340 2954 2230 1266 1374 6748 3166 2634 7622 5592 2232 46 964 3512 568 23654
videos.hw01/03_frame/260.jpg 5014 80 1208 754 1084 6420 1100 232 14108 3976 2482 390 170 1496 106 180
videos.hw01/03_frame/261.jpg 656 42 4200 2368 706 450 1610 272 616 98 60 0 14506 4132 23586 8800
videos.hw01/03_frame/262.jpg 21148 16126 34976 157352 55246 32322 13742 21754 5380 19396 8968 97858 4874 23896 40248 77328
videos.hw01/03_frame/263.jpg 74 68 478 8576 1578 478 34 0 34 80 10712 0 0 570 32998 586
videos.hw01/03_frame/264.jpg 2 448 12 0 986 984 60 228 234 24 0 1350 1922 0 0 0
videos.hw01/03_frame/265.jpg 1066 1144 1112 0 464 1900 290 874 222 2 0 0 128 4442 2 0
videos.hw01/03_frame/266.jpg 216 516 28 2 820 354 7872 28818 4550 30474 87182 88110 0 1508 108360 54170
videos.hw01/03_frame/267.jpg 34 68 0 4334 148 1234 18402 28136 906 5270 1040318 117656 640 678 111920 64322
videos.hw01/03_frame/268.jpg 288 750 1726 534 2828 25028 10338 1406 10 108 6254 2724 178 2584 1000 14234
videos.hw01/03_frame/269.jpg 434 416 836 15268 616 68 5128 28372 756 47176 200806 56574 18 2232 7076 57232
videos.hw01/03_frame/270.jpg 32 4786 2034 6704 270 118 1004 2128 86 1060 11920 7158 0 68 630 1082
videos.hw01/03_frame/271.jpg 1078 16494 9148 29722 676 1040 8498 4046 3134 2054 34714 5254 1216 16070 9960 14116
videos.hw01/03_frame/272.jpg 672 174 1476 22376 500 3622 6888 29832 656 99638 202280 75320 800 1674 51092 195726
videos.hw01/03_frame/273.jpg 94 50 190 690 1010 164 922 2744 8390 46 2844 1906 0 2394 614 1492
videos.hw01/03_frame/274.jpg 48 116 1622 5782 1018 996 1938 29636 5832 25332 83972 65146 118 378 14174 28948
videos.hw01/03_frame/275.jpg 1214 240 3000 2792 1468 8378 8268 21138 688 9982 221632 61402 890 14580 7768 42696
videos.hw01/03_frame/276.jpg 96 2450 4334 2486 1102 4074 4518 6464 2092 9668 40058 1858 90 1416 3566 14558
videos.hw01/03_frame/277.jpg 148 476 4538 3184 82 1018 1910 5672 104 5018 856 4946 490 5240 2312 4678
videos.hw01/03_frame/278.jpg 502 274 294 1198 1382 11942 730 4288 2186 8570 23572 6538 2 330 466 1942
videos.hw01/03_frame/279.jpg 68 1582 6924 1556 762 10930 5894 2794 214 4794 22100 9352 56 3360 6868 2160
videos.hw01/03_frame/280.jpg 910 402 2242 144 8626 274 2308 862 74 6686 8142 6614 116 450 9120 2602
videos.hw01/03_frame/281.jpg 66 220 338 92 846 246 350 584 168 9910 2352 1696 192 1972 208 0
videos.hw01/03_frame/282.jpg 96 9800 840 19870 3172 2018 268 2892 1574 31408 646 6094 14 1648 1426 1042
videos.hw01/03_frame/283.jpg 1020 9554 86 2 1236 758 630 166 134 7024 470 3428 454 4410 168 308
videos.hw01/03_frame/284.jpg 376 1524 622 1196 2452 498 4068 3702 142 10548 17672 4008 174 14332 582 768
videos.hw01/03_frame/285.jpg 234 1772 1670 970 5496 21642 2874 6430 2698 652 928 13660 2 576 8464 6058
videos.hw01/03_frame/286.jpg 1356 34848 5912 5080 17022 14606 19130 2462 7934 22946 8228 11778 78 18300 3840 21390
videos.hw01/03_frame/287.jpg 350 20968 668 5240 2442 334 3832 8314 1418 2300 53902 16658 1856 21982 7654 1380
videos.hw01/03_frame/288.jpg 2 216 742 0 242 400 422 3558 266 78 2306 528 0 528 3244 346
videos.hw01/03_frame/289.jpg 182 422 236 46 15758 400 688 3956 4690 2140 84 640 82 654 1210 4542
videos.hw01/03_frame/290.jpg 78 134 1376 1464 684 350 234 1494 0 184 3112 1988 722 794 22 15086
videos.hw01/03_frame/291.jpg 16 2446 94 588 1054 3130 698 5632 58 430 2652 996 52 9196 656 1840
videos.hw01/03_frame/292.jpg 1364 222 476 2 17552 360 10 772 848 0 88 978 3450 176 1010 4556
videos.hw01/03_frame/293.jpg 36 278 2450 0 210 380 392 3954 1792 30 960 4034 234 1838 392 1530
videos.hw01/03_frame/294.jpg 10 18 58 1540 228 8114 288 1130 62 54 226 232 626 450 5644 9386
videos.hw01/03_frame/295.jpg 62 734 424 3394 66 1552 1042 474 254 1486 3326 554 10404 4890 1152 4350
videos.hw01/03_frame/296.jpg 286 588 10 1014 410 806 112 312 1258 3834 5546 490 2 172 2868 224
videos.hw01/03_frame/297.jpg 56 308 298 8 1518 194 2366 1570 624 338 1310 3236 188 1716 16294 9588
videos.hw01/03_frame/298.jpg 16 76 26 0 4 94 442 60 850 1780 18702 670 28574 4444 20 804
videos.hw01/03_frame/299.jpg 86 194 1026 382 846 360 3252 274 1704 118 6762 7266 78 988 4180 9284
videos.hw01/03_frame/300.jpg 62 710 30 384 232 174 82 1214 48 130 6582 824 648 1232 4116 316
videos.hw01/03_frame/301.jpg 72 422 4850 14242 7936 32952 3404 2142 7288 1380 126368 10170 2782 7046 5884 15476
videos.hw01/03_frame/302.jpg 720 1768 544 198 24056 110 2070 3690 116 58 4614 7218 38 13780 8472 2654
videos.hw01/03_frame/303.jpg 504 156 408 14 8306 164 1140 1948 13894 766 12670 4862 1682 288 4934 640
videos.hw01/03_frame/304.jpg 316 1112 432 0 724 104 1544 48 2382 584 13398 7876 0 6 2612 174
videos.hw01/03_frame/305.jpg 262 552 506 180 11324 4272 1888 746 26918 9686 19164 1826 746 6906 5370 728
videos.hw01/03_frame/306.jpg 0 0 6 2786 162 2350 48 454 72 60 164 7560 2 248 1422 422
videos.hw01/03_frame/307.jpg 30 118 398 0 110 596 1374 192 450 264 9480 2066 0 914 3456 2690
videos.hw01/03_frame/308.jpg 612 27382 2796 460 3750 438 5142 10634 66 66 2746 1132 208 4638 10118 86
videos.hw01/03_frame/309.jpg 4136 5142 770 12710 18554 26608 5610 9554 1152 628 4826 2144 188 2820 5750 7954
videos.hw01/03_frame/310.jpg 0 1332 414 5042 724 866 694 8200 2534 1826 22342 610 2 1090 2766 422
videos.hw01/03_frame/311.jpg 962 1310 1164 3636 446 2268 1750 4022 12 988 33124 6930 4522 9506 4936 1864
videos.hw01/03_frame/312.jpg 2 26 312 456 72 10610 416 3038 2 186 8352 2592 824 974 6562 0
videos.hw01/03_frame/313.jpg 194 1506 2848 15466 1978 2480 4202 10940 1494 1890 7108 20678 36 28388 932 560
videos.hw01/03_frame/314.jpg 2738 22 252 224 292 28 680 1814 0 130 4176 7140 6 574 48 804
videos.hw01/03_frame/315.jpg 78 688 200 550 1212 254 2370 1712 46 800 1754 1522 40 1784 218 2996
videos.hw01/03_frame/316.jpg 128 950 3560 11262 2654 2622 3252 6526 26118 1178 18002 9328 614 4706 560 4810
videos.hw01/03_frame/317.jpg 48 496 330 1048 818 12086 2408 7868 36 1500 8480 5548 2 2990 4892 18788
videos.hw01/03_frame/318.jpg 8 1012 5070 12 86 4594 490 368 244 634 3274 1422 72 272 4816 5724
videos.hw01/03_frame/319.jpg 204 264 266 558 836 716 1694 1758 1784 228 55946 3822 1460 1384 2598 2714
videos.hw01/03_frame/320.jpg 10 142 14 2 220 1050 556 226 100 242 160 436 20 148 6622 130
videos.hw01/03_frame/321.jpg 22 888 364 13126 64 130 4014 1364 0 492 8404 3996 8 458 1884 948
videos.hw01/03_frame/322.jpg 9652 7236 18230 16816 8290 9710 21644 8336 25214 46470 224344 24068 53436 8960 63346 36098
videos.hw01/03_frame/323.jpg 24 160 1016 2048 12206 400 244 330 210 1560 35240 10068 1184 602 462 19544
videos.hw01/03_frame/324.jpg 40 208 362 984 704 202 1708 568 7712 342 11620 2166 33064 2102 518 2264
videos.hw01/03_frame/325.jpg 176 274 3102 4784 92 144 422 276 92 0 2052 4262 25772 1710 156 348
videos.hw01/03_frame/326.jpg 8 92 218 878 0 0 304 334 654 140 5042 454 2 1262 12184 92
videos.hw01/03_frame/327.jpg 0 8 3440 3758 166 0 26 180 6 0 1722 402 0 0 456 44
videos.hw01/03_frame/328.jpg 112 30 20 948 104 1746 68 2120 154 1012 656 2060 2322 630 232 630
videos.hw01/03_frame/329.jpg 46 7612 150 988 370 1974 290 278 1378 74 21834 2296 2 944 7698 5552
videos.hw01/03_frame/330.jpg 0 482 5118 3752 232 10756 2180 360 144 106 42686 6930 1848 2764 5132 6572
videos.hw01/03_frame/331.jpg 320 44 436 13472 13424 12078 2936 5418 6308 1684 2868 11990 4252 738 526 19698
videos.hw01/03_frame/332.jpg 392 280 0 3552 26 100 6 68 20 0 0 36 2436 356 634 168
videos.hw01/03_frame/333.jpg 222 728 654 440 132 2612 550 1890 782 1906 3740 4344 61186 1196 854 190
videos.hw01/03_frame/334.jpg 270 252 580 0 544 1090 510 2 7660 144 2072 1816 52 1534 4658 3510
videos.hw01/03_frame/335.jpg 14 308 4 74 862 20128 388 0 8720 0 5448 1346 39746 1552 932 126
videos.hw01/03_frame/336.jpg 356 72 446 0 126 82 38 854 2372 162 746 1376 8614 316 1690 338
videos.hw01/03_frame/337.jpg 56 360 2658 6754 1074 226 1018 878 9114 684 600 2400 18 1196 4670 436
videos.hw01/03_frame/338.jpg 48 382 2808 7422 1376 1992 3706 3392 884 1470 8760 4290 0 12756 2552 2804
videos.hw01/03_frame/339.jpg 0 8 602 754 278 6010 38 220 2 0 34 1088 0 0 224 1696
videos.hw01/03_frame/340.jpg 120 882 1630 2058 382 25420 1266 1762 44 596 5350 2300 8 1920 2544 618
videos.hw01/03_frame/341.jpg 38 348 2778 1140 58 2842 3090 836 1072 1226 7106 1760 1894 3624 1036 0
videos.hw01/03_frame/342.jpg 1284 1436 3072 266 260 690 1156 742 2736 3426 1722 2010 66 4440 7144 102
videos.hw01/03_frame/343.jpg 0 0 210 362 10 120 0 280 8 1348 564 168 0 60 0 0
videos.hw01/03_frame/344.jpg 90 584 922 1216 868 5598 2288 1100 4060 248 2642 5874 19646 4540 1630 8
videos.hw01/03_frame/345.jpg 570 518 5484 7064 492 796 1198 3164 746 738 5462 5846 10178 4248 6004 600
videos.hw01/03_frame/346.jpg 2096 388 1444 6950 3496 4870 922 962 1898 1094 37518 3830 6434 3610 11876 2268
videos.hw01/03_frame/347.jpg 136 1248 1596 1216 550 9490 1824 2536 1076 490 12298 1686 34 120 1072 5264
videos.hw01/03_frame/348.jpg 696 372 0 0 256 2892 192 386 1210 50 2096 6326 68862 604 450 0
videos.hw01/03_frame/349.jpg 628 1110 1614 982 2170 494 2146 3834 8014 38382 2988 972 4280 558 1780 4484
videos.hw01/03_frame/350.jpg 116 3784 88 0 30 1776 256 1642 2864 48 7056 6466 592 104 226 1360
videos.hw01/03_frame/351.jpg 10 2 0 50 200 0 0 72 362 0 0 0 3436 166 610 0
videos.hw01/03_frame/352.jpg 378 1470 44 4 674 1668 2448 1542 4436 21916 2026 866 314 638 844 50
videos.hw01/03_frame/353.jpg 268 512 5062 1866 560 882 12606 153960 7010 222574 820922 119776 3034 33748 84390 50876
videos.hw01/03_frame/354.jpg 90 678 292 0 146 174 692 106 52 1158 22152 1992 392 154 1082 0
videos.hw01/03_frame/355.jpg 52 3020 174 0 470 532 440 640 336 2934 122962 1374 1802 1394 5174 122
videos.hw01/03_frame/356.jpg 54 20 0 0 58 0 38 219170 202 12710 207216 94758 0 978 31974 19922
videos.hw01/03_frame/357.jpg 30 14 512 7758 0 328 526 640 0 28 10 628 200 0 5518 0
videos.hw01/03_frame/358.jpg 2 148 0 1850 4 1020 0 342 0 742 0 5148 338 0 10066 8
videos.hw01/03_frame/359.jpg 0 18 0 0 0 1764 102 90 72 836 106110 33916 0 3198 67958 9344
videos.hw01/03_frame/360.jpg 0 30 32 0 0 108 0 0 424 980 1176 862 392 12 12954 1724
videos.hw01/03_frame/361.jpg 1992 10518 14164 97656 44314 27756 16736 37432 34550 88472 31180 132218 3424 21058 73832 264666
videos.hw01/03_frame/362.jpg 514 5104 570 170 370 4188 1138 2 536 6426 57470 17508 20206 3682 7026 38082
videos.hw01/03_frame/363.jpg 118 508 168 20 558 832 566 1750 1130 378 1080 660 2056 1810 8988 1968
videos.hw01/03_frame/364.jpg 728 2986 3782 2078 460 956 4178 1230 784 2092 4982 3620 14524 1848 7010 920
videos.hw01/03_frame/365.jpg 894 780 1374 1276 382 15368 5390 4968 760 6752 10106 20966 4 3242 8826 14608
videos.hw01/03_frame/366.jpg 1872 308 4858 3226 310 1114 5212 2298 852 2242 3592 4456 2228 7824 6496 8778
videos.hw01/03_frame/367.jpg 112 362 440 2760 42 308 912 3376 140 1458 8190 11006 952 8134 3642 2944
videos.hw01/03_frame/368.jpg 90 500 7652 4610 476 5794 2822 1142 366 6646 81038 2826 586 1014 4496 602
videos.hw01/03_frame/369.jpg 278 390 70 2796 762 232 5132 6012 418 4932 2382 4158 968 814 5060 1356
videos.hw01/03_frame/370.jpg 756 2004 4856 2016 4448 786 690 1238 94 964 780 2252 2756 1862 1370 300
videos.hw01/03_frame/371.jpg 352 114 1776 186 168 18966 4540 616 442 13582 11108 11174 3394 948 3774 3802
videos.hw01/03_frame/372.jpg 508 362 2020 1484 5314 3764 908 56 306 452 574 392 250 1186 9886 602
videos.hw01/03_frame/373.jpg 234 2150 340 370 854 4172 308 5080 106 1024 19422 800 290 984 2874 154
videos.hw01/03_frame/374.jpg 342 342 3520 956 870 582 376 1082 380 2222 6484 3384 1414 1544 8490 5270
videos.hw01/03_frame/375.jpg 2 98 112 278 466 274 204 3064 0 28 7036 42 2 456 9824 5720
videos.hw01/03_frame/376.jpg 356 896 8400 41218 7888 2490 4096 2204 802 944 9808 13032 2498 458 3626 4648
videos.hw01/03_frame/377.jpg 66 282 4892 3156 472 1756 5236 436 1230 594 3688 4246 2598 1026 1630 728
videos.hw01/03_frame/378.jpg 106 1490 834 254 19068 2816 3838 4902 300 1086 70818 6554 4000 7112 13788 68444
videos.hw01/03_frame/379.jpg 130 6050 7226 5810 1410 6286 6114 5496 1002 388 3950 21578 18780 2740 4424 24612
videos.hw01/03_frame/380.jpg 156 196 1850 2524 1236 724 2094 264 324 1264 38 498 418 3868 574 6012
videos.hw01/03_frame/381.jpg 68 3784 66 794 144 326 572 224 0 1798 2388 1934 8 1870 1544 1936
videos.hw01/03_frame/382.jpg 184 502 5038 13392 110 1714 5770 1428 182 10162 24138 6504 10706 4486 24678 3130
videos.hw01/03_frame/383.jpg 116 1120 10826 7056 4262 4356 3032 3228 440 432 24326 18984 1094 4202 21114 3448
videos.hw01/03_frame/384.jpg 224 192 2074 2044 5848 3360 842 1092 820 334 25100 4530 12870 5036 2880 25886
videos.hw01/03_frame/385.jpg 250 3044 16026 6564 14146 11154 10010 7872 344 1102 2796 3846 5914 15584 5538 45614
videos.hw01/03_frame/386.jpg 4652 140 1248 2312 1170 14278 1948 418 212 1718 4704 3668 94 4340 1044 8594
videos.hw01/03_frame/387.jpg 5786 1270 5562 2102 10814 5258 2154 5550 2008 3594 12566 10184 11364 4518 12590 11630
videos.hw01/03_frame/388.jpg 132 2556 2680 3028 3250 16638 2478 3936 1964 520 5572 9034 13808 1878 2926 2574
videos.hw01/03_frame/389.jpg 692 8684 10588 1000 1498 5046 7212 1972 74 788 15904 6668 586 3834 18778 5972
videos.hw01/03_frame/390.jpg 312 142 2028 628 3598 280 1192 388 120 208 26670 440 4 390 2260 4080
videos.hw01/03_frame/391.jpg 4040 1208 6420 7872 994 4472 4726 3258 306 1056 43930 8784 2346 2408 12346 13430
videos.hw01/03_frame/392.jpg 10064 1926 642 210 68 15474 2256 1536 494 864 1646 3096 178 8078 6694 12052
videos.hw01/03_frame/393.jpg 1238 1342 4506 894 894 22572 3596 7734 40 446 9698 3418 146 2508 4600 33188
videos.hw01/03_frame/394.jpg 222 282 4650 526 1140 2986 846 1482 826 1170 8442 1602 104 1258 3544 13356
videos.hw01/03_frame/395.jpg 432 622 2116 1558 382 24 6168 520 270 750 107536 7666 74 10496 6634 16980
videos.hw01/03_frame/396.jpg 90 338 632 2 550 1886 3308 998 130 1204 360 9748 4414 1346 650 6958
videos.hw01/03_frame/397.jpg 362 312 890 1502 660 9554 1272 1528 276 930 123300 6180 32 2762 24478 5222
videos.hw01/03_frame/398.jpg 240 216 1624 2096 11164 11068 2146 2230 424 136 4578 1908 994 600 4196 3190
videos.hw01/03_frame/399.jpg 458 190 3290 724 544 2560 1354 1624 216 1788 39312 2350 2410 8316 23108 116
videos.hw01/03_frame/400.jpg 340 622 962 738 794 524 150 3548 830 166 13950 1948 604 3438 14364 820
videos.hw01/03_frame/401.jpg 3446 12 434 7288 38 228 2766 2752 56 970 19492 5956 20 1604 16518 2954
videos.hw01/03_frame/402.jpg 1452 1210 500 206 280 808 2200 502 356 994 18284 878 76 3644 3662 8928
videos.hw01/03_frame/403.jpg 1004 2840 120 3228 160 62 3240 416 142 194 1022 732 2542 2112 4216 15816
videos.hw01/03_frame/404.jpg 308 272 618 2 3404 8056 306 0 2 312 5054 4612 0 1550 1554 11044
videos.hw01/03_frame/405.jpg 2694 148 18 7492 7298 584 12 68 50 30 99258 3926 3658 1914 8394 7110
videos.hw01/03_frame/406.jpg 1818 2616 4568 9022 37428 2154 1670 1844 5264 9882 108110 9722 198 2832 7078 66226
videos.hw01/03_frame/407.jpg 304 50 2850 5174 46056 7026 846 252 4228 2510 61602 5808 320 840 2694 4016
videos.hw01/03_frame/408.jpg 16 4554 1130 152 46 216 544 616 502 154 6438 1636 986 318 2344 888
videos.hw01/03_frame/409.jpg 23120 1408 1214 42 24 194 202 6 550 1166 17228 1008 986 58 1516 114
videos.hw01/03_frame/410.jpg 5784 578 188 56 506 1008 1890 174 166 1112 11814 4808 10 1012 938 4546
videos.hw01/03_frame/411.jpg 46 338 0 2646 110 2 120 1100 16 12 33474 524 50 908 336 7856
videos.hw01/03_frame/412.jpg 1928 502 2774 640 190 1298 0 932 40 1764 11210 1604 680 1756 572 7620
videos.hw01/03_frame/413.jpg 436 686 1130 398 874 3322 4616 848 602 338 37586 4306 5648 3454 5142 1318
videos.hw01/03_frame/414.jpg 104 1184 108 14 392 144 186 518 992 220 1154 1356 754 3564 2440 434
videos.hw01/03_frame/415.jpg 54 40 234 0 102 2478 598 44 146 110 140 24 82 1378 34 0
videos.hw01/03_frame/416.jpg 126 86 738 6 52 194 342 306 4636 1548 9092 250 232 2158 2624 128
videos.hw01/03_frame/417.jpg 10862 616 2266 6158 520 19872 1274 528 4542 506 36446 1460 820 4012 6936 15442
videos.hw01/03_frame/418.jpg 1694 4278 2098 70 786 638 1346 2196 1014 892 3124 866 25090 964 2050 224
videos.hw01/03_frame/419.jpg 40 62 1662 4 900 358 236 80 1350 262 3286 1824 2474 5906 8136 10054
videos.hw01/03_frame/420.jpg 528 346 1582 660 1154 2262 2532 1418 1010 160 26256 104 24280 1340 9750 5722
videos.hw01/03_frame/421.jpg 26726 3536 22400 34064 28330 59886 13336 10314 12952 13746 37116 18764 14812 42160 30414 64756
videos.hw01/03_frame/422.jpg 82 46 8322 4540 286 168 62 454 1258 2316 39256 910 11554 506 3608 1012
videos.hw01/03_frame/423.jpg 274 1614 9314 31506 678 1978 8304 2620 8118 6208 9230 6830 350 5616 11990 844
videos.hw01/03_frame/424.jpg 144 1626 488 1200 1202 716 290 7816 2292 2204 2186 2358 2178 1700 20542 2
videos.hw01/03_frame/425.jpg 30 76 522 950 180 26724 2256 4398 32 354 4366 5206 0 388 2414 2986
videos.hw01/03_frame/426.jpg 388 202 254 2640 318 1370 314 238 156 24 646 1320 4250 1152 1068 1414
videos.hw01/03_frame/427.jpg 396 84 124 0 76 458 206 0 1850 16 706 530 5494 930 482 230
videos.hw01/03_frame/428.jpg 604 3140 1244 428 798 10958 4636 494 3252 246 3842 2616 4248 5488 10150 21566
videos.hw01/03_frame/429.jpg 12 354 298 7000 220 4306 7018 1754 1292 2606 2672 1958 7276 1698 930 1340
videos.hw01/03_frame/430.jpg 104 124 4 8078 426 1914 54 492 5054 11674 1214 2438 2500 2380 1282 404
videos.hw01/03_frame/431.jpg 4618 11860 24548 29100 89252 11550 22072 11298 218 8154 47516 3346 10 8862 4094 1254
videos.hw01/03_frame/432.jpg 494 1394 1674 1496 1310 9076 3150 4490 486 892 13910 4776 0 702 6388 868
videos.hw01/03_frame/433.jpg 126 1752 5092 13580 4308 21242 3584 8532 162 1740 4388 656 7710 1328 14764 13812
videos.hw01/03_frame/434.jpg 1490 8970 5760 24062 75270 25068 8782 13772 1364 2336 98840 1496 138 6150 3864 8274
videos.hw01/03_frame/435.jpg 1004 4578 2246 2196 21382 34698 1818 1462 256 110 15200 3388 722 632 178 2
videos.hw01/03_frame/436.jpg 2496 7454 3410 1998 6070 948 3126 7926 1618 1122 5592 4682 9174 1036 2580 2976
videos.hw01/03_frame/437.jpg 170 6244 23246 19890 24816 5442 6308 4656 1068 8 552 340 4234 7100 1282 64
videos.hw01/03_frame/438.jpg 132 2384 15294 21440 9770 99114 3852 5402 452 58 3500 3958 53272 5146 17210 12380
videos.hw01/03_frame/439.jpg 682 744 2000 4168 730 1616 3624 5164 538 140 902 662 30894 1158 602 526
videos.hw01/03_frame/440.jpg 308 160 6 1074 2230 888 1590 1770 508 1468 412 2 6114 240 4224 17950
videos.hw01/03_frame/441.jpg 238 2844 18216 5016 4128 47842 2616 14382 1204 6642 228890 5676 66490 3646 26520 29070
videos.hw01/03_frame/442.jpg 19925794 11518080 4426768 4709236 4530292 6042056 6854128 6486372 13982048 11000830 7712068 4587902 17273512 9894448 4748372 10557016
videos.hw01/03_frame/443.jpg 2259508 1179976 2144430 748780 1233074 1796202 417458 822696 538996 286334 1658384 1886962 1414078 2614526 2589468 384058
videos.hw01/03_frame/444.jpg 1220152 1402670 602970 327578 821306 586574 1184738 174816 666938 509264 1359776 863616 2528156 3156272 676428 2683670
videos.hw01/03_frame/445.jpg 3813878 4090900 2392260 1781898 1548798 1135758 1962190 364738 653894 550574 400662 607130 908252 323296 2032130 2950808
videos.hw01/03_frame/446.jpg 943984 423672 467956 1124546 166032 902196 955560 1525904 531162 618804 449462 1189276 117350 2986712 3734058 1843706
videos.hw01/03_frame/447.jpg 1125906 3324714 2981036 1873184 246604 1097206 999918 989468 2266712 454182 616584 1001288 50476 1721014 1239266 3771720
videos.hw01/03_frame/448.jpg 2656560 2848906 2334630 2030704 192852 946272 505408 1369986 1565976 310102 505444 397450 220494 34660 2386312 3310442
videos.hw01/03_frame/449.jpg 282438 14578 16554 14246 23028 4200 52050 38414 51126 28418 22920 206770 1440 2310 16374 261560
videos.hw01/03_frame/450.jpg 80222 16292 7260 16500 14782 4040 7756 15740 56258 42194 27050 289974 10328 332 15564 321024
videos.hw01/03_frame/451.jpg 401900 12222 3690 68222 49320 2702 74666 47542 52460 33826 46982 117622 9014 614 15916 30660
videos.hw01/03_frame/452.jpg 37378 13142 27466 18702 9480 4816 24198 14638 69216 45916 32652 41002 468 714 9368 67988
videos.hw01/03_frame/453.jpg 17980 20146 8046 8274 22350 2598 8356 16778 27982 30790 45142 18848 1484 9236 42698 113434
videos.hw01/03_frame/454.jpg 124310 16316 22060 26176 163772 2862 15782 43998 136250 62210 69742 55100 23962 1252 116118 30730
videos.hw01/03_frame/455.jpg 8052 32974 28988 22524 19092 6920 5220 23590 34048 28916 83486 28548 626 250 16556 44716
videos.hw01/03_frame/456.jpg 35694 57312 18982 15226 11902 1500 97078 12086 51230 53710 12942 18256 158 1328 39078 86808
videos.hw01/03_frame/457.jpg 197794 13744 15298 20008 20262 2836 24948 42598 126182 45230 77018 37746 1204 4708 13802 58156
videos.hw01/03_frame/458.jpg 203000 73532 14732 25650 19346 6170 11314 19574 27034 75996 15392 121360 3526 4236 22668 153608
videos.hw01/03_frame/459.jpg 66866 62386 11592 42842 35558 4872 17824 14582 44460 67412 11590 33286 150 4528 12428 25956
videos.hw01/03_frame/460.jpg 390010 57390 22508 14770 25762 6464 73444 27376 41276 44044 12122 33928 17342 2000 13606 24876
videos.hw01/03_frame/461.jpg 142500 15350 58810 13808 48474 3380 25804 11790 45796 52244 31378 40130 1210 39180 9594 122896
videos.hw01/03_frame/462.jpg 15878 47418 38594 13556 51604 1698 19630 14226 77488 33736 41814 11554 546 5892 55140 46104
videos.hw01/03_frame/463.jpg 54116 8856 62794 29024 44190 1994 3788 16862 47494 25086 11916 25710 9254 5188 13590 120448
videos.hw01/03_frame/464.jpg 28690 9110 31130 22342 30114 2972 48534 24802 52932 46118 25658 30530 5128 13672 12496 72648
videos.hw01/03_frame/465.jpg 41862 37442 18818 37046 6534 8866 4936 4694 13930 188344 26056 37126 2072 8646 8586 5564
videos.hw01/03_frame/466.jpg 28694 20718 26942 5652 2298 3150 6396 10838 2326 24544 6356 128100 1764 780 5148 4204
videos.hw01/03_frame/467.jpg 958 2 2896 2248 13150 1060 4120 5100 0 8024 2008 78842 6 70 154 8634
videos.hw01/03_frame/468.jpg 10 1722 9016 3302 1424 46 30 2162 104 19480 11578 230 34 34 4364 606
videos.hw01/03_frame/469.jpg 490 1918 11718 1178 8 136 1146 2724 3950 1206 3524 1700 254 104 3642 10
videos.hw01/03_frame/470.jpg 3634 1684 1484 324 704 276 3666 1030 3624 6780 2250 644 1750 390 15684 390
videos.hw01/03_frame/471.jpg 7186 11630 1978 5252 4576 182 17264 5512 756 12408 6474 8846 86 28 9676 35138
videos.hw01/03_frame/472.jpg 32382 21730 2826 3274 3048 264 3758 3016 1026 10390 4432 3506 3534 68 34 92
videos.hw01/03_frame/473.jpg 530 4452 6328 264 2502 632 1044 954 96 8252 1266 3672 666 70 300 652
videos.hw01/03_frame/474.jpg 468 316 244 224 1022 106 26232 3748 962 12890 3568 49390 338 0 102 1666
videos.hw01/03_frame/475.jpg 2634 74284 8170 12828 204 256 11992 11066 158 6046 5240 47188 222 14 0 712
videos.hw01/03_frame/476.jpg 5798 140 1498 1838 4240 234 78 492 2 9214 4082 2934 88 26 194 204
videos.hw01/03_frame/477.jpg 284 3022 11572 2172 1306 1766 30924 15890 242 6108 2600 17046 314 1184 486 106
videos.hw01/03_frame/478.jpg 834 114 12114 2782 5298 1942 1494 2518 378 4614 1068 4178 894 18 1070 966
videos.hw01/03_frame/479.jpg 0 6 5070 1654 60 6 680 3948 158 56 64 6544 94 176 1056 674
videos.hw01/03_frame/480.jpg 4934 1148 930 172 888 612 548 196 18 2762 4696 1400 494 226 192 902
videos.hw01/03_frame/481.jpg 19436 24222 25586 22378 6546 12000 38330 21804 27714 69570 53614 192882 13370 28154 38584 72732
videos.hw01/03_frame/482.jpg 23536 4 10 510 494 3604 140 2362 8 2844 2240 3188 650 1792 8684 468
videos.hw01/03_frame/483.jpg 70 122 2 1842 18 214 1508 5376 216 5720 4512 2470 2742 80 768 2
videos.hw01/03_frame/484.jpg 23750 582 1760 0 1600 0 0 710 0 4108 908 38214 2118 890 2 2
videos.hw01/03_frame/485.jpg 13974 150 1108 432 1352 172 694 8206 158 642 1210 2062 26 10 768 0
videos.hw01/03_frame/486.jpg 17612 160 2528 4 0 172 2326 3332 0 3070 1802 1934 2 0 0 2
videos.hw01/03_frame/487.jpg 266 12 144 640 1460 172 1052 664 4326 0 74 2426 1166 3584 18 8
videos.hw01/03_frame/488.jpg 0 0 130 0 1178 0 2 6 2 176 304 232 0 26 0 0
videos.hw01/03_frame/489.jpg 54 46 2 106 464 508 810 20 32 5606 1532 106 14 0 7794 52
videos.hw01/03_frame/490.jpg 18 120 6224 2 2716 4 154 254 50 4500 854 2040 968 0 1818 456
videos.hw01/03_frame/491.jpg 906 72 354 98 1286 8 168 3994 6 860 946 154 2 0 0 0
videos.hw01/03_frame/492.jpg 0 0 0 6 0 0 0 0 0 0 0 0 0 0 0 0
videos.hw01/03_frame/493.jpg 948 3742 18826 8164 2240 180 9402 17604 1736 8870 5748 9460 5414 1172 1202 56882
