videos.hw01/03_frame/1.jpg 0 0 0 0 0 0 0 0 0 0 0 0 0 0 0 0
videos.hw01/03_frame/2.jpg 188 56 150 32 134 107 43 10 20 160 30 32 48 16 28 36
videos.hw01/03_frame/3.jpg 106 220 140 6 100 162 66 8 0 90 52 10 148 0 33 14
videos.hw01/03_frame/4.jpg 182 128 140 4 52 122 167 14 12 151 88 17 72 16 53 130
videos.hw01/03_frame/5.jpg 234 100 88 0 128 65 48 6 12 90 714 218 112 18 763 220
videos.hw01/03_frame/6.jpg 66 52 64 26 18 101 49 6 14 78 90 19 68 6 22 60
videos.hw01/03_frame/7.jpg 176 94 142 12 98 105 116 4 6 187 115 69 114 2 82 56
videos.hw01/03_frame/8.jpg 90 150 128 2 20 61 76 2 12 178 78 57 94 12 0 124
videos.hw01/03_frame/9.jpg 42 100 72 14 76 30 85 4 0 74 114 34 54 0 0 38
videos.hw01/03_frame/10.jpg 70 174 176 0 284 60 75 10 0 74 49 77 40 0 0 16
videos.hw01/03_frame/11.jpg 94 38 98 0 118 38 63 28 26 147 198 191 64 0 0 0
videos.hw01/03_frame/12.jpg 76 146 122 0 92 177 126 26 0 49 79 36 12 0 0 40
videos.hw01/03_frame/13.jpg 118 204 122 0 110 39 103 6 0 28 197 186 62 0 0 4
videos.hw01/03_frame/14.jpg 216 22 72 0 184 39 56 0 32 64 52 8 78 4 0 0
videos.hw01/03_frame/15.jpg 4 92 44 0 14 34 73 4 14 24 23 12 78 34 2 40
videos.hw01/03_frame/16.jpg 312 120 222 0 156 249 84 4 44 231 233 44 88 18 0 278
videos.hw01/03_frame/17.jpg 58 54 124 0 20 31 55 4 0 206 11 4 30 8 0 10
videos.hw01/03_frame/18.jpg 42 36 92 0 34 72 43 6 0 47 60 10 80 24 0 20
videos.hw01/03_frame/19.jpg 56 60 54 0 76 46 82 14 0 35 226 85 0 0 0 0
videos.hw01/03_frame/20.jpg 564 118 70 0 36 154 48 12 0 118 111 33 68 4 0 100
videos.hw01/03_frame/21.jpg 100 26 52 0 124 52 3 4 52 146 30 6 70 14 0 10
videos.hw01/03_frame/22.jpg 216 98 70 0 148 24 27 4 56 76 22 16 168 34 0 94
videos.hw01/03_frame/23.jpg 48 154 52 0 16 23 22 0 10 74 159 142 174 0 10 128
videos.hw01/03_frame/24.jpg 76 2 6 0 58 43 52 2 0 121 82 20 132 0 0 136
videos.hw01/03_frame/25.jpg 122 22 50 0 2 81 69 8 0 38 176 128 6 0 0 64
videos.hw01/03_frame/26.jpg 20 14 2 0 2 40 36 2 0 21 49 21 0 0 0 0
videos.hw01/03_frame/27.jpg 92 28 8 0 28 27 14 6 0 4 4 0 0 0 0 0
videos.hw01/03_frame/28.jpg 34 26 18 0 18 48 32 2 0 58 18 10 0 0 0 0
videos.hw01/03_frame/29.jpg 150 104 14 0 40 55 14 0 0 0 33 10 0 0 0 0
videos.hw01/03_frame/30.jpg 4 6 64 0 34 32 14 0 0 0 21 0 70 0 0 0
videos.hw01/03_frame/31.jpg 48 94 110 0 24 24 28 8 20 68 24 14 188 26 28 96
videos.hw01/03_frame/32.jpg 30 6 8 0 82 24 19 0 4 17 29 8 116 2 76 4
videos.hw01/03_frame/33.jpg 114 30 20 0 12 18 26 4 20 118 51 32 34 2 24 2
videos.hw01/03_frame/34.jpg 48 42 38 0 66 31 8 4 96 38 41 64 78 4 14 4
videos.hw01/03_frame/35.jpg 48 28 122 0 136 112 83 10 0 59 105 22 0 0 0 182
videos.hw01/03_frame/36.jpg 30 24 6 0 8 26 23 4 2 64 44 46 62 2 0 70
videos.hw01/03_frame/37.jpg 192 14 0 0 28 9 16 4 30 4 6 0 14 0 0 8
videos.hw01/03_frame/38.jpg 12 10 168 0 26 23 27 2 26 69 33 32 24 14 10 0
videos.hw01/03_frame/39.jpg 28 4 32 0 42 18 50 2 12 6 19 10 30 0 72 2
videos.hw01/03_frame/40.jpg 40 44 10 0 8 108 100 2 0 107 29 14 0 0 0 0
videos.hw01/03_frame/41.jpg 18 6 24 0 10 73 48 12 42 28 59 59 46 6 0 0
videos.hw01/03_frame/42.jpg 0 10 70 0 12 72 15 12 0 18 52 8 2 6 0 60
videos.hw01/03_frame/43.jpg 56 20 6 0 102 163 81 14 0 216 47 14 14 0 0 0
videos.hw01/03_frame/44.jpg 4 8 42 0 10 43 65 10 0 132 49 14 0 0 0 14
videos.hw01/03_frame/45.jpg 12 16 2 0 6 19 12 4 0 0 6 0 0 0 0 56
videos.hw01/03_frame/46.jpg 122 18 120 0 24 82 56 2 22 61 63 17 22 14 32 58
videos.hw01/03_frame/47.jpg 0 12 18 0 52 87 86 2 0 142 202 60 68 0 0 0
videos.hw01/03_frame/48.jpg 2 4 2 0 26 42 51 0 0 8 70 2 0 0 0 0
videos.hw01/03_frame/49.jpg 20 38 20 0 90 134 101 4 4 65 165 117 0 0 0 24
videos.hw01/03_frame/50.jpg 30 160 180 0 230 37 61 2 4 166 72 80 58 4 0 66
videos.hw01/03_frame/51.jpg 180 154 228 0 200 50 53 4 62 234 31 12 148 102 20 12
videos.hw01/03_frame/52.jpg 30 14 20 0 90 176 93 6 22 101 103 116 174 24 2 18
videos.hw01/03_frame/53.jpg 64 4 38 0 80 41 17 0 18 24 27 0 12 70 16 0
videos.hw01/03_frame/54.jpg 36 2 10 0 206 25 39 10 22 87 78 26 92 8 6 112
videos.hw01/03_frame/55.jpg 74 2 44 0 58 155 145 12 0 189 127 84 2 10 0 52
videos.hw01/03_frame/56.jpg 4 42 6 0 150 27 36 8 0 38 33 20 62 4 0 0
videos.hw01/03_frame/57.jpg 26 36 0 0 28 17 49 2 32 82 135 6 0 0 0 0
videos.hw01/03_frame/58.jpg 42 6 0 0 32 83 45 6 2 24 81 4 8 0 0 90
videos.hw01/03_frame/59.jpg 120 14 0 0 90 41 50 8 0 191 107 32 32 24 0 60
videos.hw01/03_frame/60.jpg 36 2 8 0 8 43 27 2 22 25 30 2 0 0 0 0
videos.hw01/03_frame/61.jpg 446 132 600 0 118 233 160 12 116 309 223 46 128 8 18 146
videos.hw01/03_frame/62.jpg 60 14 42 0 120 38 21 2 0 86 46 8 36 12 28 34
videos.hw01/03_frame/63.jpg 128 4 0 0 54 4 0 0 8 78 0 0 32 6 0 0
videos.hw01/03_frame/64.jpg 32 22 60 0 34 22 25 4 0 84 60 28 0 0 0 154
videos.hw01/03_frame/65.jpg 50 8 0 0 40 0 2 0 0 10 46 0 54 0 0 24
videos.hw01/03_frame/66.jpg 0 0 2 0 38 22 81 4 0 26 81 14 90 16 0 36
videos.hw01/03_frame/67.jpg 0 0 32 0 8 14 2 0 0 4 19 16 14 0 0 0
videos.hw01/03_frame/68.jpg 110 26 0 0 52 8 27 0 0 2 44 12 0 0 0 0
videos.hw01/03_frame/69.jpg 0 0 0 0 0 17 27 0 0 0 4 12 0 0 0 0
videos.hw01/03_frame/70.jpg 28 98 0 0 14 10 42 10 0 0 57 26 98 2 0 16
videos.hw01/03_frame/71.jpg 24 82 70 0 2 21 9 0 4 54 40 0 54 8 0 340
videos.hw01/03_frame/72.jpg 104 44 0 0 232 2 2 2 4 124 16 4 10 8 0 196
videos.hw01/03_frame/73.jpg 100 140 70 0 104 256 253 368 16 479 395 42 36 20 10 0
videos.hw01/03_frame/74.jpg 24 10 40 0 10 91 56 22 0 40 70 30 0 0 0 0
videos.hw01/03_frame/75.jpg 66 18 0 0 118 62 88 9 0 20 39 12 150 0 0 0
videos.hw01/03_frame/76.jpg 94 178 112 0 94 424 196 158 42 156 82 50 168 10 10 254
videos.hw01/03_frame/77.jpg 96 72 32 0 28 117 42 23 0 46 63 36 34 0 0 0
videos.hw01/03_frame/78.jpg 52 28 48 0 12 44 37 28 18 24 54 0 180 0 0 0
videos.hw01/03_frame/79.jpg 56 70 46 0 194 446 102 59 6 172 477 94 40 18 0 14
videos.hw01/03_frame/80.jpg 258 20 234 0 18 99 82 96 58 264 46 48 172 14 0 138
videos.hw01/03_frame/81.jpg 152 54 96 0 14 31 19 8 0 82 16 4 72 18 30 60
videos.hw01/03_frame/82.jpg 22 8 62 0 81 30 64 33 0 68 26 2 4 0 0 2
videos.hw01/03_frame/83.jpg 92 24 110 0 125 546 1032 79 0 664 983 60 0 0 0 84
videos.hw01/03_frame/84.jpg 324 102 72 0 342 29 46 20 52 278 26 30 258 2 0 6
videos.hw01/03_frame/85.jpg 58 12 80 0 36 675 529 576 12 68 184 80 0 0 10 36
videos.hw01/03_frame/86.jpg 226 6 0 0 42 179 20 35 0 134 37 22 0 0 30 0
videos.hw01/03_frame/87.jpg 34 12 0 0 22 29 49 14 0 0 9 10 0 0 0 0
videos.hw01/03_frame/88.jpg 0 52 36 0 60 916 570 271 0 98 144 34 0 0 0 132
videos.hw01/03_frame/89.jpg 4 96 34 0 2 157 70 51 0 42 28 104 46 0 0 176
videos.hw01/03_frame/90.jpg 0 2 50 0 156 69 33 20 0 0 33 47 62 0 0 0
videos.hw01/03_frame/91.jpg 198 64 232 0 156 520 740 253 24 180 56 39 200 4 10 452
videos.hw01/03_frame/92.jpg 68 18 178 0 24 214 63 10 0 74 31 13 48 0 14 234
videos.hw01/03_frame/93.jpg 20 6 6 0 192 108 86 31 10 32 46 36 26 8 0 56
videos.hw01/03_frame/94.jpg 74 62 30 0 2 53 29 34 46 64 50 22 14 0 0 188
videos.hw01/03_frame/95.jpg 12 2 4 0 22 539 424 120 0 4 109 25 0 0 0 54
videos.hw01/03_frame/96.jpg 0 28 28 0 0 28 62 14 0 0 20 24 0 0 0 0
videos.hw01/03_frame/97.jpg 232 76 38 0 278 291 896 528 0 58 418 105 46 0 0 60
videos.hw01/03_frame/98.jpg 58 12 46 0 58 145 59 18 0 150 12 25 28 0 0 0
videos.hw01/03_frame/99.jpg 76 14 62 0 12 44 85 39 46 266 14 0 22 2 0 64
videos.hw01/03_frame/100.jpg 10 136 314 466 16 274 865 703 0 0 1039 146 22 0 0 0
videos.hw01/03_frame/101.jpg 12 0 16 7 54 50 35 2 0 56 8 0 4 0 0 0
videos.hw01/03_frame/102.jpg 132 10 58 32 242 90 12 28 0 26 0 0 44 0 0 22
videos.hw01/03_frame/103.jpg 7571 7475 7632 8827 5394 4758 4548 5944 6605 5863 6416 6016 7049 6402 7238 7212
videos.hw01/03_frame/104.jpg 334 240 287 767 138 0 41 842 723 546 491 715 1273 1426 588 339
videos.hw01/03_frame/105.jpg 147 56 42 92 92 0 52 51 127 70 100 85 103 90 39 28
videos.hw01/03_frame/106.jpg 114 117 43 51 36 0 10 42 41 67 14 20 21 145 37 40
videos.hw01/03_frame/107.jpg 413 414 325 855 149 98 42 839 955 565 592 688 2136 1471 5025 1895
videos.hw01/03_frame/108.jpg 48 19 19 19 3 7 6 11 33 13 23 6 84 1 17 14
videos.hw01/03_frame/109.jpg 535 484 439 1034 223 968 804 309 708 954 1717 3414 519 858 3533 5220
videos.hw01/03_frame/110.jpg 87 4 4 18 34 14 43 14 83 13 20 17 30 55 9 31
videos.hw01/03_frame/111.jpg 25 89 32 21 22 36 14 16 17 12 107 27 28 8 36 37
videos.hw01/03_frame/112.jpg 741 602 905 1190 436 505 541 777 825 497 1409 4617 2537 1161 686 3265
videos.hw01/03_frame/113.jpg 94 21 11 27 2 25 46 18 69 34 37 32 32 43 8 14
videos.hw01/03_frame/114.jpg 52 11 5 34 10 49 142 48 18 25 39 46 19 27 4 31
videos.hw01/03_frame/115.jpg 814 321 478 550 176 87 431 1263 735 477 344 1664 1201 1763 334 1110
videos.hw01/03_frame/116.jpg 50 22 2 28 42 12 89 29 15 13 22 6 5 29 9 13
videos.hw01/03_frame/117.jpg 22 0 15 43 8 59 172 42 6 20 14 10 4 14 29 55
videos.hw01/03_frame/118.jpg 764 265 139 302 156 177 265 767 265 242 133 495 501 794 241 562
videos.hw01/03_frame/119.jpg 8185 3798 3133 4169 6948 1907 1410 2307 6686 1673 1989 5100 6863 4970 2281 3011
videos.hw01/03_frame/120.jpg 1034 3758 1804 6326 2599 5390 2833 2491 2269 4989 1948 2668 1160 866 1789 6456
videos.hw01/03_frame/121.jpg 142 151 119 110 28 38 87 128 0 62 131 48 114 27 137 124
videos.hw01/03_frame/122.jpg 1000 1649 871 2516 1174 4494 1870 1621 488 3804 2067 1911 1226 616 1096 2268
videos.hw01/03_frame/123.jpg 14 11 35 20 28 15 21 9 10 51 17 8 33 16 22 19
videos.hw01/03_frame/124.jpg 26 102 48 9 33 66 25 4 27 41 47 49 6 18 29 32
videos.hw01/03_frame/125.jpg 1521 1295 1373 2299 2086 1960 1110 1579 2982 1964 673 1721 491 854 1301 2986
videos.hw01/03_frame/126.jpg 28 16 8 22 35 38 8 11 17 51 17 18 8 24 22 34
videos.hw01/03_frame/127.jpg 10 37 44 18 49 16 44 42 48 22 27 37 6 31 60 35
videos.hw01/03_frame/128.jpg 468 289 1465 1674 896 266 67 128 341 191 96 147 830 2012 2103 1808
videos.hw01/03_frame/129.jpg 52 1921 2291 157 31 42 37 55 27 68 49 61 2450 2445 621 151
videos.hw01/03_frame/130.jpg 211 1612 2524 531 28 17 9 34 4 9 19 45 2413 2545 3836 576
videos.hw01/03_frame/131.jpg 240 1978 2382 527 926 278 29 193 426 120 159 266 3208 4090 3874 499
videos.hw01/03_frame/132.jpg 836 2046 2971 228 15 41 17 34 36 43 35 24 2661 4928 3202 764
videos.hw01/03_frame/133.jpg 960 2604 3437 491 22 53 23 52 37 81 20 35 2486 5119 3933 1375
videos.hw01/03_frame/134.jpg 61 97 43 54 392 118 11 32 215 56 39 36 978 1477 162 52
videos.hw01/03_frame/135.jpg 598 940 598 472 460 215 62 190 435 109 121 217 1358 3623 2573 582
videos.hw01/03_frame/136.jpg 95 1008 2107 142 82 40 17 21 20 47 10 36 1773 1122 1038 352
videos.hw01/03_frame/137.jpg 693 992 804 618 731 159 47 117 390 106 59 159 371 2404 2875 531
videos.hw01/03_frame/138.jpg 194 969 1257 226 481 160 17 58 306 165 42 115 480 634 471 301
videos.hw01/03_frame/139.jpg 926 841 300 420 23 15 5 2 14 5 0 40 1320 400 755 161
videos.hw01/03_frame/140.jpg 305 2054 1977 18 85 75 11 28 41 67 24 20 1256 3669 412 123
videos.hw01/03_frame/141.jpg 776 1213 1309 686 43 22 42 72 30 35 53 56 992 744 2190 246
videos.hw01/03_frame/142.jpg 5300 3781 3578 4198 1718 5323 4772 5556 2914 4970 5122 4444 5493 6255 6713 6240
videos.hw01/03_frame/143.jpg 1151 150 32 408 1587 201 20 12 138 222 46 791 908 1256 88 326
videos.hw01/03_frame/144.jpg 424 2123 2016 2880 2441 1014 1542 1783 1112 3132 1475 2716 1144 1134 1389 4514
videos.hw01/03_frame/145.jpg 944 74 827 2093 1164 28 34 50 726 301 134 870 314 174 133 52
videos.hw01/03_frame/146.jpg 692 1365 1883 1020 1601 436 1274 1317 1427 950 990 1267 136 1431 1597 778
videos.hw01/03_frame/147.jpg 1192 262 388 1028 1401 28 148 52 587 183 142 1362 838 280 72 274
videos.hw01/03_frame/148.jpg 1328 1452 922 574 1623 248 601 1067 1519 640 546 1222 742 1725 1023 54
videos.hw01/03_frame/149.jpg 607 352 1316 2063 1257 46 96 103 485 68 271 1238 238 76 860 226
videos.hw01/03_frame/150.jpg 654 743 562 1413 2206 416 141 1057 1559 463 842 1652 438 130 376 616
videos.hw01/03_frame/151.jpg 882 326 533 528 968 58 345 131 1158 75 468 930 470 210 502 860
videos.hw01/03_frame/152.jpg 505 593 762 918 1312 30 163 171 1421 319 350 1428 434 304 444 344
videos.hw01/03_frame/153.jpg 2659 3485 1707 1507 2747 7279 4337 3228 2085 1815 2606 3119 858 868 1759 242
videos.hw01/03_frame/154.jpg 582 1549 1483 821 1490 1249 671 1570 1601 2526 1205 1098 428 726 1084 372
videos.hw01/03_frame/155.jpg 1367 1116 1672 2284 1498 2222 872 3293 1475 1178 1107 1437 1042 376 1301 1186
videos.hw01/03_frame/156.jpg 1188 1793 730 1117 1169 520 799 1185 966 1564 399 422 1228 428 166 514
videos.hw01/03_frame/157.jpg 990 1882 1154 2228 1142 1016 758 1435 681 1690 478 434 1562 250 650 718
videos.hw01/03_frame/158.jpg 929 682 1259 1605 791 343 654 661 759 84 188 372 14 42 1180 834
videos.hw01/03_frame/159.jpg 719 4075 2659 1438 1259 3224 1130 1417 1781 1727 2099 1013 1060 3895 4727 2781
videos.hw01/03_frame/160.jpg 3786 4000 5435 2128 2577 2932 1793 3892 4833 2199 1944 3314 5746 2244 3454 2857
videos.hw01/03_frame/161.jpg 4326 1878 2692 4991 1487 6135 6746 4934 1239 4936 2315 7392 644 1817 1699 6966
videos.hw01/03_frame/162.jpg 20 0 14 0 33 14 0 0 94 52 79 64 130 29 24 98
videos.hw01/03_frame/163.jpg 6945 9072 4232 5278 7887 8885 8233 9254 6710 6640 6041 9184 9271 7922 6833 7310
videos.hw01/03_frame/164.jpg 222 108 152 164 24 127 458 370 70 164 188 192 132 34 45 332
videos.hw01/03_frame/165.jpg 1330 4958 1668 5871 638 3383 3121 1328 2378 3079 2889 946 2522 1760 381 830
videos.hw01/03_frame/166.jpg 410 1414 646 1756 476 1512 938 1331 1079 1196 1476 501 1096 479 289 604
videos.hw01/03_frame/167.jpg 82 124 54 110 28 162 139 71 17 139 95 13 50 31 61 104
videos.hw01/03_frame/168.jpg 0 10 348 3748 4 24 55 4425 3 54 91 918 21 44 41 8
videos.hw01/03_frame/169.jpg 1708 2156 715 468 1011 1740 3726 1295 1205 1585 2498 633 1083 1485 1010 4542
videos.hw01/03_frame/170.jpg 88 820 2782 1006 6805 5555 2982 3962 8288 3888 2445 2175 3347 3416 409 2502
videos.hw01/03_frame/171.jpg 422 581 39 5 240 7 497 1163 172 67 906 864 26 86 579 1258
videos.hw01/03_frame/172.jpg 4923 4225 2177 4158 4471 5915 2965 724 7525 3822 2047 1529 3059 3156 123 1286
videos.hw01/03_frame/173.jpg 192 211 326 46 168 1059 209 148 62 954 454 158 512 539 149 256
videos.hw01/03_frame/174.jpg 3500 4339 2433 860 4131 718 156 226 1691 1802 69 280 1107 1403 543 2966
videos.hw01/03_frame/175.jpg 2977 494 309 78 234 1278 225 66 604 954 140 175 762 526 95 106
videos.hw01/03_frame/176.jpg 1240 612 278 82 394 876 168 114 276 713 184 138 406 494 224 8
videos.hw01/03_frame/177.jpg 618 740 241 32 174 487 51 64 173 1434 90 64 488 1098 124 30
videos.hw01/03_frame/178.jpg 1828 422 356 152 356 1300 100 104 395 900 122 99 438 699 89 8
videos.hw01/03_frame/179.jpg 1378 654 358 104 388 1102 171 45 178 700 118 57 441 408 120 46
videos.hw01/03_frame/180.jpg 24 36 53 10 20 117 114 72 0 64 155 37 10 30 33 52
videos.hw01/03_frame/181.jpg 526 830 206 68 182 422 59 89 241 1337 92 42 547 907 169 62
videos.hw01/03_frame/182.jpg 2 44 14 38 4 344 67 104 21 97 75 26 35 35 93 120
videos.hw01/03_frame/183.jpg 1596 476 211 375 284 972 219 260 192 811 184 374 415 1068 183 624
videos.hw01/03_frame/184.jpg 72 50 42 32 54 116 188 102 18 119 397 31 77 99 84 84
videos.hw01/03_frame/185.jpg 86 66 48 29 14 79 197 136 0 179 281 28 73 52 37 72
videos.hw01/03_frame/186.jpg 36 90 82 39 14 103 42 43 2 59 113 43 26 30 48 20
videos.hw01/03_frame/187.jpg 818 322 320 351 134 675 241 159 86 505 193 253 121 296 255 654
videos.hw01/03_frame/188.jpg 728 596 176 136 218 2228 305 240 638 2020 45 111 300 386 110 12
videos.hw01/03_frame/189.jpg 8 12 26 20 8 169 35 23 0 12 23 34 0 11 43 8
videos.hw01/03_frame/190.jpg 62 16 83 28 4 42 89 66 0 43 130 58 33 71 13 92
videos.hw01/03_frame/191.jpg 228 456 169 138 82 1066 114 310 94 1208 228 61 318 455 168 28
videos.hw01/03_frame/192.jpg 224 150 76 68 60 417 219 144 2 643 263 99 73 147 150 18
videos.hw01/03_frame/193.jpg 14 14 0 12 4 127 72 18 0 4 23 22 16 15 11 8
videos.hw01/03_frame/194.jpg 44 84 75 29 2 95 27 37 0 7 110 40 2 12 72 14
videos.hw01/03_frame/195.jpg 828 1260 765 4411 338 1972 2324 4036 1299 3261 2338 640 1250 684 470 2278
videos.hw01/03_frame/196.jpg 670 614 274 2082 1181 1833 751 665 1286 1239 749 302 504 406 309 1720
videos.hw01/03_frame/197.jpg 28 34 74 16 10 54 114 21 7 27 329 19 66 20 58 38
videos.hw01/03_frame/198.jpg 24 18 14 0 24 43 110 48 43 59 109 35 4 41 124 176
videos.hw01/03_frame/199.jpg 626 452 50 1018 1793 2016 532 410 1990 1354 1000 304 421 576 211 1186
videos.hw01/03_frame/200.jpg 4 48 10 38 17 40 133 23 17 142 394 18 24 104 151 350
videos.hw01/03_frame/201.jpg 102 128 64 344 912 1508 356 448 874 677 451 662 108 370 258 208
videos.hw01/03_frame/202.jpg 120 44 168 484 116 222 371 51 126 234 498 99 165 163 77 448
videos.hw01/03_frame/203.jpg 370 154 34 154 618 1591 465 167 885 710 636 540 176 389 301 544
videos.hw01/03_frame/204.jpg 20 20 8 86 8 104 51 9 28 57 47 34 36 57 14 116
videos.hw01/03_frame/205.jpg 286 92 8 356 609 831 795 846 413 497 1241 881 148 406 483 818
videos.hw01/03_frame/206.jpg 12 0 0 44 49 118 256 41 17 115 133 64 39 60 29 296
videos.hw01/03_frame/207.jpg 110 128 132 116 33 117 62 84 42 140 158 104 69 126 56 104
videos.hw01/03_frame/208.jpg 86 112 78 908 220 546 365 1614 749 577 675 1050 460 326 180 392
videos.hw01/03_frame/209.jpg 7554 4652 6841 7478 7582 3605 6007 4645 7550 4443 4644 4368 5352 6001 4271 4538
videos.hw01/03_frame/210.jpg 85 44 60 132 28 37 21 44 107 41 26 27 84 50 74 34
videos.hw01/03_frame/211.jpg 64 33 117 86 50 158 130 121 253 91 59 56 159 136 118 60
videos.hw01/03_frame/212.jpg 144 824 1400 77 556 626 465 196 176 84 127 70 223 157 98 102
videos.hw01/03_frame/213.jpg 44 756 965 32 846 679 426 208 220 288 96 64 66 120 55 14
videos.hw01/03_frame/214.jpg 66 87 43 36 15 25 65 93 10 34 29 41 36 63 67 78
videos.hw01/03_frame/215.jpg 66 346 629 120 620 548 311 162 138 92 44 62 18 129 50 50
videos.hw01/03_frame/216.jpg 19 39 50 40 48 84 73 57 19 17 29 47 2 42 12 60
videos.hw01/03_frame/217.jpg 92 45 36 13 50 132 50 55 59 23 45 55 16 38 39 32
videos.hw01/03_frame/218.jpg 21 15 49 7 35 63 24 51 50 10 66 24 6 20 40 14
videos.hw01/03_frame/219.jpg 41 57 36 0 45 36 37 21 10 20 56 22 29 62 78 74
videos.hw01/03_frame/220.jpg 29 33 59 65 41 79 51 45 7 24 60 36 36 30 31 18
videos.hw01/03_frame/221.jpg 11 7 29 5 8 0 6 21 8 11 10 33 0 27 2 18
videos.hw01/03_frame/222.jpg 23 32 64 52 34 45 37 31 36 32 47 10 43 28 38 20
videos.hw01/03_frame/223.jpg 47 65 34 17 38 107 101 54 87 45 46 66 63 49 30 46
videos.hw01/03_frame/224.jpg 119 521 361 329 204 280 380 256 70 72 66 57 24 43 55 26
videos.hw01/03_frame/225.jpg 14 136 12 8 40 47 33 67 44 6 13 4 6 36 19 52
videos.hw01/03_frame/226.jpg 50 94 43 233 68 151 102 103 197 65 41 146 90 22 101 74
videos.hw01/03_frame/227.jpg 4 33 17 85 35 101 24 32 32 8 16 14 0 27 4 22
videos.hw01/03_frame/228.jpg 158 130 280 191 92 119 243 86 7 62 97 30 30 82 17 92
videos.hw01/03_frame/229.jpg 28 71 74 70 121 70 151 52 78 22 14 31 148 36 22 24
videos.hw01/03_frame/230.jpg 86 66 153 103 55 166 88 60 18 19 33 31 167 40 144 8
videos.hw01/03_frame/231.jpg 146 149 142 120 143 221 363 115 36 26 91 36 28 95 42 24
videos.hw01/03_frame/232.jpg 37 66 34 33 32 24 71 45 41 27 41 50 15 36 59 10
videos.hw01/03_frame/233.jpg 34 101 41 34 43 52 161 32 17 11 36 50 90 61 28 4
videos.hw01/03_frame/234.jpg 38 48 45 10 21 252 121 15 260 28 61 26 100 49 39 32
videos.hw01/03_frame/235.jpg 52 92 65 55 45 59 48 67 176 63 70 37 103 76 98 42
videos.hw01/03_frame/236.jpg 81 121 66 15 89 122 43 49 187 34 52 62 26 42 45 30
videos.hw01/03_frame/237.jpg 11 26 65 12 34 159 78 36 103 23 49 12 38 80 73 26
videos.hw01/03_frame/238.jpg 34 90 44 26 50 57 52 95 130 19 56 53 5 137 96 40
videos.hw01/03_frame/239.jpg 0 20 23 6 13 32 25 22 8 0 21 7 0 28 8 6
videos.hw01/03_frame/240.jpg 10 36 27 34 38 50 14 16 10 10 51 35 6 71 34 14
videos.hw01/03_frame/241.jpg 31 27 53 36 16 147 48 77 26 20 26 61 7 60 46 34
videos.hw01/03_frame/242.jpg 33 27 22 14 21 105 16 8 28 9 32 52 22 22 42 38
videos.hw01/03_frame/243.jpg 20 15 17 4 29 30 6 8 38 10 33 14 0 14 19 0
videos.hw01/03_frame/244.jpg 37 30 18 4 0 16 9 18 44 4 33 19 0 19 12 0
videos.hw01/03_frame/245.jpg 28 41 37 23 36 40 30 3 23 16 53 12 94 21 23 20
videos.hw01/03_frame/246.jpg 44 43 41 8 7 109 33 14 8 4 13 16 48 14 22 6
videos.hw01/03_frame/247.jpg 17 29 42 4 11 20 13 17 4 4 17 21 5 11 10 28
videos.hw01/03_frame/248.jpg 24 41 56 7 29 54 7 27 12 14 16 18 13 11 42 50
videos.hw01/03_frame/249.jpg 48 52 61 8 38 305 20 24 7 66 25 12 39 47 8 34
videos.hw01/03_frame/250.jpg 30 48 38 13 37 13 33 57 198 6 24 34 14 30 15 14
videos.hw01/03_frame/251.jpg 36 32 27 5 24 67 12 17 294 2 0 4 2 16 8 28
videos.hw01/03_frame/252.jpg 39 45 6 22 19 27 16 16 28 15 25 12 21 17 8 10
videos.hw01/03_frame/253.jpg 14 48 84 18 39 14 10 9 24 42 2 4 19 21 0 0
videos.hw01/03_frame/254.jpg 31 53 42 10 108 66 25 26 87 24 25 34 127 53 41 106
videos.hw01/03_frame/255.jpg 15 27 33 37 9 57 22 45 426 5 26 18 38 35 31 88
videos.hw01/03_frame/256.jpg 34 30 27 27 23 142 86 45 164 25 35 17 10 34 70 44
videos.hw01/03_frame/257.jpg 25 42 22 0 28 39 32 2 65 36 7 23 8 8 47 26
videos.hw01/03_frame/258.jpg 5 6 53 2 20 0 4 16 46 4 5 3 0 6 4 14
videos.hw01/03_frame/259.jpg 23 44 38 37 59 90 28 58 28 12 58 8 5 57 35 36
videos.hw01/03_frame/260.jpg 6 32 35 7 23 40 26 19 81 7 30 20 3 27 44 20
videos.hw01/03_frame/261.jpg 10 10 17 7 41 40 25 4 87 14 3 0 9 20 58 10
videos.hw01/03_frame/262.jpg 31 84 116 18 27 179 70 116 40 63 100 139 47 80 123 78
videos.hw01/03_frame/263.jpg 13 76 4 4 13 27 2 0 8 6 0 0 0 12 22 32
videos.hw01/03_frame/264.jpg 20 38 4 0 41 49 18 4 22 14 0 6 0 0 0 0
videos.hw01/03_frame/265.jpg 10 77 10 0 24 40 4 4 6 0 0 4 8 15 0 0
videos.hw01/03_frame/266.jpg 27 84 13 0 15 31 120 525 128 195 940 694 2 64 591 304
videos.hw01/03_frame/267.jpg 18 14 0 4 35 57 130 215 8 202 2142 650 10 12 374 208
videos.hw01/03_frame/268.jpg 18 48 68 31 27 129 66 32 189 11 26 24 0 27 20 18
videos.hw01/03_frame/269.jpg 28 82 49 10 18 11 105 231 28 305 517 580 10 26 114 242
videos.hw01/03_frame/270.jpg 17 34 10 5 9 22 11 12 24 5 6 20 4 2 19 14
videos.hw01/03_frame/271.jpg 34 122 62 44 30 71 43 34 440 11 20 60 6 10 138 18
videos.hw01/03_frame/272.jpg 35 39 16 65 12 27 37 228 16 590 367 299 6 10 85 700
videos.hw01/03_frame/273.jpg 5 4 23 10 17 35 20 42 236 7 13 51 0 16 22 16
videos.hw01/03_frame/274.jpg 6 33 10 8 15 20 68 271 456 94 458 538 2 8 43 110
videos.hw01/03_frame/275.jpg 39 22 24 55 56 38 83 195 20 290 348 367 29 29 69 84
videos.hw01/03_frame/276.jpg 24 38 89 16 16 21 32 46 16 21 18 43 13 23 31 72
videos.hw01/03_frame/277.jpg 34 42 62 45 40 101 94 65 519 14 41 32 16 21 28 54
videos.hw01/03_frame/278.jpg 82 48 31 36 7 33 34 57 4 18 53 40 0 6 14 34
videos.hw01/03_frame/279.jpg 24 47 143 79 32 38 45 42 32 21 69 66 18 53 23 40
videos.hw01/03_frame/280.jpg 7 137 33 4 29 28 29 22 2 14 30 42 9 17 20 44
videos.hw01/03_frame/281.jpg 21 70 13 1 33 6 24 17 49 21 53 63 10 15 8 0
videos.hw01/03_frame/282.jpg 4 57 42 42 13 22 15 25 62 18 22 14 7 11 4 8
videos.hw01/03_frame/283.jpg 8 11 6 0 19 15 10 21 6 6 19 20 22 27 13 6
videos.hw01/03_frame/284.jpg 30 120 29 36 24 31 48 27 98 63 53 57 6 44 20 16
videos.hw01/03_frame/285.jpg 27 27 20 11 24 24 15 50 563 54 31 19 8 15 71 110
videos.hw01/03_frame/286.jpg 23 66 33 34 24 30 37 32 405 80 23 29 8 14 69 14
videos.hw01/03_frame/287.jpg 14 39 24 47 18 17 36 53 271 25 66 86 33 28 24 14
videos.hw01/03_frame/288.jpg 11 89 16 0 19 17 32 28 80 5 15 29 0 27 11 12
videos.hw01/03_frame/289.jpg 24 27 19 14 14 46 48 28 88 26 17 54 3 21 27 30
videos.hw01/03_frame/290.jpg 12 16 14 7 17 21 8 24 324 10 30 37 7 14 2 82
videos.hw01/03_frame/291.jpg 26 42 21 6 39 54 73 48 175 11 50 24 17 37 16 64
videos.hw01/03_frame/292.jpg 26 20 14 7 16 37 6 21 10 0 5 16 21 11 68 4
videos.hw01/03_frame/293.jpg 50 32 8 0 33 43 11 28 848 22 60 37 15 26 26 12
videos.hw01/03_frame/294.jpg 2 8 5 8 31 18 18 44 16 13 14 2 12 11 16 24
videos.hw01/03_frame/295.jpg 17 136 16 9 13 51 25 11 58 4 26 16 7 20 5 14
videos.hw01/03_frame/296.jpg 5 15 20 6 2 8 4 28 0 16 83 20 0 13 6 4
videos.hw01/03_frame/297.jpg 13 18 4 3 14 25 25 30 71 17 26 38 13 36 36 40
videos.hw01/03_frame/298.jpg 31 17 11 2 2 2 17 15 16 2 2 17 2 5 1 6
videos.hw01/03_frame/299.jpg 25 26 22 16 53 65 56 41 117 19 79 22 46 24 46 14
videos.hw01/03_frame/300.jpg 32 104 18 23 4 38 16 34 16 12 28 24 21 11 24 2
videos.hw01/03_frame/301.jpg 17 43 40 41 33 56 57 51 168 52 48 54 47 14 33 38
videos.hw01/03_frame/302.jpg 36 66 33 6 38 36 72 52 42 14 110 83 13 23 76 38
videos.hw01/03_frame/303.jpg 23 87 19 4 34 92 28 41 93 13 52 74 18 8 50 40
videos.hw01/03_frame/304.jpg 12 11 12 0 14 5 9 5 148 4 26 61 4 6 13 36
videos.hw01/03_frame/305.jpg 40 27 9 20 37 14 32 23 16 22 85 66 2 20 29 22
videos.hw01/03_frame/306.jpg 0 0 8 2 20 72 13 33 16 10 23 21 16 9 18 22
videos.hw01/03_frame/307.jpg 37 9 22 0 2 13 11 19 350 5 19 16 0 20 19 20
videos.hw01/03_frame/308.jpg 20 175 30 18 43 69 27 31 30 13 43 40 33 25 22 8
videos.hw01/03_frame/309.jpg 22 58 24 53 29 38 41 92 310 14 60 40 8 27 48 74
videos.hw01/03_frame/310.jpg 8 22 50 23 31 41 12 26 8 10 12 12 6 38 47 18
videos.hw01/03_frame/311.jpg 10 45 52 25 45 62 38 74 214 9 69 43 9 65 54 24
videos.hw01/03_frame/312.jpg 0 1 16 16 26 12 8 31 22 19 43 12 17 22 22 0
videos.hw01/03_frame/313.jpg 43 77 65 34 68 25 41 77 25 34 46 61 15 24 37 32
videos.hw01/03_frame/314.jpg 13 7 26 25 15 27 30 40 28 4 33 43 4 16 5 26
videos.hw01/03_frame/315.jpg 22 59 19 26 60 63 39 21 33 9 33 27 6 31 22 12
videos.hw01/03_frame/316.jpg 38 37 96 28 53 68 27 51 466 46 45 44 6 32 17 86
videos.hw01/03_frame/317.jpg 19 98 30 32 26 108 24 25 32 19 37 123 6 21 19 80
videos.hw01/03_frame/318.jpg 0 91 26 2 48 52 18 12 46 6 23 26 3 15 34 48
videos.hw01/03_frame/319.jpg 16 106 19 22 58 135 40 32 23 11 27 15 16 28 27 62
videos.hw01/03_frame/320.jpg 46 31 6 4 27 24 12 7 13 2 15 16 21 11 2 20
videos.hw01/03_frame/321.jpg 22 28 10 9 24 51 15 23 68 14 67 98 36 19 19 34
videos.hw01/03_frame/322.jpg 52 173 143 26 59 572 67 101 608 69 59 106 64 135 194 310
videos.hw01/03_frame/323.jpg 11 22 16 26 12 2 7 25 91 14 67 35 20 10 8 62
videos.hw01/03_frame/324.jpg 40 11 30 8 44 70 10 37 34 10 47 62 58 18 15 128
videos.hw01/03_frame/325.jpg 39 31 6 17 32 116 8 19 7 3 15 11 35 20 14 32
videos.hw01/03_frame/326.jpg 24 6 0 2 0 0 23 11 2 0 40 56 0 13 20 6
videos.hw01/03_frame/327.jpg 0 5 0 4 30 0 8 1 8 0 11 13 0 0 10 4
videos.hw01/03_frame/328.jpg 29 54 4 2 52 11 4 32 56 16 13 42 27 14 70 38
videos.hw01/03_frame/329.jpg 12 76 4 2 21 78 23 26 56 12 90 63 0 20 22 4
videos.hw01/03_frame/330.jpg 34 51 12 4 32 46 35 45 163 7 37 23 23 60 93 10
videos.hw01/03_frame/331.jpg 11 6 21 9 15 119 29 26 82 18 50 52 8 29 46 44
videos.hw01/03_frame/332.jpg 28 14 0 18 21 81 1 14 456 0 0 5 24 17 19 32
videos.hw01/03_frame/333.jpg 46 71 2 20 21 74 14 10 88 18 83 62 27 35 19 30
videos.hw01/03_frame/334.jpg 58 26 6 0 34 61 25 1 13 1 13 27 2 17 21 36
videos.hw01/03_frame/335.jpg 0 20 0 10 4 53 25 0 94 0 46 31 24 9 22 2
videos.hw01/03_frame/336.jpg 18 11 14 0 15 14 2 2 66 25 26 28 30 21 36 14
videos.hw01/03_frame/337.jpg 19 38 26 40 54 14 13 16 72 47 39 41 0 13 27 16
videos.hw01/03_frame/338.jpg 7 16 35 38 24 24 24 28 89 6 45 52 0 56 43 24
videos.hw01/03_frame/339.jpg 0 6 43 21 19 21 2 5 224 0 26 12 0 0 20 22
videos.hw01/03_frame/340.jpg 36 48 47 25 59 14 28 20 34 27 40 34 6 58 57 6
videos.hw01/03_frame/341.jpg 28 87 39 8 39 94 40 13 141 40 67 30 50 30 56 0
videos.hw01/03_frame/342.jpg 37 62 39 17 66 80 51 58 92 36 52 40 7 17 63 0
videos.hw01/03_frame/343.jpg 0 0 10 10 14 13 0 12 186 7 32 29 0 8 0 0
videos.hw01/03_frame/344.jpg 75 78 55 10 39 56 10 44 56 35 87 40 115 116 72 0
videos.hw01/03_frame/345.jpg 81 79 58 21 11 154 53 32 100 34 105 42 84 39 99 10
videos.hw01/03_frame/346.jpg 61 58 72 22 35 51 18 29 435 25 66 51 23 44 121 10
videos.hw01/03_frame/347.jpg 2 63 18 20 51 34 22 38 22 15 81 29 13 21 16 30
videos.hw01/03_frame/348.jpg 63 52 0 0 46 41 15 6 56 8 24 36 118 11 26 0
videos.hw01/03_frame/349.jpg 70 88 33 15 15 61 61 45 30 26 33 20 4 23 12 6
videos.hw01/03_frame/350.jpg 10 31 14 0 21 71 19 26 11 26 72 34 82 16 2 8
videos.hw01/03_frame/351.jpg 22 2 0 0 7 0 0 3 15 0 0 0 4 0 8 0
videos.hw01/03_frame/352.jpg 55 126 18 1 14 52 23 3 54 23 10 10 11 38 20 4
videos.hw01/03_frame/353.jpg 16 16 22 4 31 49 113 874 24 1031 1367 797 26 172 515 186
videos.hw01/03_frame/354.jpg 20 71 16 0 35 38 7 10 23 18 18 24 22 26 18 0
videos.hw01/03_frame/355.jpg 65 170 10 0 31 86 10 30 28 46 6 12 122 23 91 4
videos.hw01/03_frame/356.jpg 8 4 0 0 11 0 2 651 28 272 143 298 0 47 382 246
videos.hw01/03_frame/357.jpg 16 4 6 6 0 41 15 10 0 0 0 2 4 0 16 0
videos.hw01/03_frame/358.jpg 39 51 0 0 12 42 0 6 0 2 0 20 64 0 32 0
videos.hw01/03_frame/359.jpg 51 4 0 0 3 15 2 4 20 150 393 102 0 69 316 77
videos.hw01/03_frame/360.jpg 0 7 0 0 0 24 0 0 4 22 27 46 18 4 23 12
videos.hw01/03_frame/361.jpg 63 89 70 73 79 193 125 52 680 58 91 200 149 125 173 146
videos.hw01/03_frame/362.jpg 22 37 21 14 43 19 51 0 454 118 303 75 50 72 68 143
videos.hw01/03_frame/363.jpg 22 118 27 2 30 26 40 35 248 8 41 24 17 51 55 20
videos.hw01/03_frame/364.jpg 46 32 27 9 49 24 22 29 184 58 16 75 24 54 71 24
videos.hw01/03_frame/365.jpg 62 104 33 31 54 52 36 102 88 38 90 101 7 39 59 50
videos.hw01/03_frame/366.jpg 34 33 53 30 67 41 35 48 16 12 35 62 2 74 12 28
videos.hw01/03_frame/367.jpg 57 9 35 38 31 17 12 14 69 36 35 45 69 40 44 4
videos.hw01/03_frame/368.jpg 42 67 41 10 14 33 19 22 14 34 37 45 0 90 50 37
videos.hw01/03_frame/369.jpg 26 37 17 15 25 22 20 18 223 28 22 31 1 21 23 12
videos.hw01/03_frame/370.jpg 74 32 40 17 20 41 21 17 39 20 7 57 24 28 19 6
videos.hw01/03_frame/371.jpg 33 28 29 7 28 37 25 10 26 16 37 49 6 31 45 34
videos.hw01/03_frame/372.jpg 49 34 25 6 30 15 24 15 353 9 31 66 44 34 22 20
videos.hw01/03_frame/373.jpg 48 71 35 13 11 70 24 3 263 11 52 30 22 35 28 8
videos.hw01/03_frame/374.jpg 64 61 33 3 20 36 33 19 44 38 63 49 105 42 68 40
videos.hw01/03_frame/375.jpg 4 5 27 26 12 13 18 37 0 0 15 3 10 34 24 28
videos.hw01/03_frame/376.jpg 47 38 104 31 81 47 56 24 185 46 52 120 80 68 108 26
videos.hw01/03_frame/377.jpg 11 21 26 15 39 78 27 6 580 16 46 85 7 15 38 40
videos.hw01/03_frame/378.jpg 11 27 21 48 21 59 22 43 140 12 68 101 30 53 106 68
videos.hw01/03_frame/379.jpg 48 76 24 12 37 78 32 77 112 10 67 86 27 44 49 100
videos.hw01/03_frame/380.jpg 22 18 29 15 24 107 19 6 65 9 9 6 68 32 13 38
videos.hw01/03_frame/381.jpg 12 20 14 26 24 25 26 17 0 30 17 39 4 29 52 30
videos.hw01/03_frame/382.jpg 42 38 50 35 29 164 112 41 104 78 52 34 160 58 66 14
videos.hw01/03_frame/383.jpg 55 107 55 37 79 63 125 50 52 69 75 91 50 47 80 54
videos.hw01/03_frame/384.jpg 27 39 61 39 79 83 41 33 45 20 67 42 111 41 94 36
videos.hw01/03_frame/385.jpg 42 108 146 51 78 74 150 36 265 76 33 112 53 49 105 17
videos.hw01/03_frame/386.jpg 20 40 35 13 40 63 31 24 92 8 36 97 6 25 41 43
videos.hw01/03_frame/387.jpg 44 97 59 74 107 89 150 26 158 61 57 58 103 62 85 44
videos.hw01/03_frame/388.jpg 79 93 62 39 103 117 119 43 94 55 41 62 105 97 88 26
videos.hw01/03_frame/389.jpg 54 37 45 39 71 127 28 51 14 37 60 94 23 43 80 42
videos.hw01/03_frame/390.jpg 36 36 65 20 22 39 23 24 60 65 62 10 10 22 103 22
videos.hw01/03_frame/391.jpg 23 47 55 28 70 35 12 59 170 32 47 20 24 41 68 30
videos.hw01/03_frame/392.jpg 98 93 51 23 40 110 37 46 53 37 63 23 47 60 40 10
videos.hw01/03_frame/393.jpg 33 35 48 27 35 67 16 32 605 29 46 124 9 54 40 43
videos.hw01/03_frame/394.jpg 34 30 28 4 40 84 47 17 326 34 34 51 25 37 34 44
videos.hw01/03_frame/395.jpg 31 30 19 4 24 8 20 25 110 8 55 52 14 36 34 67
videos.hw01/03_frame/396.jpg 41 49 19 2 11 33 33 43 213 48 38 60 49 40 26 24
videos.hw01/03_frame/397.jpg 34 38 41 34 48 78 18 17 230 34 29 63 23 100 129 60
videos.hw01/03_frame/398.jpg 25 24 9 12 54 28 22 38 53 14 40 94 18 30 90 36
videos.hw01/03_frame/399.jpg 72 72 20 19 25 23 24 34 441 34 33 60 44 64 60 4
videos.hw01/03_frame/400.jpg 47 32 24 9 42 60 30 71 46 6 45 20 52 16 50 6
videos.hw01/03_frame/401.jpg 39 11 10 6 12 34 31 128 3 28 43 64 15 30 46 30
videos.hw01/03_frame/402.jpg 21 73 34 8 22 31 22 31 113 20 55 52 30 56 32 17
videos.hw01/03_frame/403.jpg 46 38 12 14 23 107 50 27 262 25 31 20 32 22 130 24
videos.hw01/03_frame/404.jpg 31 44 24 0 16 48 6 1 4 23 31 58 0 21 56 53
videos.hw01/03_frame/405.jpg 37 13 20 18 9 40 1 32 12 28 20 20 31 29 57 6
videos.hw01/03_frame/406.jpg 18 24 24 7 40 48 34 32 167 13 10 51 22 29 34 20
videos.hw01/03_frame/407.jpg 18 43 15 18 17 38 21 11 0 0 37 59 32 21 54 44
videos.hw01/03_frame/408.jpg 19 68 23 11 21 23 28 21 7 46 28 42 6 20 41 0
videos.hw01/03_frame/409.jpg 9 17 20 10 10 20 3 1 188 12 12 16 2 12 25 18
videos.hw01/03_frame/410.jpg 27 36 20 2 36 28 12 20 92 18 26 63 12 54 38 24
videos.hw01/03_frame/411.jpg 8 4 0 4 2 0 3 18 32 10 29 22 9 10 10 4
videos.hw01/03_frame/412.jpg 35 8 26 14 31 42 0 36 26 0 13 23 0 24 33 14
videos.hw01/03_frame/413.jpg 49 49 43 15 45 88 44 111 40 36 64 47 68 71 54 32
videos.hw01/03_frame/414.jpg 37 13 42 5 36 55 6 15 32 3 23 11 12 44 14 10
videos.hw01/03_frame/415.jpg 5 8 12 0 14 16 13 19 10 5 12 19 2 30 6 0
videos.hw01/03_frame/416.jpg 6 14 6 4 21 54 9 5 23 34 18 26 28 62 22 0
videos.hw01/03_frame/417.jpg 18 30 35 17 66 92 27 29 792 31 91 20 6 27 112 32
videos.hw01/03_frame/418.jpg 21 32 32 16 24 52 21 50 485 20 33 41 17 37 154 8
videos.hw01/03_frame/419.jpg 10 9 25 0 29 33 31 4 308 12 29 48 19 17 129 31
videos.hw01/03_frame/420.jpg 57 110 30 8 19 34 21 18 27 41 35 35 24 30 37 20
videos.hw01/03_frame/421.jpg 48 212 96 57 57 207 81 69 233 105 83 106 104 157 211 52
videos.hw01/03_frame/422.jpg 32 7 20 8 2 19 2 26 216 39 40 89 2 24 55 31
videos.hw01/03_frame/423.jpg 85 74 85 19 65 145 74 36 88 117 44 58 56 46 48 16
videos.hw01/03_frame/424.jpg 33 54 79 33 29 45 14 20 56 38 35 38 6 84 48 0
videos.hw01/03_frame/425.jpg 4 21 14 12 47 34 32 6 20 10 53 53 0 38 80 73
videos.hw01/03_frame/426.jpg 85 67 14 19 33 37 7 16 195 4 33 55 77 22 101 2
videos.hw01/03_frame/427.jpg 45 4 16 0 32 155 2 0 14 2 7 24 24 16 7 18
videos.hw01/03_frame/428.jpg 58 44 25 11 48 115 29 18 282 25 49 22 64 75 104 14
videos.hw01/03_frame/429.jpg 22 29 9 6 29 95 31 15 62 13 55 59 52 33 47 21
videos.hw01/03_frame/430.jpg 42 49 10 11 20 33 17 52 360 22 23 69 52 24 71 10
videos.hw01/03_frame/431.jpg 46 159 251 369 310 154 247 41 29 32 50 46 2 65 111 28
videos.hw01/03_frame/432.jpg 32 39 59 18 58 90 25 129 63 42 39 83 4 41 68 18
videos.hw01/03_frame/433.jpg 44 161 63 18 83 17 88 40 67 50 49 28 32 50 107 18
videos.hw01/03_frame/434.jpg 45 54 122 167 164 90 59 133 88 26 31 15 22 43 35 22
videos.hw01/03_frame/435.jpg 57 43 57 25 107 39 54 57 0 0 10 28 2 31 21 0
videos.hw01/03_frame/436.jpg 58 134 22 39 31 30 78 68 175 70 35 69 16 34 72 32
videos.hw01/03_frame/437.jpg 41 73 60 210 191 82 117 55 30 12 16 32 4 54 25 14
videos.hw01/03_frame/438.jpg 98 38 162 115 121 108 80 125 14 2 70 32 112 50 36 20
videos.hw01/03_frame/439.jpg 32 75 57 19 30 32 31 82 56 13 67 7 19 79 61 10
videos.hw01/03_frame/440.jpg 78 30 10 24 56 45 27 64 86 12 16 0 59 27 30 4
videos.hw01/03_frame/441.jpg 30 38 117 104 91 49 58 88 223 33 131 83 71 32 102 236
videos.hw01/03_frame/442.jpg 5197 2256 3273 6026 4057 2136 4774 8080 3122 2214 2858 3109 3870 6633 2829 5347
videos.hw01/03_frame/443.jpg 2262 1699 1117 922 1518 1407 1324 618 1522 1174 705 712 2924 3753 2744 752
videos.hw01/03_frame/444.jpg 1780 1991 993 729 2623 1401 1561 246 1887 1592 1300 450 2530 4063 1783 2346
videos.hw01/03_frame/445.jpg 2156 2839 2146 807 1548 1298 1330 585 1473 1485 893 875 2324 1968 3404 2986
videos.hw01/03_frame/446.jpg 2318 1393 908 1370 2178 1370 1463 1783 1772 1620 1233 983 824 3198 4259 2055
videos.hw01/03_frame/447.jpg 2129 1917 2130 1829 2084 2334 1117 1422 2153 1903 1245 772 1225 2203 2126 2945
videos.hw01/03_frame/448.jpg 1978 1791 2550 1882 3000 2183 1389 1364 2099 1286 1558 563 1379 804 2840 4178
videos.hw01/03_frame/449.jpg 143 148 274 652 268 247 164 168 422 179 230 123 109 193 326 324
videos.hw01/03_frame/450.jpg 255 385 187 135 126 101 218 164 276 239 85 109 108 107 232 282
videos.hw01/03_frame/451.jpg 142 200 554 228 92 233 115 103 364 326 113 109 144 213 254 274
videos.hw01/03_frame/452.jpg 69 123 134 46 184 142 66 96 292 113 154 48 50 142 84 132
videos.hw01/03_frame/453.jpg 124 168 306 146 244 175 298 156 444 210 165 150 128 247 324 290
videos.hw01/03_frame/454.jpg 165 209 202 147 252 235 148 74 458 383 140 220 92 72 330 396
videos.hw01/03_frame/455.jpg 112 209 556 145 144 171 110 71 286 243 118 171 196 59 204 234
videos.hw01/03_frame/456.jpg 205 146 235 237 152 195 150 172 396 219 293 306 61 107 254 206
videos.hw01/03_frame/457.jpg 161 166 433 156 230 154 199 113 278 196 82 127 69 130 244 142
videos.hw01/03_frame/458.jpg 132 171 250 98 234 126 181 166 308 206 124 136 72 171 164 174
videos.hw01/03_frame/459.jpg 198 136 82 195 290 192 163 213 240 128 207 122 44 218 222 80
videos.hw01/03_frame/460.jpg 158 173 385 152 154 180 94 74 344 262 241 118 259 243 258 80
videos.hw01/03_frame/461.jpg 199 119 433 161 402 228 152 103 296 266 185 175 63 93 294 94
videos.hw01/03_frame/462.jpg 217 171 231 172 126 138 148 68 301 328 135 102 69 163 171 56
videos.hw01/03_frame/463.jpg 248 148 166 191 162 176 258 142 285 277 128 141 44 123 229 102
videos.hw01/03_frame/464.jpg 236 172 194 156 326 228 136 98 272 277 176 149 93 248 194 50
videos.hw01/03_frame/465.jpg 230 137 164 189 270 210 238 44 352 141 193 92 62 125 168 60
videos.hw01/03_frame/466.jpg 204 112 321 123 38 36 53 40 60 53 57 138 68 130 71 140
videos.hw01/03_frame/467.jpg 120 4 249 45 28 98 16 14 6 46 21 10 54 17 11 6
videos.hw01/03_frame/468.jpg 2 64 84 54 38 18 25 23 80 46 63 13 50 11 11 14
videos.hw01/03_frame/469.jpg 16 26 150 76 24 16 18 23 68 23 26 4 70 69 26 10
videos.hw01/03_frame/470.jpg 14 45 28 53 42 60 27 29 46 46 54 24 25 108 43 6
videos.hw01/03_frame/471.jpg 18 30 18 47 44 108 111 33 10 66 59 73 20 30 18 6
videos.hw01/03_frame/472.jpg 16 133 241 26 6 40 26 21 6 28 47 15 58 8 14 4
videos.hw01/03_frame/473.jpg 0 82 104 35 14 30 53 17 12 62 41 36 38 8 36 12
videos.hw01/03_frame/474.jpg 14 10 40 6 22 22 66 8 36 74 47 25 14 20 18 18
videos.hw01/03_frame/475.jpg 18 43 133 34 6 50 53 29 16 38 101 34 26 5 0 6
videos.hw01/03_frame/476.jpg 10 17 35 17 38 2 16 27 34 51 35 10 16 19 24 10
videos.hw01/03_frame/477.jpg 20 75 63 38 58 86 43 59 16 67 48 49 16 41 46 6
videos.hw01/03_frame/478.jpg 112 29 78 9 26 10 85 36 8 46 22 14 50 17 22 14
videos.hw01/03_frame/479.jpg 0 8 93 8 38 10 72 35 8 48 14 7 6 7 42 0
videos.hw01/03_frame/480.jpg 24 63 41 25 50 16 35 6 24 55 22 18 75 35 44 26
videos.hw01/03_frame/481.jpg 94 85 490 96 200 320 440 123 160 111 200 172 189 304 152 124
videos.hw01/03_frame/482.jpg 58 16 8 19 20 4 23 9 0 23 13 7 28 108 16 6
videos.hw01/03_frame/483.jpg 12 43 6 2 10 4 45 16 28 20 33 17 55 3 24 0
videos.hw01/03_frame/484.jpg 12 59 35 0 16 4 0 4 0 25 5 14 58 21 2 0
videos.hw01/03_frame/485.jpg 0 24 20 122 38 4 44 20 18 18 4 5 2 1 26 0
videos.hw01/03_frame/486.jpg 0 33 67 11 0 4 42 11 0 28 11 7 2 1 0 0
videos.hw01/03_frame/487.jpg 12 15 4 76 38 4 20 25 10 0 18 10 44 27 8 2
videos.hw01/03_frame/488.jpg 0 2 28 0 18 0 38 2 0 2 12 4 0 14 0 0
videos.hw01/03_frame/489.jpg 6 16 10 22 18 4 16 6 0 14 19 6 2 1 16 2
videos.hw01/03_frame/490.jpg 28 15 69 8 6 4 4 27 0 48 17 11 6 0 8 20
videos.hw01/03_frame/491.jpg 16 22 30 10 16 6 8 6 0 60 16 0 18 0 4 0
videos.hw01/03_frame/492.jpg 0 0 0 2 0 0 0 0 0 0 0 0 0 0 0 0
videos.hw01/03_frame/493.jpg 16 80 151 76 88 16 109 67 69 57 100 88 159 151 96 54
