videos.hw01/03_frame/1.jpg 0 0 0 0 0 0 0 0 0 0 0 0 0 0 0 0
videos.hw01/03_frame/2.jpg 252 74 136 12 214 170 98 8 348 126 58 14 344 18 138 60
videos.hw01/03_frame/3.jpg 232 292 178 2 184 194 116 6 400 176 104 20 150 0 54 152
videos.hw01/03_frame/4.jpg 232 248 66 24 356 180 164 18 140 208 64 24 136 18 64 84
videos.hw01/03_frame/5.jpg 406 140 52 10 104 120 106 14 164 86 694 204 332 0 562 134
videos.hw01/03_frame/6.jpg 188 140 80 112 78 160 158 10 116 96 76 12 114 2 16 64
videos.hw01/03_frame/7.jpg 206 226 124 30 230 162 234 8 102 52 262 98 114 2 38 64
videos.hw01/03_frame/8.jpg 210 102 136 42 116 332 98 2 258 118 94 22 44 6 22 84
videos.hw01/03_frame/9.jpg 126 104 78 30 106 326 118 12 158 176 64 20 38 0 0 64
videos.hw01/03_frame/10.jpg 186 102 142 0 242 290 124 6 110 72 74 18 24 0 34 2
videos.hw01/03_frame/11.jpg 124 122 112 0 152 292 156 16 128 60 188 136 28 0 2 0
videos.hw01/03_frame/12.jpg 144 134 92 0 152 94 168 12 36 98 48 22 0 0 0 0
videos.hw01/03_frame/13.jpg 80 194 96 0 76 268 112 8 46 20 246 102 16 0 0 100
videos.hw01/03_frame/14.jpg 238 60 26 0 132 76 86 2 74 250 46 2 114 14 24 0
videos.hw01/03_frame/15.jpg 16 80 130 0 24 68 34 2 16 40 38 8 48 20 2 0
videos.hw01/03_frame/16.jpg 342 180 252 112 148 222 106 8 182 436 408 70 594 2 4 204
videos.hw01/03_frame/17.jpg 66 106 66 10 42 18 20 0 38 376 18 2 140 0 172 12
videos.hw01/03_frame/18.jpg 84 86 84 0 32 116 60 8 4 54 74 4 286 30 0 4
videos.hw01/03_frame/19.jpg 6 146 16 66 80 122 112 10 18 44 196 82 0 0 0 0
videos.hw01/03_frame/20.jpg 584 128 14 24 82 146 142 14 134 274 72 28 6 4 0 66
videos.hw01/03_frame/21.jpg 102 154 98 4 66 48 16 4 302 48 38 8 186 10 0 148
videos.hw01/03_frame/22.jpg 230 96 114 50 220 96 42 6 278 170 36 6 208 6 0 70
videos.hw01/03_frame/23.jpg 48 178 48 6 74 62 32 4 130 158 112 88 88 4 10 132
videos.hw01/03_frame/24.jpg 62 6 0 6 62 58 50 0 28 186 72 10 106 0 0 140
videos.hw01/03_frame/25.jpg 236 196 18 0 56 204 106 6 124 58 288 104 14 0 0 50
videos.hw01/03_frame/26.jpg 86 12 16 0 20 84 40 8 0 54 92 20 0 0 0 0
videos.hw01/03_frame/27.jpg 74 76 18 0 32 50 34 4 70 4 4 0 0 0 0 0
videos.hw01/03_frame/28.jpg 108 40 8 0 12 80 36 0 0 12 34 6 0 0 0 0
videos.hw01/03_frame/29.jpg 134 92 12 0 90 28 32 4 60 0 56 8 0 0 0 0
videos.hw01/03_frame/30.jpg 6 10 80 16 70 64 12 2 18 0 22 0 74 0 0 0
videos.hw01/03_frame/31.jpg 156 142 74 18 104 56 60 2 162 294 62 22 108 12 28 168
videos.hw01/03_frame/32.jpg 70 4 0 0 86 34 26 0 68 34 48 6 44 16 46 0
videos.hw01/03_frame/33.jpg 96 44 126 0 58 66 52 8 6 116 64 26 108 14 0 0
videos.hw01/03_frame/34.jpg 40 6 6 0 70 46 6 2 24 26 32 16 92 12 12 12
videos.hw01/03_frame/35.jpg 18 12 114 0 126 154 108 10 10 132 70 14 40 0 0 14
videos.hw01/03_frame/36.jpg 24 34 4 0 18 70 32 4 34 230 24 14 148 6 0 0
videos.hw01/03_frame/37.jpg 198 48 0 0 52 16 22 2 16 120 8 0 12 0 0 8
videos.hw01/03_frame/38.jpg 108 18 30 14 88 44 24 2 24 210 40 10 60 10 12 0
videos.hw01/03_frame/39.jpg 28 36 24 0 106 78 46 2 28 16 40 6 28 0 74 0
videos.hw01/03_frame/40.jpg 40 134 8 0 68 198 166 2 62 192 46 12 0 0 0 0
videos.hw01/03_frame/41.jpg 40 18 6 0 4 82 90 18 96 88 30 16 138 6 0 0
videos.hw01/03_frame/42.jpg 8 2 156 0 20 102 64 26 0 70 44 4 28 0 0 66
videos.hw01/03_frame/43.jpg 42 64 2 0 110 294 134 16 10 468 90 20 32 0 0 0
videos.hw01/03_frame/44.jpg 12 10 54 70 20 92 52 4 0 132 94 4 66 0 0 4
videos.hw01/03_frame/45.jpg 108 8 0 0 48 56 56 4 16 14 46 0 0 0 0 72
videos.hw01/03_frame/46.jpg 136 30 54 4 18 96 58 4 82 114 42 16 84 0 0 92
videos.hw01/03_frame/47.jpg 2 14 0 90 32 280 148 2 82 240 174 36 108 0 0 0
videos.hw01/03_frame/48.jpg 4 16 0 0 44 64 44 2 22 38 36 0 4 0 0 0
videos.hw01/03_frame/49.jpg 182 42 26 0 152 206 114 8 36 106 136 64 0 0 0 24
videos.hw01/03_frame/50.jpg 56 128 58 0 200 74 60 2 56 108 50 28 48 4 0 200
videos.hw01/03_frame/51.jpg 224 104 126 12 104 172 60 2 198 414 50 0 62 106 20 22
videos.hw01/03_frame/52.jpg 96 52 16 0 68 362 88 6 144 212 210 116 204 20 0 176
videos.hw01/03_frame/53.jpg 24 4 94 0 54 26 16 0 8 40 20 0 110 70 20 0
videos.hw01/03_frame/54.jpg 44 18 18 20 110 140 82 4 40 60 44 4 198 8 0 0
videos.hw01/03_frame/55.jpg 74 10 6 0 110 304 116 26 8 194 128 34 2 10 0 0
videos.hw01/03_frame/56.jpg 56 24 10 0 156 108 30 12 32 66 64 8 48 4 0 0
videos.hw01/03_frame/57.jpg 36 56 0 0 44 44 44 2 88 114 62 8 12 0 0 0
videos.hw01/03_frame/58.jpg 8 26 0 0 48 64 56 6 16 34 84 8 90 0 0 140
videos.hw01/03_frame/59.jpg 114 36 0 52 52 206 90 20 4 260 102 22 0 24 0 12
videos.hw01/03_frame/60.jpg 40 6 66 30 48 78 36 4 52 36 54 12 94 0 0 0
videos.hw01/03_frame/61.jpg 382 406 356 128 96 372 218 12 108 438 172 32 512 14 10 198
videos.hw01/03_frame/62.jpg 86 6 16 32 130 56 72 0 50 84 28 12 62 12 0 74
videos.hw01/03_frame/63.jpg 138 4 0 0 76 6 0 0 48 30 0 0 24 10 0 0
videos.hw01/03_frame/64.jpg 40 48 8 68 10 68 50 8 92 42 114 12 70 0 0 40
videos.hw01/03_frame/65.jpg 32 8 0 40 0 0 2 0 0 14 48 0 24 0 0 12
videos.hw01/03_frame/66.jpg 22 0 14 0 2 28 56 2 0 24 54 12 78 16 0 82
videos.hw01/03_frame/67.jpg 0 0 36 38 22 12 4 2 0 6 46 8 14 0 0 0
videos.hw01/03_frame/68.jpg 100 14 4 0 44 10 38 0 0 0 26 10 0 0 0 0
videos.hw01/03_frame/69.jpg 0 0 0 2 0 34 28 4 0 0 4 6 0 0 0 0
videos.hw01/03_frame/70.jpg 28 34 4 0 34 10 24 8 0 0 34 20 62 2 0 92
videos.hw01/03_frame/71.jpg 2 2 72 76 38 32 10 0 60 40 42 0 28 16 0 46
videos.hw01/03_frame/72.jpg 66 22 0 0 174 12 12 0 108 190 4 2 20 16 0 0
videos.hw01/03_frame/73.jpg 94 114 62 46 160 682 318 216 28 530 48 12 2 22 10 0
videos.hw01/03_frame/74.jpg 24 8 40 0 34 146 186 50 72 72 50 32 0 0 0 0
videos.hw01/03_frame/75.jpg 66 30 0 0 116 50 118 16 0 34 42 8 28 0 0 0
videos.hw01/03_frame/76.jpg 98 86 76 0 164 544 172 160 84 228 44 14 272 6 10 38
videos.hw01/03_frame/77.jpg 64 106 104 30 50 140 104 54 46 46 40 26 18 0 0 0
videos.hw01/03_frame/78.jpg 46 86 32 70 8 62 34 32 66 4 48 0 78 0 0 0
videos.hw01/03_frame/79.jpg 16 68 12 0 130 562 116 60 72 60 156 52 26 14 0 56
videos.hw01/03_frame/80.jpg 180 76 386 2 56 128 132 24 274 398 64 12 450 8 0 430
videos.hw01/03_frame/81.jpg 146 42 126 0 122 34 44 6 66 68 18 2 124 22 30 98
videos.hw01/03_frame/82.jpg 122 14 60 0 174 88 94 18 122 96 38 0 10 0 0 30
videos.hw01/03_frame/83.jpg 164 16 52 0 150 728 744 56 22 690 490 42 0 0 0 168
videos.hw01/03_frame/84.jpg 346 162 42 46 324 178 92 38 52 316 10 6 418 0 0 122
videos.hw01/03_frame/85.jpg 22 12 164 0 52 780 610 432 72 80 124 48 10 0 10 12
videos.hw01/03_frame/86.jpg 226 4 0 0 50 310 54 34 38 232 38 12 88 0 30 0
videos.hw01/03_frame/87.jpg 34 2 0 54 60 72 58 38 42 0 18 6 6 0 0 0
videos.hw01/03_frame/88.jpg 2 44 86 0 120 1206 666 258 0 16 108 28 0 0 0 2
videos.hw01/03_frame/89.jpg 70 100 44 8 20 192 220 80 0 16 66 16 152 0 0 16
videos.hw01/03_frame/90.jpg 66 38 0 0 152 150 94 22 36 44 36 14 100 0 0 0
videos.hw01/03_frame/91.jpg 210 68 184 2 164 588 766 192 144 172 80 44 84 2 10 152
videos.hw01/03_frame/92.jpg 68 24 118 6 40 156 40 16 66 2 34 16 26 0 8 140
videos.hw01/03_frame/93.jpg 24 4 6 0 202 200 44 22 60 74 72 22 38 12 0 136
videos.hw01/03_frame/94.jpg 48 48 90 0 28 86 44 22 54 78 70 24 4 0 0 136
videos.hw01/03_frame/95.jpg 164 6 2 0 42 830 630 118 72 80 106 38 0 0 0 16
videos.hw01/03_frame/96.jpg 0 26 38 0 0 56 48 26 2 0 16 10 0 0 0 0
videos.hw01/03_frame/97.jpg 286 46 28 4 164 562 766 506 150 202 518 20 142 0 0 0
videos.hw01/03_frame/98.jpg 98 74 46 4 110 218 72 42 90 318 14 22 138 0 0 0
videos.hw01/03_frame/99.jpg 58 30 86 2 30 62 60 52 80 222 6 0 154 4 0 66
videos.hw01/03_frame/100.jpg 10 44 426 240 6 544 1026 564 0 0 818 68 122 0 0 0
videos.hw01/03_frame/101.jpg 14 0 8 38 70 38 40 6 0 2 0 0 72 0 0 0
videos.hw01/03_frame/102.jpg 118 98 62 6 212 92 26 46 82 90 0 0 18 0 0 0
videos.hw01/03_frame/103.jpg 7346 7912 9468 9426 9600 9600 8912 8526 9600 9600 9578 9568 9600 9600 9600 9352
videos.hw01/03_frame/104.jpg 694 1552 1154 1864 114 44 206 1180 2290 1672 1354 1226 6460 4172 922 868
videos.hw01/03_frame/105.jpg 204 358 198 398 170 12 100 222 320 186 268 330 174 298 118 202
videos.hw01/03_frame/106.jpg 212 272 404 306 38 16 18 56 108 80 74 262 92 162 60 146
videos.hw01/03_frame/107.jpg 810 1728 1158 1146 576 208 136 1154 4102 5668 1612 1280 4334 3104 7486 2930
videos.hw01/03_frame/108.jpg 120 496 18 102 18 22 28 22 86 30 36 18 94 26 214 32
videos.hw01/03_frame/109.jpg 912 1412 1096 998 260 2882 2426 566 4618 2082 6910 5064 804 3402 7174 6274
videos.hw01/03_frame/110.jpg 92 136 164 224 38 100 68 20 96 32 36 48 70 32 20 48
videos.hw01/03_frame/111.jpg 172 290 128 244 74 144 80 24 26 50 66 78 32 70 58 76
videos.hw01/03_frame/112.jpg 746 1374 1712 1364 820 1618 2638 2012 1512 3000 3396 4246 2312 2876 1518 4842
videos.hw01/03_frame/113.jpg 90 314 606 230 26 46 16 78 56 34 48 28 138 198 42 100
videos.hw01/03_frame/114.jpg 188 176 178 118 152 52 70 168 162 48 82 44 84 80 26 76
videos.hw01/03_frame/115.jpg 1064 646 1438 962 572 806 1714 1488 1046 1924 1956 688 894 2072 1152 1992
videos.hw01/03_frame/116.jpg 44 166 412 98 104 136 34 112 24 64 24 22 28 64 38 28
videos.hw01/03_frame/117.jpg 10 16 132 134 16 92 102 58 16 46 26 30 92 176 74 98
videos.hw01/03_frame/118.jpg 798 694 874 646 272 318 838 1382 504 796 922 602 664 734 564 1020
videos.hw01/03_frame/119.jpg 8800 8156 8892 7846 9502 5796 7988 6666 8538 6922 7774 4876 6150 8242 4598 4510
videos.hw01/03_frame/120.jpg 1410 4464 2548 7318 2798 6808 6296 3438 2754 7180 4258 4350 978 2392 3556 8312
videos.hw01/03_frame/121.jpg 80 190 160 232 44 112 144 82 2 88 196 74 134 66 200 194
videos.hw01/03_frame/122.jpg 956 2050 1352 2956 952 4874 4138 1646 510 5566 3530 2052 902 816 2048 2380
videos.hw01/03_frame/123.jpg 28 62 108 300 68 18 70 62 18 80 20 46 40 46 28 24
videos.hw01/03_frame/124.jpg 24 52 100 200 60 74 54 26 32 120 68 68 46 58 82 38
videos.hw01/03_frame/125.jpg 1526 1486 1802 2410 2254 4382 3732 3392 3664 3808 2836 3674 506 1206 2712 3992
videos.hw01/03_frame/126.jpg 38 140 68 152 46 58 22 258 58 80 24 72 110 200 34 108
videos.hw01/03_frame/127.jpg 12 64 92 132 24 28 40 316 102 60 26 50 4 30 78 72
videos.hw01/03_frame/128.jpg 488 412 1794 1652 1402 448 174 576 702 504 116 376 822 4268 5732 1562
videos.hw01/03_frame/129.jpg 120 1656 3032 208 68 68 48 418 54 138 60 84 2496 2072 380 412
videos.hw01/03_frame/130.jpg 190 524 2726 740 38 56 20 128 44 24 32 104 1198 4520 4586 584
videos.hw01/03_frame/131.jpg 274 1968 2658 830 1094 386 118 292 784 246 234 308 2880 4764 4322 1018
videos.hw01/03_frame/132.jpg 562 2216 2322 232 64 62 16 96 36 52 8 58 2812 5002 3372 1000
videos.hw01/03_frame/133.jpg 1114 2684 3620 670 28 102 34 124 60 84 48 96 2446 4944 3628 1422
videos.hw01/03_frame/134.jpg 216 144 108 128 316 130 50 96 282 102 50 92 1032 1672 196 62
videos.hw01/03_frame/135.jpg 836 976 582 602 956 356 202 262 638 182 180 324 1394 3864 2950 660
videos.hw01/03_frame/136.jpg 162 858 2350 166 86 56 24 30 46 72 32 38 1856 1010 1168 480
videos.hw01/03_frame/137.jpg 746 782 1010 968 842 338 110 308 422 218 242 272 418 2556 2068 556
videos.hw01/03_frame/138.jpg 322 1044 1724 214 742 240 52 312 498 222 84 212 570 882 380 492
videos.hw01/03_frame/139.jpg 1026 980 326 578 30 20 0 14 16 10 0 32 1398 426 876 160
videos.hw01/03_frame/140.jpg 370 2116 1704 34 106 78 32 74 42 46 42 38 1388 3668 434 120
videos.hw01/03_frame/141.jpg 758 1350 1464 730 38 92 46 248 90 148 64 70 1064 880 2318 266
videos.hw01/03_frame/142.jpg 8634 5972 4332 6902 4316 8656 8762 7252 5686 7726 8816 6612 7570 8668 8414 8104
videos.hw01/03_frame/143.jpg 1378 146 174 648 1688 200 56 82 234 116 294 1478 360 1094 630 132
videos.hw01/03_frame/144.jpg 1040 2796 3222 3470 2686 1090 1814 3478 1126 2878 1458 2414 830 994 1872 5102
videos.hw01/03_frame/145.jpg 788 160 710 1484 664 112 144 76 668 268 122 1198 282 534 96 140
videos.hw01/03_frame/146.jpg 1066 1190 1946 1094 1498 836 1652 1996 1710 1118 1030 1298 368 1260 2466 1006
videos.hw01/03_frame/147.jpg 1192 584 510 544 938 208 274 28 414 150 266 1426 540 596 380 1438
videos.hw01/03_frame/148.jpg 798 1128 808 690 2034 842 502 1124 1434 692 1056 1486 1600 1922 3628 1282
videos.hw01/03_frame/149.jpg 866 360 458 1560 952 104 222 60 320 60 612 750 386 166 268 1618
videos.hw01/03_frame/150.jpg 956 1158 712 730 2902 402 764 1244 1112 476 1158 2238 338 394 548 256
videos.hw01/03_frame/151.jpg 630 214 520 1022 1136 108 434 100 1258 116 524 594 472 856 522 150
videos.hw01/03_frame/152.jpg 364 344 466 1174 2638 218 424 164 934 182 558 1686 742 978 1136 664
videos.hw01/03_frame/153.jpg 1716 2240 1818 1980 2826 7836 6842 5800 2200 2308 3568 4674 1256 1180 3236 1382
videos.hw01/03_frame/154.jpg 598 1476 874 762 768 1368 726 1658 1550 3146 1424 1014 1580 788 1484 1758
videos.hw01/03_frame/155.jpg 2064 2656 2568 1990 1500 1670 784 1634 1642 1678 1508 2318 1686 2276 3976 3700
videos.hw01/03_frame/156.jpg 1456 1214 1276 2092 988 1122 1044 1842 748 1732 676 418 1362 724 628 312
videos.hw01/03_frame/157.jpg 1258 1906 1640 1282 1206 1330 1166 1626 734 1776 882 860 1554 1404 822 1408
videos.hw01/03_frame/158.jpg 728 458 1438 1894 612 586 752 1154 930 96 108 716 42 246 860 264
videos.hw01/03_frame/159.jpg 998 5524 2152 1116 2016 3112 1988 3848 2242 2014 4494 1784 2596 4350 6968 3050
videos.hw01/03_frame/160.jpg 2506 6178 7324 1874 2706 2792 3860 4860 5976 2284 3408 4010 5384 2862 5830 3684
videos.hw01/03_frame/161.jpg 4368 1846 2398 5442 2590 8912 7946 5200 1186 4840 6596 9168 942 2218 1898 7066
videos.hw01/03_frame/162.jpg 58 0 2 14 90 14 0 0 116 28 52 0 14 108 28 184
videos.hw01/03_frame/163.jpg 7628 9404 7326 4984 8246 9220 8862 5354 8546 7562 7356 4168 9334 6110 9362 7528
videos.hw01/03_frame/164.jpg 132 120 152 254 74 112 180 128 80 114 96 176 82 224 126 114
videos.hw01/03_frame/165.jpg 1228 5062 1966 6234 1472 4060 3820 1854 2666 4342 2904 1060 2554 1644 394 734
videos.hw01/03_frame/166.jpg 440 1496 1038 1578 954 1844 1540 1816 1648 1596 1322 602 1160 460 680 306
videos.hw01/03_frame/167.jpg 68 28 110 108 130 106 94 216 66 242 250 116 142 134 108 36
videos.hw01/03_frame/168.jpg 4 6 558 6606 32 26 122 4960 22 46 120 886 24 84 22 2
videos.hw01/03_frame/169.jpg 1818 2380 606 610 1786 3134 4494 1510 1394 3964 2936 896 1068 2054 988 4692
videos.hw01/03_frame/170.jpg 126 1188 5404 814 6782 4664 2356 4008 9436 8472 3392 2494 7836 8486 664 1490
videos.hw01/03_frame/171.jpg 478 704 136 4 658 80 772 1458 112 76 654 1102 38 62 720 1370
videos.hw01/03_frame/172.jpg 8122 8256 2212 7464 4736 4328 2878 692 8408 8490 3248 1642 7658 8552 156 1094
videos.hw01/03_frame/173.jpg 280 208 372 76 206 1424 88 320 380 902 84 226 680 896 172 150
videos.hw01/03_frame/174.jpg 6310 8662 5220 2636 5644 440 124 294 2322 1416 68 464 1594 1668 514 874
videos.hw01/03_frame/175.jpg 3340 610 388 116 1534 1586 158 296 2148 1518 76 458 1434 626 226 128
videos.hw01/03_frame/176.jpg 1260 632 348 90 326 1362 82 176 764 866 68 152 638 676 244 26
videos.hw01/03_frame/177.jpg 976 742 262 106 232 412 126 68 514 1194 92 172 778 1130 146 20
videos.hw01/03_frame/178.jpg 1890 622 338 180 514 1456 106 196 764 1260 150 160 410 702 120 14
videos.hw01/03_frame/179.jpg 1362 838 278 102 264 1340 146 94 448 840 76 162 482 746 184 34
videos.hw01/03_frame/180.jpg 18 92 44 30 74 72 36 130 272 72 74 110 20 30 70 44
videos.hw01/03_frame/181.jpg 1106 786 110 158 396 458 118 266 718 1200 114 126 612 1028 186 60
videos.hw01/03_frame/182.jpg 2 20 44 60 92 28 42 86 96 80 46 112 126 48 200 46
videos.hw01/03_frame/183.jpg 1482 566 332 528 442 710 218 402 302 932 288 448 666 1116 354 502
videos.hw01/03_frame/184.jpg 168 42 76 52 90 128 76 108 100 98 100 118 94 158 228 28
videos.hw01/03_frame/185.jpg 104 34 30 40 56 40 124 80 10 128 88 80 212 336 96 40
videos.hw01/03_frame/186.jpg 110 44 100 56 18 162 54 152 4 44 82 98 44 52 122 8
videos.hw01/03_frame/187.jpg 852 330 328 504 422 394 244 430 416 962 252 554 282 356 318 572
videos.hw01/03_frame/188.jpg 732 536 182 46 2206 2642 384 246 2330 4696 60 154 562 1162 158 28
videos.hw01/03_frame/189.jpg 56 102 64 24 120 80 16 46 0 84 24 68 18 56 32 48
videos.hw01/03_frame/190.jpg 44 22 106 82 58 128 56 48 0 90 84 140 18 32 46 4
videos.hw01/03_frame/191.jpg 198 458 152 112 124 1246 274 402 112 1698 148 222 326 574 232 64
videos.hw01/03_frame/192.jpg 352 116 64 54 74 692 214 240 18 858 368 170 232 208 148 8
videos.hw01/03_frame/193.jpg 10 18 20 22 4 46 22 32 10 30 14 38 22 44 50 26
videos.hw01/03_frame/194.jpg 44 42 100 58 2 40 60 88 16 86 52 98 32 52 48 46
videos.hw01/03_frame/195.jpg 838 1284 892 4236 634 3014 3588 4990 2412 4722 2132 1306 1370 780 620 2242
videos.hw01/03_frame/196.jpg 832 616 348 2844 1294 1918 1328 1572 1690 1632 978 528 566 716 360 1478
videos.hw01/03_frame/197.jpg 32 56 152 288 28 86 58 90 28 28 112 84 18 234 88 16
videos.hw01/03_frame/198.jpg 48 12 26 112 88 108 126 88 58 52 62 64 50 160 54 32
videos.hw01/03_frame/199.jpg 538 664 84 1256 3044 2086 902 860 2444 1634 1286 554 588 588 382 1124
videos.hw01/03_frame/200.jpg 54 4 56 134 40 40 164 188 84 76 140 68 96 214 146 30
videos.hw01/03_frame/201.jpg 38 116 56 278 1002 2502 608 506 1118 3416 646 950 412 570 378 192
videos.hw01/03_frame/202.jpg 186 56 116 456 408 134 496 244 166 368 360 264 396 470 152 126
videos.hw01/03_frame/203.jpg 388 58 74 410 638 2794 696 430 816 3786 552 716 234 580 300 78
videos.hw01/03_frame/204.jpg 30 2 6 346 144 80 120 94 58 48 92 96 128 96 18 42
videos.hw01/03_frame/205.jpg 390 106 190 552 902 816 1188 1182 656 590 1236 992 494 464 534 768
videos.hw01/03_frame/206.jpg 32 0 0 82 58 48 206 74 42 66 292 200 116 120 114 50
videos.hw01/03_frame/207.jpg 68 64 178 74 60 72 170 150 78 204 186 274 126 144 168 60
videos.hw01/03_frame/208.jpg 88 128 110 926 486 472 776 1590 1194 868 828 1294 472 448 222 252
videos.hw01/03_frame/209.jpg 7756 8184 7104 7574 7896 5932 6302 4482 8708 7114 6484 3856 8890 6204 6642 5292
videos.hw01/03_frame/210.jpg 40 86 80 232 106 160 202 132 104 36 252 132 70 110 96 88
videos.hw01/03_frame/211.jpg 80 140 176 370 114 160 316 194 106 136 232 252 584 154 190 88
videos.hw01/03_frame/212.jpg 182 886 1522 206 552 1040 662 284 124 278 208 240 528 180 150 106
videos.hw01/03_frame/213.jpg 44 1386 1796 156 1062 1260 698 242 92 358 130 136 72 112 132 24
videos.hw01/03_frame/214.jpg 38 130 126 92 114 64 226 162 12 30 76 202 124 98 190 24
videos.hw01/03_frame/215.jpg 82 806 856 368 1026 498 588 276 70 156 230 108 128 190 164 24
videos.hw01/03_frame/216.jpg 30 90 84 98 36 74 132 88 22 14 208 108 46 76 72 60
videos.hw01/03_frame/217.jpg 94 32 76 100 66 118 94 82 26 48 196 100 106 64 40 76
videos.hw01/03_frame/218.jpg 38 30 156 14 76 96 28 96 36 28 70 48 94 90 18 32
videos.hw01/03_frame/219.jpg 20 76 104 10 40 90 110 74 36 26 70 80 24 98 172 34
videos.hw01/03_frame/220.jpg 12 100 218 110 48 98 186 162 34 36 152 86 38 68 62 46
videos.hw01/03_frame/221.jpg 20 70 60 114 10 0 54 86 16 24 32 80 14 50 2 24
videos.hw01/03_frame/222.jpg 30 44 98 76 50 180 84 74 36 86 80 14 158 36 100 18
videos.hw01/03_frame/223.jpg 70 82 88 60 90 150 84 104 106 40 224 144 142 152 66 56
videos.hw01/03_frame/224.jpg 112 1084 750 292 272 444 694 248 54 72 124 148 146 142 94 14
videos.hw01/03_frame/225.jpg 20 94 36 92 30 92 120 108 26 14 54 60 8 52 84 14
videos.hw01/03_frame/226.jpg 72 234 250 322 52 164 166 222 40 82 112 298 230 72 176 48
videos.hw01/03_frame/227.jpg 10 52 166 68 48 118 114 46 22 16 40 70 12 46 6 36
videos.hw01/03_frame/228.jpg 134 220 684 332 148 560 476 284 26 66 228 148 60 140 102 40
videos.hw01/03_frame/229.jpg 12 56 154 116 50 136 256 118 54 52 82 122 402 128 36 56
videos.hw01/03_frame/230.jpg 104 78 124 170 78 172 178 86 112 34 64 84 230 60 104 26
videos.hw01/03_frame/231.jpg 164 222 348 288 160 308 568 176 56 78 440 86 98 108 86 40
videos.hw01/03_frame/232.jpg 64 52 108 122 48 126 90 102 62 50 78 118 28 32 58 38
videos.hw01/03_frame/233.jpg 52 56 150 72 44 72 236 70 48 80 96 198 140 26 66 40
videos.hw01/03_frame/234.jpg 46 32 144 46 46 110 120 48 30 34 328 62 134 84 42 42
videos.hw01/03_frame/235.jpg 108 130 148 102 100 358 160 194 74 64 108 130 232 112 82 30
videos.hw01/03_frame/236.jpg 80 84 140 116 46 114 242 72 40 58 74 74 12 68 150 24
videos.hw01/03_frame/237.jpg 20 14 80 20 30 164 122 80 34 80 92 200 64 70 140 36
videos.hw01/03_frame/238.jpg 74 64 116 64 42 88 198 202 50 40 166 160 76 102 58 14
videos.hw01/03_frame/239.jpg 0 16 82 34 42 54 154 38 32 0 22 18 16 14 16 2
videos.hw01/03_frame/240.jpg 12 42 140 60 22 132 70 58 82 6 80 48 74 48 20 44
videos.hw01/03_frame/241.jpg 60 60 124 104 66 114 178 130 42 36 180 62 76 50 72 14
videos.hw01/03_frame/242.jpg 34 24 84 80 34 102 90 62 14 16 48 110 84 30 78 8
videos.hw01/03_frame/243.jpg 38 12 62 56 36 164 54 28 60 30 36 58 52 38 26 0
videos.hw01/03_frame/244.jpg 86 38 46 32 8 56 52 20 32 24 42 46 104 38 22 0
videos.hw01/03_frame/245.jpg 30 52 88 84 62 88 210 42 20 12 42 56 102 50 34 26
videos.hw01/03_frame/246.jpg 66 52 58 50 24 30 102 30 12 22 52 118 98 34 28 0
videos.hw01/03_frame/247.jpg 16 40 82 42 14 32 34 38 36 4 38 80 2 8 30 12
videos.hw01/03_frame/248.jpg 14 32 82 16 46 166 82 68 18 10 108 32 56 22 14 18
videos.hw01/03_frame/249.jpg 64 44 94 38 100 120 164 66 14 46 56 18 90 32 80 10
videos.hw01/03_frame/250.jpg 22 32 62 32 30 40 80 94 46 22 110 18 134 32 48 6
videos.hw01/03_frame/251.jpg 26 30 74 66 28 232 212 48 44 4 0 2 114 42 0 8
videos.hw01/03_frame/252.jpg 44 72 116 78 32 118 294 24 20 22 40 38 48 80 6 2
videos.hw01/03_frame/253.jpg 70 36 78 46 18 28 28 22 30 32 10 18 84 30 12 0
videos.hw01/03_frame/254.jpg 82 42 64 28 62 160 52 72 80 48 48 78 186 98 56 6
videos.hw01/03_frame/255.jpg 12 40 84 62 26 102 54 58 26 10 44 18 6 54 76 40
videos.hw01/03_frame/256.jpg 50 116 248 92 36 134 136 82 26 38 30 92 24 54 78 34
videos.hw01/03_frame/257.jpg 34 36 52 2 30 116 72 56 36 24 18 74 104 34 30 4
videos.hw01/03_frame/258.jpg 14 14 68 50 26 0 8 30 8 6 2 44 20 14 2 6
videos.hw01/03_frame/259.jpg 68 84 152 120 60 122 158 92 46 28 142 16 20 60 36 12
videos.hw01/03_frame/260.jpg 12 42 66 86 38 100 110 120 18 14 106 44 64 50 20 8
videos.hw01/03_frame/261.jpg 22 22 42 56 38 68 50 54 36 28 22 2 32 40 54 0
videos.hw01/03_frame/262.jpg 90 150 304 344 108 244 298 172 112 84 292 376 344 216 186 54
videos.hw01/03_frame/263.jpg 34 10 36 32 14 80 4 0 4 6 0 0 2 16 20 0
videos.hw01/03_frame/264.jpg 14 22 6 0 46 54 38 22 22 22 0 42 100 0 0 0
videos.hw01/03_frame/265.jpg 18 32 60 0 38 86 36 18 6 0 0 26 58 40 82 0
videos.hw01/03_frame/266.jpg 20 66 10 0 36 138 192 348 2 204 1588 754 0 60 968 414
videos.hw01/03_frame/267.jpg 24 18 0 42 30 230 136 514 18 210 2074 1204 34 26 310 254
videos.hw01/03_frame/268.jpg 32 86 164 48 102 98 86 130 14 6 206 334 8 14 72 46
videos.hw01/03_frame/269.jpg 36 26 56 82 52 116 192 240 30 262 1056 998 18 64 234 214
videos.hw01/03_frame/270.jpg 34 68 26 48 20 30 52 40 20 20 50 132 12 10 20 6
videos.hw01/03_frame/271.jpg 34 66 70 178 32 112 138 138 36 4 26 180 98 46 216 30
videos.hw01/03_frame/272.jpg 12 54 72 142 54 102 156 356 12 564 620 882 20 36 162 522
videos.hw01/03_frame/273.jpg 12 28 26 8 30 30 24 76 16 26 26 118 6 42 62 12
videos.hw01/03_frame/274.jpg 12 66 22 48 32 34 136 222 0 120 476 724 12 28 134 134
videos.hw01/03_frame/275.jpg 28 46 52 190 50 206 252 248 22 292 544 356 14 106 56 96
videos.hw01/03_frame/276.jpg 22 86 150 86 78 88 92 94 40 62 56 118 48 44 56 28
videos.hw01/03_frame/277.jpg 44 30 122 156 38 232 76 98 16 28 128 124 18 58 72 30
videos.hw01/03_frame/278.jpg 38 46 50 56 12 54 46 72 26 42 304 164 26 14 50 34
videos.hw01/03_frame/279.jpg 32 92 188 102 88 76 112 82 18 30 180 164 54 82 96 22
videos.hw01/03_frame/280.jpg 22 62 76 2 36 64 136 22 6 26 74 82 80 32 104 8
videos.hw01/03_frame/281.jpg 16 54 40 6 46 52 66 28 12 62 116 102 12 64 14 0
videos.hw01/03_frame/282.jpg 10 38 56 112 22 78 68 42 0 8 58 64 24 10 26 12
videos.hw01/03_frame/283.jpg 12 28 26 4 42 70 114 30 52 18 52 28 56 48 22 0
videos.hw01/03_frame/284.jpg 20 142 78 94 40 50 162 98 60 24 118 186 32 120 26 12
videos.hw01/03_frame/285.jpg 26 32 44 18 36 58 176 74 32 22 60 190 22 34 128 6
videos.hw01/03_frame/286.jpg 30 50 164 122 40 50 104 54 26 58 502 396 26 22 120 10
videos.hw01/03_frame/287.jpg 26 34 54 74 64 34 96 108 30 22 170 198 98 140 44 4
videos.hw01/03_frame/288.jpg 4 96 48 0 16 32 114 40 8 6 44 36 18 34 40 8
videos.hw01/03_frame/289.jpg 38 18 34 24 38 34 36 50 6 24 22 42 14 40 18 4
videos.hw01/03_frame/290.jpg 8 64 36 32 46 44 48 18 0 28 58 66 8 30 6 0
videos.hw01/03_frame/291.jpg 36 14 28 18 66 64 88 60 12 16 112 42 20 84 30 8
videos.hw01/03_frame/292.jpg 34 54 36 4 20 52 6 26 8 0 16 44 84 28 54 0
videos.hw01/03_frame/293.jpg 32 42 14 0 38 84 16 46 46 14 114 32 48 38 30 6
videos.hw01/03_frame/294.jpg 2 10 26 22 20 32 66 40 18 26 24 2 30 22 28 0
videos.hw01/03_frame/295.jpg 38 38 32 22 8 66 128 18 34 12 18 30 6 34 18 12
videos.hw01/03_frame/296.jpg 50 28 12 34 0 20 16 18 6 14 124 74 4 18 4 0
videos.hw01/03_frame/297.jpg 20 38 14 8 20 80 186 36 18 26 250 104 48 54 38 6
videos.hw01/03_frame/298.jpg 16 30 14 4 8 22 56 22 16 24 20 34 24 4 8 0
videos.hw01/03_frame/299.jpg 42 6 78 28 62 96 60 38 56 18 84 90 70 44 76 0
videos.hw01/03_frame/300.jpg 28 18 20 24 14 34 10 38 14 16 80 82 4 22 22 8
videos.hw01/03_frame/301.jpg 20 62 62 150 70 48 98 126 74 54 134 194 102 54 36 20
videos.hw01/03_frame/302.jpg 28 16 60 22 56 58 88 100 30 26 232 152 28 186 64 10
videos.hw01/03_frame/303.jpg 10 24 42 6 24 34 64 94 54 22 72 98 76 42 60 6
videos.hw01/03_frame/304.jpg 16 46 44 0 0 40 34 10 14 8 136 72 2 6 18 4
videos.hw01/03_frame/305.jpg 22 36 68 36 32 52 54 64 6 20 136 112 114 82 38 12
videos.hw01/03_frame/306.jpg 0 0 8 24 28 10 14 54 16 10 30 48 26 16 24 2
videos.hw01/03_frame/307.jpg 88 34 30 0 8 24 46 20 2 10 26 60 0 38 16 0
videos.hw01/03_frame/308.jpg 30 58 92 50 48 42 90 100 28 24 104 50 20 80 62 6
videos.hw01/03_frame/309.jpg 30 80 136 186 36 82 118 104 26 30 118 160 32 84 48 34
videos.hw01/03_frame/310.jpg 12 24 50 22 36 80 38 104 12 34 20 38 8 52 78 0
videos.hw01/03_frame/311.jpg 12 100 42 44 66 126 112 112 36 48 162 224 22 116 32 30
videos.hw01/03_frame/312.jpg 4 14 38 46 18 30 38 54 0 14 68 70 12 78 50 0
videos.hw01/03_frame/313.jpg 38 126 102 82 74 114 92 112 30 56 52 222 56 152 52 20
videos.hw01/03_frame/314.jpg 30 10 24 34 22 48 28 66 0 10 160 152 4 24 4 4
videos.hw01/03_frame/315.jpg 60 82 30 30 56 106 88 36 42 10 60 84 32 68 30 4
videos.hw01/03_frame/316.jpg 26 46 76 74 22 124 142 94 56 26 122 216 44 152 46 6
videos.hw01/03_frame/317.jpg 8 80 76 94 32 54 46 72 40 14 80 138 6 48 130 14
videos.hw01/03_frame/318.jpg 0 46 206 8 34 60 68 18 2 18 74 180 48 26 42 14
videos.hw01/03_frame/319.jpg 30 114 56 92 42 42 56 50 36 24 140 60 50 50 116 4
videos.hw01/03_frame/320.jpg 72 60 20 2 40 54 64 10 18 14 78 8 28 22 8 0
videos.hw01/03_frame/321.jpg 20 28 30 60 20 140 194 48 2 16 138 102 80 30 30 10
videos.hw01/03_frame/322.jpg 84 168 292 206 152 340 210 292 210 88 218 418 256 156 176 42
videos.hw01/03_frame/323.jpg 26 30 30 30 24 4 34 44 32 10 230 110 84 28 36 2
videos.hw01/03_frame/324.jpg 40 40 22 48 24 26 50 84 22 22 64 66 104 54 38 4
videos.hw01/03_frame/325.jpg 62 38 8 38 26 28 64 20 20 4 76 42 160 24 12 6
videos.hw01/03_frame/326.jpg 16 24 0 30 0 0 48 56 36 14 74 32 8 50 110 8
videos.hw01/03_frame/327.jpg 0 14 10 32 2 0 16 10 0 0 72 34 0 0 14 0
videos.hw01/03_frame/328.jpg 22 8 6 24 40 96 10 54 28 34 84 94 30 16 86 6
videos.hw01/03_frame/329.jpg 12 68 18 30 16 50 40 32 28 12 100 120 46 24 32 0
videos.hw01/03_frame/330.jpg 50 36 14 32 22 68 50 32 20 16 34 62 52 82 108 12
videos.hw01/03_frame/331.jpg 56 30 32 86 30 64 82 52 52 24 92 106 54 26 50 2
videos.hw01/03_frame/332.jpg 42 20 0 64 22 70 6 16 4 0 0 10 46 18 44 10
videos.hw01/03_frame/333.jpg 50 66 30 44 38 52 34 22 92 20 132 192 118 50 44 8
videos.hw01/03_frame/334.jpg 50 32 24 0 44 32 36 4 44 2 44 78 20 34 34 2
videos.hw01/03_frame/335.jpg 12 24 2 2 14 14 82 0 36 0 64 170 64 68 18 0
videos.hw01/03_frame/336.jpg 46 40 56 0 68 26 64 10 70 64 62 16 168 44 4 2
videos.hw01/03_frame/337.jpg 48 24 30 44 40 42 118 76 26 28 170 110 6 56 52 8
videos.hw01/03_frame/338.jpg 30 54 88 44 34 132 100 86 32 12 106 116 56 112 114 18
videos.hw01/03_frame/339.jpg 0 6 34 34 26 36 64 22 0 0 22 66 0 0 16 4
videos.hw01/03_frame/340.jpg 60 40 60 48 36 44 106 62 46 22 118 38 6 108 196 20
videos.hw01/03_frame/341.jpg 40 50 42 30 56 114 148 70 68 46 112 66 52 78 42 0
videos.hw01/03_frame/342.jpg 98 130 98 30 34 96 84 62 110 60 78 104 52 58 78 0
videos.hw01/03_frame/343.jpg 0 0 18 40 8 30 0 30 0 4 32 26 0 6 0 0
videos.hw01/03_frame/344.jpg 68 52 70 50 76 64 104 104 30 56 162 104 100 108 112 0
videos.hw01/03_frame/345.jpg 70 112 80 126 46 124 84 104 120 30 134 118 46 82 134 4
videos.hw01/03_frame/346.jpg 42 78 106 66 44 116 96 98 120 44 134 128 270 68 96 14
videos.hw01/03_frame/347.jpg 10 94 56 34 36 50 88 102 24 40 128 58 18 20 46 4
videos.hw01/03_frame/348.jpg 46 50 0 0 24 48 24 54 48 16 66 116 148 40 34 0
videos.hw01/03_frame/349.jpg 52 70 50 22 64 84 102 92 50 80 48 70 52 38 68 6
videos.hw01/03_frame/350.jpg 10 54 58 0 28 72 116 44 22 34 92 128 54 38 12 8
videos.hw01/03_frame/351.jpg 44 0 0 20 8 0 0 22 12 0 0 0 6 2 30 0
videos.hw01/03_frame/352.jpg 88 46 20 2 30 118 114 18 26 52 22 54 26 20 28 2
videos.hw01/03_frame/353.jpg 40 58 38 60 24 44 250 1076 22 884 1718 582 78 350 750 266
videos.hw01/03_frame/354.jpg 34 52 40 0 46 48 18 26 16 8 402 138 50 30 24 0
videos.hw01/03_frame/355.jpg 82 88 4 0 50 92 70 84 4 20 50 72 90 36 108 6
videos.hw01/03_frame/356.jpg 18 4 0 0 8 14 18 850 4 182 306 442 6 100 462 242
videos.hw01/03_frame/357.jpg 16 4 6 6 0 44 42 82 0 6 12 56 6 0 42 0
videos.hw01/03_frame/358.jpg 48 54 0 12 16 10 0 10 0 16 0 96 62 0 10 0
videos.hw01/03_frame/359.jpg 28 10 0 0 2 50 20 16 0 70 580 282 8 134 404 82
videos.hw01/03_frame/360.jpg 0 12 12 0 0 20 0 0 20 36 66 68 60 2 72 10
videos.hw01/03_frame/361.jpg 86 110 440 336 144 186 348 460 142 136 190 472 326 154 274 72
videos.hw01/03_frame/362.jpg 28 56 98 16 20 74 94 2 8 150 750 720 70 96 108 118
videos.hw01/03_frame/363.jpg 26 46 32 4 36 44 68 46 32 16 122 22 46 48 88 22
videos.hw01/03_frame/364.jpg 26 58 156 80 30 90 36 64 40 32 138 166 84 76 136 10
videos.hw01/03_frame/365.jpg 78 58 72 40 34 148 216 90 36 64 212 362 56 70 130 52
videos.hw01/03_frame/366.jpg 36 44 78 68 56 76 94 72 56 18 100 154 12 68 108 18
videos.hw01/03_frame/367.jpg 58 12 56 90 62 50 24 44 46 40 184 84 112 66 38 10
videos.hw01/03_frame/368.jpg 42 78 94 120 46 58 124 32 10 54 290 140 8 56 116 30
videos.hw01/03_frame/369.jpg 10 46 28 34 46 42 66 66 30 34 304 46 8 58 66 4
videos.hw01/03_frame/370.jpg 64 52 54 118 36 50 58 34 12 16 84 40 46 74 24 20
videos.hw01/03_frame/371.jpg 26 42 48 28 36 82 28 80 18 2 410 190 54 48 60 24
videos.hw01/03_frame/372.jpg 104 44 122 44 68 54 50 16 40 24 70 38 92 62 48 12
videos.hw01/03_frame/373.jpg 28 78 86 32 16 72 88 146 24 8 122 96 10 56 76 10
videos.hw01/03_frame/374.jpg 70 36 50 38 52 90 58 58 28 38 96 70 152 64 120 22
videos.hw01/03_frame/375.jpg 6 18 28 40 32 42 94 42 0 2 22 8 10 40 32 14
videos.hw01/03_frame/376.jpg 52 100 204 260 72 114 96 142 26 60 144 240 122 46 98 20
videos.hw01/03_frame/377.jpg 36 38 178 52 50 52 44 68 110 22 242 196 22 44 68 34
videos.hw01/03_frame/378.jpg 20 34 86 62 32 64 44 72 52 8 74 216 52 58 146 18
videos.hw01/03_frame/379.jpg 42 66 46 106 48 74 118 128 78 30 80 188 124 98 110 14
videos.hw01/03_frame/380.jpg 26 66 112 80 26 54 108 36 98 20 66 58 186 70 40 2
videos.hw01/03_frame/381.jpg 6 38 30 84 56 48 118 36 0 36 36 62 0 28 84 28
videos.hw01/03_frame/382.jpg 42 80 116 174 38 176 176 92 56 70 136 252 272 84 82 34
videos.hw01/03_frame/383.jpg 36 96 146 122 58 106 116 108 90 34 162 244 108 114 212 22
videos.hw01/03_frame/384.jpg 80 72 88 36 94 118 66 56 48 26 40 214 134 72 164 34
videos.hw01/03_frame/385.jpg 76 120 112 146 90 220 202 138 90 64 146 126 128 88 128 30
videos.hw01/03_frame/386.jpg 34 48 78 74 42 208 76 52 12 14 74 170 10 56 100 62
videos.hw01/03_frame/387.jpg 144 150 258 88 110 186 124 142 106 56 134 198 116 128 126 42
videos.hw01/03_frame/388.jpg 86 112 70 114 104 250 180 168 140 110 136 212 128 106 280 34
videos.hw01/03_frame/389.jpg 58 102 184 118 88 56 232 142 42 38 246 124 132 100 232 12
videos.hw01/03_frame/390.jpg 54 74 98 100 36 58 146 36 18 82 108 68 28 32 68 14
videos.hw01/03_frame/391.jpg 56 70 164 110 48 140 152 150 28 44 162 208 202 78 56 12
videos.hw01/03_frame/392.jpg 56 100 60 42 50 102 116 104 42 38 342 38 118 150 94 4
videos.hw01/03_frame/393.jpg 42 86 130 76 46 172 178 62 50 50 68 106 100 124 162 26
videos.hw01/03_frame/394.jpg 38 80 40 34 22 48 44 50 18 50 266 106 54 56 40 10
videos.hw01/03_frame/395.jpg 26 16 54 22 24 14 96 72 32 40 110 118 70 128 96 46
videos.hw01/03_frame/396.jpg 40 60 44 4 52 38 62 46 26 62 306 234 104 126 68 10
videos.hw01/03_frame/397.jpg 50 58 90 88 64 174 82 98 38 88 124 60 86 78 86 10
videos.hw01/03_frame/398.jpg 46 64 82 32 48 102 46 82 34 12 134 92 92 52 100 18
videos.hw01/03_frame/399.jpg 46 86 68 40 40 66 86 72 50 36 66 132 84 142 108 6
videos.hw01/03_frame/400.jpg 52 72 60 18 58 60 44 100 24 8 162 84 142 78 94 2
videos.hw01/03_frame/401.jpg 28 22 92 50 14 148 42 24 24 56 190 248 34 90 72 24
videos.hw01/03_frame/402.jpg 34 52 24 20 62 34 60 50 50 36 128 70 46 84 146 10
videos.hw01/03_frame/403.jpg 58 60 20 28 66 48 62 50 42 36 76 18 210 30 76 0
videos.hw01/03_frame/404.jpg 52 42 20 0 30 78 56 0 0 36 120 82 14 74 48 22
videos.hw01/03_frame/405.jpg 74 12 18 150 12 40 6 38 14 30 178 106 72 28 104 4
videos.hw01/03_frame/406.jpg 38 42 82 90 50 98 62 42 70 104 164 140 62 62 228 14
videos.hw01/03_frame/407.jpg 20 24 36 96 32 40 86 48 12 6 164 106 74 48 96 16
videos.hw01/03_frame/408.jpg 28 34 50 30 30 32 44 30 8 66 96 76 10 40 26 2
videos.hw01/03_frame/409.jpg 8 16 34 26 8 20 12 12 8 34 96 22 2 14 20 0
videos.hw01/03_frame/410.jpg 60 42 6 4 56 70 56 24 12 26 94 122 6 48 54 14
videos.hw01/03_frame/411.jpg 10 14 0 16 0 0 14 18 6 8 46 44 8 42 46 6
videos.hw01/03_frame/412.jpg 42 40 26 28 36 38 0 40 32 10 90 162 54 30 62 16
videos.hw01/03_frame/413.jpg 50 60 70 70 60 102 82 78 68 52 104 194 44 58 102 18
videos.hw01/03_frame/414.jpg 52 66 24 12 78 108 4 36 32 16 86 66 42 56 44 4
videos.hw01/03_frame/415.jpg 4 12 36 0 26 34 78 30 10 10 28 8 48 20 6 0
videos.hw01/03_frame/416.jpg 14 20 28 2 34 100 36 56 38 46 34 26 72 80 84 4
videos.hw01/03_frame/417.jpg 42 90 148 88 56 180 96 36 20 70 170 142 200 100 118 18
videos.hw01/03_frame/418.jpg 26 92 98 48 72 112 62 78 76 10 130 44 96 60 160 16
videos.hw01/03_frame/419.jpg 14 14 32 2 34 56 44 44 30 12 154 172 170 44 80 24
videos.hw01/03_frame/420.jpg 38 96 48 22 58 176 66 56 38 40 180 74 34 36 58 10
videos.hw01/03_frame/421.jpg 114 194 220 254 66 232 318 178 148 234 188 154 230 260 238 26
videos.hw01/03_frame/422.jpg 48 20 38 96 8 48 18 30 24 120 246 128 6 60 78 20
videos.hw01/03_frame/423.jpg 110 134 110 66 54 68 118 94 76 128 126 126 82 76 76 2
videos.hw01/03_frame/424.jpg 30 60 76 50 24 78 56 86 28 150 416 82 32 60 48 0
videos.hw01/03_frame/425.jpg 14 30 36 30 34 122 36 26 18 26 574 92 28 68 114 16
videos.hw01/03_frame/426.jpg 52 58 34 98 52 88 16 40 30 2 230 60 72 78 42 0
videos.hw01/03_frame/427.jpg 36 22 24 0 14 54 12 0 10 0 132 30 34 58 10 0
videos.hw01/03_frame/428.jpg 64 84 34 60 62 118 128 92 104 60 180 112 92 70 86 10
videos.hw01/03_frame/429.jpg 36 50 72 52 44 124 114 50 40 68 86 166 52 40 58 22
videos.hw01/03_frame/430.jpg 36 28 4 90 40 56 8 26 34 82 114 64 154 56 62 10
videos.hw01/03_frame/431.jpg 92 242 350 376 524 272 370 266 28 94 88 132 96 122 98 24
videos.hw01/03_frame/432.jpg 80 86 112 78 78 182 156 102 64 30 90 134 0 56 264 10
videos.hw01/03_frame/433.jpg 88 70 96 222 74 118 184 128 50 80 110 128 52 38 224 14
videos.hw01/03_frame/434.jpg 36 142 180 250 404 140 400 320 2 58 138 120 170 100 40 20
videos.hw01/03_frame/435.jpg 38 70 102 82 120 188 174 78 14 0 44 34 62 50 12 0
videos.hw01/03_frame/436.jpg 34 68 108 48 46 100 126 86 66 96 124 166 72 74 100 6
videos.hw01/03_frame/437.jpg 80 158 176 230 142 284 242 224 32 18 96 112 4 92 44 0
videos.hw01/03_frame/438.jpg 62 108 218 146 148 216 108 168 6 12 180 72 102 112 100 16
videos.hw01/03_frame/439.jpg 38 86 104 54 34 110 44 152 88 14 68 48 24 88 36 14
videos.hw01/03_frame/440.jpg 54 38 10 30 52 46 60 64 120 12 30 0 284 28 80 0
videos.hw01/03_frame/441.jpg 22 106 234 148 84 194 346 192 78 36 250 224 84 166 234 26
videos.hw01/03_frame/442.jpg 6432 7506 6282 6244 5186 4612 7442 9178 3504 2968 7272 3768 7182 7420 3780 7182
videos.hw01/03_frame/443.jpg 2670 2616 3390 1814 2266 2674 1546 516 2332 1542 1476 1062 2446 3922 3228 1316
videos.hw01/03_frame/444.jpg 3006 2372 1510 2110 1568 1500 2080 1178 1978 1742 3194 2564 2814 4084 2084 3752
videos.hw01/03_frame/445.jpg 3532 3518 3430 3060 2806 2064 2960 950 2112 1998 1614 1058 1078 1870 3602 3508
videos.hw01/03_frame/446.jpg 4406 1706 1596 2800 1636 1976 2260 2076 2192 2260 1330 2450 1864 2992 4288 2280
videos.hw01/03_frame/447.jpg 2854 3560 2994 2794 1802 3070 1630 2678 2686 2190 1826 2488 1194 2234 1400 3116
videos.hw01/03_frame/448.jpg 3012 3284 3052 2976 1958 1556 2160 2832 3188 1682 1882 1158 1744 1632 2688 4314
videos.hw01/03_frame/449.jpg 496 280 758 510 150 294 218 206 372 394 304 228 220 256 210 364
videos.hw01/03_frame/450.jpg 418 276 392 272 238 170 124 474 400 354 154 154 402 152 218 238
videos.hw01/03_frame/451.jpg 130 274 460 238 178 216 206 186 328 480 212 142 226 202 176 290
videos.hw01/03_frame/452.jpg 298 220 284 168 190 80 94 182 238 388 150 122 126 184 102 134
videos.hw01/03_frame/453.jpg 254 296 810 232 254 334 172 220 392 356 258 164 124 264 306 316
videos.hw01/03_frame/454.jpg 284 324 698 356 372 160 266 226 616 512 188 190 252 336 336 268
videos.hw01/03_frame/455.jpg 530 308 346 218 198 180 116 192 286 260 186 214 164 124 190 100
videos.hw01/03_frame/456.jpg 358 290 296 330 222 152 224 202 328 292 242 220 328 302 276 178
videos.hw01/03_frame/457.jpg 144 306 368 148 148 204 376 180 552 258 186 190 362 236 206 66
videos.hw01/03_frame/458.jpg 636 214 346 268 368 118 156 202 372 266 224 214 102 196 156 68
videos.hw01/03_frame/459.jpg 148 220 280 372 332 180 172 168 364 358 230 110 116 312 238 84
videos.hw01/03_frame/460.jpg 486 246 604 512 86 162 282 152 366 420 326 128 150 152 266 40
videos.hw01/03_frame/461.jpg 206 204 290 374 444 214 186 100 224 530 220 222 146 164 190 64
videos.hw01/03_frame/462.jpg 372 264 360 234 344 140 174 250 294 370 228 128 212 244 194 8
videos.hw01/03_frame/463.jpg 322 252 212 308 390 148 280 180 244 392 230 172 238 214 250 70
videos.hw01/03_frame/464.jpg 230 202 372 234 382 170 186 224 416 284 210 220 160 262 168 74
videos.hw01/03_frame/465.jpg 394 232 314 412 424 130 342 140 226 324 400 182 80 162 142 38
videos.hw01/03_frame/466.jpg 112 104 284 288 222 154 48 90 178 228 66 88 146 144 62 42
videos.hw01/03_frame/467.jpg 20 18 86 106 84 112 60 38 18 112 66 12 78 146 36 18
videos.hw01/03_frame/468.jpg 10 126 68 48 62 48 42 32 30 92 88 14 20 26 60 6
videos.hw01/03_frame/469.jpg 76 80 140 232 14 20 44 148 32 86 36 18 124 84 32 2
videos.hw01/03_frame/470.jpg 104 24 164 104 86 26 52 100 94 60 84 22 144 130 50 30
videos.hw01/03_frame/471.jpg 26 78 84 68 18 40 110 244 14 90 76 32 212 110 114 0
videos.hw01/03_frame/472.jpg 126 82 130 176 54 14 102 70 106 112 56 26 166 28 26 0
videos.hw01/03_frame/473.jpg 64 26 38 106 38 58 34 34 14 96 68 70 52 24 36 0
videos.hw01/03_frame/474.jpg 18 30 58 204 8 22 50 48 54 106 62 72 20 92 40 18
videos.hw01/03_frame/475.jpg 18 154 114 154 6 32 126 110 32 84 52 74 54 34 14 6
videos.hw01/03_frame/476.jpg 22 40 44 92 34 44 14 106 8 108 110 10 194 26 22 8
videos.hw01/03_frame/477.jpg 38 72 60 48 16 40 136 70 14 58 54 46 68 24 40 4
videos.hw01/03_frame/478.jpg 108 30 82 162 168 42 34 60 42 68 68 32 116 74 20 6
videos.hw01/03_frame/479.jpg 0 20 106 50 12 66 28 44 44 30 16 20 20 28 4 0
videos.hw01/03_frame/480.jpg 26 32 434 38 48 100 30 240 110 86 132 18 80 118 18 24
videos.hw01/03_frame/481.jpg 210 92 840 304 754 310 258 438 180 256 120 206 600 444 218 162
videos.hw01/03_frame/482.jpg 52 28 94 238 74 12 12 22 0 60 32 4 46 136 22 58
videos.hw01/03_frame/483.jpg 42 34 2 34 20 20 22 68 24 90 50 26 226 34 14 0
videos.hw01/03_frame/484.jpg 24 44 100 0 82 12 0 4 0 72 12 30 66 94 16 0
videos.hw01/03_frame/485.jpg 204 46 80 22 56 2 14 26 16 20 10 12 74 10 20 0
videos.hw01/03_frame/486.jpg 84 36 196 36 0 2 32 22 0 62 28 62 6 64 60 0
videos.hw01/03_frame/487.jpg 6 12 22 18 52 2 12 28 10 0 8 12 98 24 52 0
videos.hw01/03_frame/488.jpg 0 0 0 70 8 0 8 6 0 2 12 16 0 14 0 0
videos.hw01/03_frame/489.jpg 98 26 62 194 18 2 8 10 4 74 20 4 20 62 68 2
videos.hw01/03_frame/490.jpg 2 8 84 36 10 4 6 42 0 98 24 30 40 0 10 4
videos.hw01/03_frame/491.jpg 56 38 484 130 60 0 4 30 18 66 32 0 6 0 0 0
videos.hw01/03_frame/492.jpg 0 0 0 2 0 0 0 0 0 0 0 0 0 0 0 0
videos.hw01/03_frame/493.jpg 80 126 282 96 46 42 66 178 146 92 134 128 106 148 44 28
