videos.hw01/03_frame/1.jpg 0 0 0 0 0 0 0 0 0 0 0 0 0 0 0 0
videos.hw01/03_frame/2.jpg 17502 1262 6424 72 14390 2416 994 26 46472 5472 496 42 49718 162 6922 1472
videos.hw01/03_frame/3.jpg 21094 17740 9808 2 10902 3674 1118 10 60002 12576 1572 74 10154 0 546 10390
videos.hw01/03_frame/4.jpg 18568 16352 744 288 43098 3336 3726 118 8150 15706 458 100 8228 162 674 2648
videos.hw01/03_frame/5.jpg 42546 5936 600 50 2208 1280 970 74 11438 2454 128128 10342 44558 0 100214 7996
videos.hw01/03_frame/6.jpg 11220 5716 2264 6272 1150 3044 3188 32 5118 3094 598 32 6498 2 128 2048
videos.hw01/03_frame/7.jpg 14106 10864 2596 450 13868 2542 6284 20 3942 650 14440 2974 5562 2 722 2048
videos.hw01/03_frame/8.jpg 15878 1962 3664 882 3692 10238 708 2 28574 3622 1380 70 812 18 242 3528
videos.hw01/03_frame/9.jpg 3782 2178 934 450 2640 10222 1384 62 9974 8582 598 64 402 0 0 2048
videos.hw01/03_frame/10.jpg 8278 2172 5056 0 26504 8992 1364 10 5062 1084 844 86 266 0 578 2
videos.hw01/03_frame/11.jpg 3368 2782 2370 0 5882 9902 2748 56 6306 708 9514 5866 326 0 2 0
videos.hw01/03_frame/12.jpg 4840 4216 1506 0 4644 612 4046 44 504 3164 220 114 0 0 0 0
videos.hw01/03_frame/13.jpg 1636 11282 3422 0 1758 6672 876 16 1014 74 12068 2796 128 0 0 5000
videos.hw01/03_frame/14.jpg 19398 1102 250 0 6336 540 1104 2 2738 29812 288 2 6074 98 288 0
videos.hw01/03_frame/15.jpg 104 2612 8194 0 288 518 112 2 98 418 280 22 936 200 2 0
videos.hw01/03_frame/16.jpg 51694 6874 21198 6272 8150 6002 990 22 15866 84964 24256 1328 172926 2 8 20808
videos.hw01/03_frame/17.jpg 994 2828 1256 50 452 62 46 0 722 68834 36 2 8502 0 14792 72
videos.hw01/03_frame/18.jpg 2416 2112 2488 0 266 1236 384 26 8 950 706 4 37518 450 0 8
videos.hw01/03_frame/19.jpg 18 5230 80 2178 2246 1390 1712 42 162 258 5450 2402 0 0 0 0
videos.hw01/03_frame/20.jpg 153274 6460 40 288 1512 2240 2084 64 6794 33318 544 154 14 8 0 2178
videos.hw01/03_frame/21.jpg 5202 8568 2824 8 1930 334 42 4 36314 1152 232 16 15086 50 0 10952
videos.hw01/03_frame/22.jpg 23622 3438 4632 1250 16712 1230 258 6 32262 12508 164 8 17106 18 0 2450
videos.hw01/03_frame/23.jpg 962 8174 760 18 1934 506 132 4 7850 10118 2546 1818 3108 8 50 8712
videos.hw01/03_frame/24.jpg 1922 18 0 18 1382 250 300 0 294 12906 718 16 4166 0 0 9800
videos.hw01/03_frame/25.jpg 19330 11976 62 0 808 4548 1308 12 6104 470 15872 3216 98 0 0 1250
videos.hw01/03_frame/26.jpg 2810 62 128 0 116 848 176 32 0 854 1158 76 0 0 0 0
videos.hw01/03_frame/27.jpg 2524 2744 106 0 452 184 250 6 1950 6 6 0 0 0 0 0
videos.hw01/03_frame/28.jpg 3136 600 18 0 34 1006 200 0 0 32 130 10 0 0 0 0
videos.hw01/03_frame/29.jpg 7918 3346 38 0 2994 122 162 6 1638 0 478 14 0 0 0 0
videos.hw01/03_frame/30.jpg 14 42 1940 128 1496 664 30 2 162 0 98 0 2066 0 0 0
videos.hw01/03_frame/31.jpg 5936 5400 1600 162 4096 422 634 2 9866 43218 384 102 4374 72 392 14112
videos.hw01/03_frame/32.jpg 1222 4 0 0 3698 130 134 0 1832 228 232 10 776 128 1058 0
videos.hw01/03_frame/33.jpg 3550 538 5552 0 1144 344 332 18 14 4770 502 140 4662 98 0 0
videos.hw01/03_frame/34.jpg 800 18 10 0 2382 202 6 2 288 94 132 46 3896 72 72 72
videos.hw01/03_frame/35.jpg 104 24 4780 0 6994 2634 1116 34 50 6018 614 32 618 0 0 98
videos.hw01/03_frame/36.jpg 154 340 6 0 68 518 228 8 434 25994 58 26 10526 18 0 0
videos.hw01/03_frame/37.jpg 19602 566 0 0 1072 40 72 2 114 7200 16 0 72 0 0 32
videos.hw01/03_frame/38.jpg 3128 92 178 98 2456 152 60 2 266 17474 240 24 1368 50 72 0
videos.hw01/03_frame/39.jpg 230 584 86 0 3046 752 288 2 392 48 250 10 392 0 2738 0
videos.hw01/03_frame/40.jpg 432 7958 14 0 1236 5184 2802 2 1482 6372 390 32 0 0 0 0
videos.hw01/03_frame/41.jpg 724 162 18 0 8 1138 1020 146 3906 1846 106 54 9522 18 0 0
videos.hw01/03_frame/42.jpg 32 2 12168 0 104 852 446 232 0 1364 322 4 366 0 0 2178
videos.hw01/03_frame/43.jpg 802 890 2 0 2924 10532 2176 64 38 61892 1388 72 456 0 0 0
videos.hw01/03_frame/44.jpg 36 50 1458 2450 128 664 372 6 0 4166 1556 6 1946 0 0 8
videos.hw01/03_frame/45.jpg 4502 24 0 0 1152 700 580 8 98 78 414 0 0 0 0 2592
videos.hw01/03_frame/46.jpg 4328 168 988 8 80 834 390 6 2526 3520 300 44 2984 0 0 4232
videos.hw01/03_frame/47.jpg 2 86 0 4050 348 10880 3314 2 2526 15330 3650 240 4382 0 0 0
videos.hw01/03_frame/48.jpg 8 80 0 0 926 466 308 2 182 352 188 0 8 0 0 0
videos.hw01/03_frame/49.jpg 8572 520 148 0 6560 4596 2090 18 536 1330 3646 916 0 0 0 288
videos.hw01/03_frame/50.jpg 760 7334 844 0 14774 464 380 2 1208 2042 328 126 1152 8 0 20000
videos.hw01/03_frame/51.jpg 21120 4634 7102 72 3474 3340 522 2 14702 76782 488 0 1922 5414 200 242
videos.hw01/03_frame/52.jpg 2656 604 128 0 1616 18354 942 8 8550 7880 6570 3732 15608 168 0 15488
videos.hw01/03_frame/53.jpg 244 8 3632 0 1124 62 42 0 24 214 66 0 4850 2450 200 0
videos.hw01/03_frame/54.jpg 608 82 66 200 4504 3632 916 4 632 664 304 4 15302 32 0 0
videos.hw01/03_frame/55.jpg 2596 34 8 0 3352 8770 1880 218 22 9108 2112 310 2 50 0 0
videos.hw01/03_frame/56.jpg 1568 206 22 0 10834 1270 128 28 410 1244 400 12 1106 8 0 0
videos.hw01/03_frame/57.jpg 580 1356 0 0 544 224 264 2 3872 5022 684 12 62 0 0 0
videos.hw01/03_frame/58.jpg 20 218 0 0 638 384 268 12 98 192 1084 12 3962 0 0 9800
videos.hw01/03_frame/59.jpg 4726 340 0 1352 958 6358 1084 120 8 23198 1310 68 0 288 0 72
videos.hw01/03_frame/60.jpg 800 18 2178 450 864 704 172 4 1050 354 310 50 4418 0 0 0
videos.hw01/03_frame/61.jpg 34814 35080 49956 8192 2060 12670 6332 38 4770 52328 4924 274 97434 98 50 19602
videos.hw01/03_frame/62.jpg 2650 10 128 512 7820 210 756 0 1158 2054 116 40 1806 72 0 2738
videos.hw01/03_frame/63.jpg 8882 8 0 0 1280 8 0 0 882 238 0 0 266 50 0 0
videos.hw01/03_frame/64.jpg 424 1106 18 2312 34 418 304 16 3302 312 2368 26 1850 0 0 800
videos.hw01/03_frame/65.jpg 380 32 0 800 0 0 2 0 0 78 380 0 234 0 0 72
videos.hw01/03_frame/66.jpg 242 0 78 0 2 80 416 2 0 114 494 44 2502 128 0 3362
videos.hw01/03_frame/67.jpg 0 0 648 722 242 28 6 2 0 10 292 20 74 0 0 0
videos.hw01/03_frame/68.jpg 5000 74 8 0 504 24 240 0 0 0 100 34 0 0 0 0
videos.hw01/03_frame/69.jpg 0 0 0 2 0 266 78 6 0 0 6 10 0 0 0 0
videos.hw01/03_frame/70.jpg 392 414 8 0 332 24 82 26 0 0 194 150 1446 2 0 4232
videos.hw01/03_frame/71.jpg 2 2 2132 2888 650 144 14 0 1638 656 256 0 344 128 0 1058
videos.hw01/03_frame/72.jpg 2178 194 0 0 13324 32 40 0 4616 17678 4 2 152 128 0 0
videos.hw01/03_frame/73.jpg 4326 3302 758 1058 6682 38262 16384 13314 198 43244 468 32 2 242 50 0
videos.hw01/03_frame/74.jpg 288 26 366 0 276 3170 4688 476 1952 1014 314 264 0 0 0 0
videos.hw01/03_frame/75.jpg 2178 422 0 0 5564 322 1804 48 0 354 252 16 366 0 0 0
videos.hw01/03_frame/76.jpg 2382 1588 2460 0 7152 39692 4194 5540 3446 16106 366 48 35186 18 50 722
videos.hw01/03_frame/77.jpg 1664 4646 4364 450 532 2524 1088 362 834 536 174 238 134 0 0 0
videos.hw01/03_frame/78.jpg 532 3532 200 2450 24 434 148 180 1634 6 238 0 2502 0 0 0
videos.hw01/03_frame/79.jpg 58 2056 22 0 4658 42620 1442 498 1412 768 3732 516 338 98 0 1568
videos.hw01/03_frame/80.jpg 15164 1392 65310 2 898 1920 1628 64 28518 75318 492 46 76950 32 0 92450
videos.hw01/03_frame/81.jpg 9826 882 7448 0 6214 178 400 6 2054 2246 58 2 7016 242 450 4802
videos.hw01/03_frame/82.jpg 4854 38 1422 0 6614 686 1974 50 6882 3592 200 0 42 0 0 450
videos.hw01/03_frame/83.jpg 11616 66 1066 0 4308 105544 122846 488 190 162170 64926 480 0 0 0 14112
videos.hw01/03_frame/84.jpg 51514 6110 696 1058 38068 4750 832 304 1014 49928 16 10 66822 0 0 7442
videos.hw01/03_frame/85.jpg 222 62 13448 0 548 81614 53958 54228 1946 3200 3508 656 42 0 50 72
videos.hw01/03_frame/86.jpg 23818 8 0 0 626 18684 250 180 686 26912 252 34 3626 0 450 0
videos.hw01/03_frame/87.jpg 578 2 0 1458 1374 802 548 204 882 0 44 8 18 0 0 0
videos.hw01/03_frame/88.jpg 2 888 3698 0 3316 262716 57476 15570 0 128 2028 184 0 0 0 2
videos.hw01/03_frame/89.jpg 1982 4350 420 32 182 4500 4868 948 0 128 604 70 11256 0 0 128
videos.hw01/03_frame/90.jpg 2178 722 0 0 8912 5608 1066 86 558 968 144 34 5000 0 0 0
videos.hw01/03_frame/91.jpg 11588 1126 11020 2 8488 63554 80288 7584 9128 14792 1148 618 3096 2 50 11552
videos.hw01/03_frame/92.jpg 1806 132 5774 18 374 6538 164 44 1634 2 122 54 338 0 32 9800
videos.hw01/03_frame/93.jpg 224 8 18 0 9664 6102 212 66 1512 2738 634 128 554 72 0 9248
videos.hw01/03_frame/94.jpg 542 716 3542 0 186 952 192 68 1178 3042 602 210 8 0 0 9248
videos.hw01/03_frame/95.jpg 10398 18 2 0 596 117176 46140 1850 1952 3200 2714 372 0 0 0 128
videos.hw01/03_frame/96.jpg 0 290 582 0 0 326 314 120 2 0 28 20 0 0 0 0
videos.hw01/03_frame/97.jpg 20738 834 186 8 10372 40478 169828 61064 8450 20402 75526 76 7782 0 0 0
videos.hw01/03_frame/98.jpg 3818 2458 930 8 4274 13094 900 346 3150 50562 30 136 7982 0 0 0
videos.hw01/03_frame/99.jpg 1682 250 3698 2 224 392 488 452 2498 24642 10 0 9506 8 0 2178
videos.hw01/03_frame/100.jpg 36 614 38290 17704 8 38062 233082 78690 0 0 200304 1230 5762 0 0 0
videos.hw01/03_frame/101.jpg 98 0 20 208 1206 368 178 10 0 2 0 0 2186 0 0 0
videos.hw01/03_frame/102.jpg 4850 2232 1582 10 12038 1274 68 396 2534 4050 0 0 126 0 0 0
videos.hw01/03_frame/103.jpg 10326692 9928670 16819748 31807616 16918946 26416002 21745084 22813224 21093316 31126506 32882996 34643218 12813360 30893272 30971934 25613172
videos.hw01/03_frame/104.jpg 67012 347974 330210 1139342 2670 968 8492 325686 923314 467860 415696 442302 7625980 3254564 268014 225560
videos.hw01/03_frame/105.jpg 6842 19800 12070 55052 6764 72 2074 6258 18534 5096 9712 16318 5132 14726 2350 5954
videos.hw01/03_frame/106.jpg 6474 18142 32898 24712 288 128 66 334 1362 1068 760 17394 1368 2958 388 4252
videos.hw01/03_frame/107.jpg 102542 487586 415654 299934 102978 12588 2838 265700 4558354 12118596 376330 415176 4479726 2515100 11929154 1987448
videos.hw01/03_frame/108.jpg 2776 52782 50 1168 58 96 142 80 942 136 254 48 1754 134 18530 128
videos.hw01/03_frame/109.jpg 120972 384154 375404 204802 17452 2531316 1740894 107450 5166626 1175368 17226054 5884448 87894 2625074 12114608 11853602
videos.hw01/03_frame/110.jpg 1578 8980 10762 7350 206 2582 592 70 1534 158 176 414 1248 192 90 282
videos.hw01/03_frame/111.jpg 4266 22466 2910 13482 732 6326 1888 96 122 444 442 708 160 1896 552 1204
videos.hw01/03_frame/112.jpg 128298 592296 1169706 620814 194742 787742 2821082 798458 587524 3054342 3683094 5015706 787582 1541804 439722 7646248
videos.hw01/03_frame/113.jpg 1574 27844 158308 11360 162 276 60 860 858 160 328 78 3948 10854 368 1356
videos.hw01/03_frame/114.jpg 4992 7962 11914 2532 5780 432 1116 4670 6610 450 2040 204 1750 1390 152 846
videos.hw01/03_frame/115.jpg 207170 96646 603446 229678 64460 166240 1217652 275816 226764 1279436 1151522 63116 108630 966158 277252 1211230
videos.hw01/03_frame/116.jpg 662 7644 66148 1740 2520 7482 254 3032 148 640 106 112 228 664 324 118
videos.hw01/03_frame/117.jpg 50 100 2600 2822 88 1308 3058 526 62 404 96 176 1610 5260 1030 1378
videos.hw01/03_frame/118.jpg 157996 80194 232840 83054 20056 25012 200406 371696 46028 165978 297570 99136 76032 101412 95048 295686
videos.hw01/03_frame/119.jpg 22084944 12437810 14825900 10840702 19011562 5478978 23153534 8656364 15590308 14361938 17539016 5930842 7519876 11789784 3991528 4918876
videos.hw01/03_frame/120.jpg 416124 6165238 1909016 12431426 2443426 14511044 10255208 3502512 2533742 16378946 4423608 5566640 211422 1993320 4975988 19934814
videos.hw01/03_frame/121.jpg 1112 13426 4286 12874 612 3846 3286 1006 2 1284 8982 1032 3784 832 5390 9666
videos.hw01/03_frame/122.jpg 281252 1237594 363574 1676304 280556 7546978 3747648 841364 75628 11837088 2527174 1152502 258820 210880 1535744 2171324
videos.hw01/03_frame/123.jpg 366 1634 2450 19840 1356 66 702 1326 56 1090 62 362 346 568 144 136
videos.hw01/03_frame/124.jpg 122 360 2090 16802 654 846 494 116 248 2050 496 710 404 834 1524 262
videos.hw01/03_frame/125.jpg 613172 632016 873534 1043356 1590612 4038170 4115552 2949420 4802534 3370830 2512138 3592270 56774 518546 2459872 5143814
videos.hw01/03_frame/126.jpg 722 7266 986 5002 704 596 98 28870 584 668 94 890 2862 10638 210 2722
videos.hw01/03_frame/127.jpg 62 558 1554 4974 124 90 328 37772 1730 468 118 342 4 158 856 856
videos.hw01/03_frame/128.jpg 46998 46100 894236 658086 665576 34662 6374 79804 163758 44528 2476 22250 152554 8405270 12627268 644204
videos.hw01/03_frame/129.jpg 3428 1230040 3168364 12606 570 516 678 61924 364 3044 518 988 2509248 1708282 33670 33694
videos.hw01/03_frame/130.jpg 8650 73872 2827742 79524 404 794 132 3136 302 88 172 1436 371464 6173352 6177442 72642
videos.hw01/03_frame/131.jpg 12840 947912 1620064 149224 327056 26400 2680 12780 187726 10204 11278 15778 3027102 8850042 4701966 166278
videos.hw01/03_frame/132.jpg 109556 1690708 1148692 10322 650 374 42 1132 214 390 20 482 3312802 9089562 4912946 290054
videos.hw01/03_frame/133.jpg 474028 2626832 3161546 101946 134 1216 200 2492 648 912 402 1284 2098882 7322014 4402106 527284
videos.hw01/03_frame/134.jpg 8334 4438 1722 2972 19942 1970 470 1416 22830 1218 364 1150 380640 1007536 6350 660
videos.hw01/03_frame/135.jpg 151820 295652 54800 91090 297518 17188 7762 11296 116930 4584 6702 15458 470568 2469780 2193032 68534
videos.hw01/03_frame/136.jpg 7708 123718 1149932 7042 928 472 96 110 306 862 152 186 1061614 180720 246560 62838
videos.hw01/03_frame/137.jpg 153338 109906 178730 250884 200046 21944 1912 14170 53936 7712 12728 11416 38430 1905500 726052 48812
videos.hw01/03_frame/138.jpg 15722 306780 659102 13772 104012 10982 638 15444 49176 6150 1578 5600 80848 240652 22448 43566
videos.hw01/03_frame/139.jpg 267418 359930 25350 80294 112 42 0 98 46 20 0 152 492588 32084 143006 5004
videos.hw01/03_frame/140.jpg 28024 894618 497592 438 2026 574 182 704 234 262 406 186 511380 4477976 44500 2242
videos.hw01/03_frame/141.jpg 124664 333658 571932 102666 194 888 652 10094 1480 3586 544 824 298786 231086 899894 14276
videos.hw01/03_frame/142.jpg 18767328 10376174 3543850 7838474 3286680 20026510 20344852 12931106 8631022 9524910 21154188 7172196 13335258 14887082 11587682 11287536
videos.hw01/03_frame/143.jpg 383594 4190 13320 95554 495460 4446 612 1890 12076 3846 22908 395422 47270 409842 146448 4038
videos.hw01/03_frame/144.jpg 216348 1527712 1433524 1771586 1660444 244468 650970 3628028 319606 2518476 419216 965246 208682 336054 649738 6575006
videos.hw01/03_frame/145.jpg 109594 4220 127926 616446 70140 4356 2932 716 84242 8780 2162 248984 25712 123492 1362 6104
videos.hw01/03_frame/146.jpg 124784 246060 766434 139598 370960 207568 574040 1100296 564110 210070 154420 267432 43722 359668 1658432 419230
videos.hw01/03_frame/147.jpg 298114 86982 55338 36886 195074 16488 11020 106 29938 5932 11548 320012 72818 132838 48626 764450
videos.hw01/03_frame/148.jpg 90868 267336 114590 68100 920272 227110 47762 271470 533088 101436 248868 347126 891558 1140580 4273000 724876
videos.hw01/03_frame/149.jpg 139712 24750 30774 753100 261954 2370 10400 416 13638 560 55694 89038 53466 8714 24932 1104914
videos.hw01/03_frame/150.jpg 168968 193412 98650 75474 2068728 27638 102564 414720 297384 40230 194382 815686 40230 35196 65848 10452
videos.hw01/03_frame/151.jpg 65880 8958 51572 316426 326756 1716 35894 1888 359108 1712 41938 93126 79258 264620 68296 6672
videos.hw01/03_frame/152.jpg 17780 12662 29988 400774 1287016 12494 21076 3524 165976 7864 84742 581010 185742 418600 575158 109212
videos.hw01/03_frame/153.jpg 414128 633962 446368 502230 985954 10727878 6784208 6456144 739444 715138 1788910 3325276 472216 283242 2801234 561946
videos.hw01/03_frame/154.jpg 91916 337924 167600 97328 97230 268380 57758 377946 370302 3330124 376060 178686 1066712 125212 469618 969008
videos.hw01/03_frame/155.jpg 746344 1281508 1168284 554688 258322 339738 88320 441748 426834 718790 492660 656086 865246 1799004 3953806 4978822
videos.hw01/03_frame/156.jpg 368452 221848 288792 694232 252914 237418 261170 394210 113756 428618 72470 21016 657854 146186 150404 24658
videos.hw01/03_frame/157.jpg 309158 610862 388040 324464 175816 253898 239208 362196 114642 897402 149314 81574 975242 544062 239300 830436
videos.hw01/03_frame/158.jpg 106360 37096 410010 787534 111366 54166 87012 203980 135722 1200 1554 88110 554 22586 286322 27050
videos.hw01/03_frame/159.jpg 183262 4916250 773794 254034 502358 1251560 560762 2020772 934498 831200 2848316 366980 2533394 3099956 9441150 2400730
videos.hw01/03_frame/160.jpg 851498 10300584 10524316 839654 2077384 1128986 3015296 5603908 8266224 1006742 1801512 3136456 10667124 1828512 10093722 3834962
videos.hw01/03_frame/161.jpg 5908928 1001922 2001740 9515056 1341124 22899594 19241238 7619262 167960 6248778 9307948 26896494 195630 1086876 952934 12354900
videos.hw01/03_frame/162.jpg 586 0 2 46 2826 32 0 0 2484 104 522 0 26 1892 340 7906
videos.hw01/03_frame/163.jpg 10816086 26865308 16151070 4770010 19744744 25548598 25384714 8014204 12976888 7822002 11683330 4883156 21466066 8445630 29210004 14512706
videos.hw01/03_frame/164.jpg 5192 3110 4062 13930 1134 2222 4356 1850 1362 1936 702 2148 2228 15972 4494 1968
videos.hw01/03_frame/165.jpg 401150 8350174 644444 5670730 577096 2610190 1999338 405814 1889570 3181296 946128 128430 1341268 528548 36712 182626
videos.hw01/03_frame/166.jpg 47268 732080 208890 617494 311372 612890 360770 486820 790794 327930 356728 51486 303482 43276 188012 23768
videos.hw01/03_frame/167.jpg 1254 182 1844 1812 4238 1164 966 3906 848 8978 14086 2424 5614 2712 3446 204
videos.hw01/03_frame/168.jpg 8 14 115610 14727126 402 202 4524 5582078 82 228 2100 152134 160 982 74 2
videos.hw01/03_frame/169.jpg 948016 2155046 82626 65584 830358 1863990 2902362 363796 517646 2922178 1417750 151698 307270 1080374 304034 9015444
videos.hw01/03_frame/170.jpg 4594 262766 8247794 196244 8513472 3254890 1168090 3280174 17577786 14046200 2447912 960360 10128480 22906934 178404 417850
videos.hw01/03_frame/171.jpg 66052 135560 3962 4 77494 1502 105760 287996 3376 1026 69742 124562 364 946 141728 444412
videos.hw01/03_frame/172.jpg 12003136 18940794 929286 17618844 3732700 3198244 1743922 68260 11990814 13610930 2368418 542464 9736850 22548626 3542 267350
videos.hw01/03_frame/173.jpg 20180 8544 20510 1108 7386 614708 1222 16922 46336 232588 728 5524 94658 220390 5880 2992
videos.hw01/03_frame/174.jpg 8055420 20783914 8260476 1521744 8821810 30534 1958 15262 1545628 432426 688 23368 460830 663454 74366 157556
videos.hw01/03_frame/175.jpg 1846910 61982 28372 3596 888646 817850 3288 13094 1869868 413294 750 37388 358368 66232 15382 3766
videos.hw01/03_frame/176.jpg 519688 119374 35106 1152 33096 573678 1304 2872 228686 203350 736 2648 103748 89500 14766 176
videos.hw01/03_frame/177.jpg 206030 133458 22468 1984 15400 41704 2554 442 92468 210512 1516 3710 122550 326232 5116 82
videos.hw01/03_frame/178.jpg 708970 93856 36666 9546 76052 685044 1618 3944 205100 352428 2938 2278 33666 108300 2468 48
videos.hw01/03_frame/179.jpg 643782 190470 14096 1888 12618 530048 3452 1336 78322 170926 806 2776 55046 91948 8410 428
videos.hw01/03_frame/180.jpg 94 2764 288 138 1658 730 192 1960 34242 1250 822 1548 84 134 720 414
videos.hw01/03_frame/181.jpg 325512 160036 2106 5190 53322 35310 2636 11148 203112 202030 2198 2366 58942 224142 7472 776
videos.hw01/03_frame/182.jpg 2 90 272 552 3884 176 216 754 3704 1028 348 1702 3722 364 12422 744
videos.hw01/03_frame/183.jpg 496910 59860 19832 37940 64644 92856 5928 22872 33958 286044 12420 20180 100968 234914 27364 77776
videos.hw01/03_frame/184.jpg 5506 334 1280 340 2274 2584 616 1158 3990 1556 1628 1586 1440 5206 12898 170
videos.hw01/03_frame/185.jpg 3240 228 198 250 1150 362 2522 588 50 3530 980 854 10988 28406 1006 320
videos.hw01/03_frame/186.jpg 2682 524 1492 414 94 6972 368 4638 8 386 866 1314 472 430 5358 14
videos.hw01/03_frame/187.jpg 151084 23982 20086 40072 59086 28248 10200 24764 72254 342098 10358 29856 17600 29458 20474 99774
videos.hw01/03_frame/188.jpg 203378 74434 5452 390 2075356 1689012 29772 9330 2265348 6755992 626 2834 63950 395160 6058 204
videos.hw01/03_frame/189.jpg 1294 4106 1748 70 7200 2616 46 368 0 2976 78 702 60 646 198 522
videos.hw01/03_frame/190.jpg 456 94 1562 784 1002 5456 536 326 0 1316 932 3600 104 304 466 6
videos.hw01/03_frame/191.jpg 14020 53746 3626 1658 5112 428460 11546 21416 5352 495268 5518 6238 26800 61074 9448 866
videos.hw01/03_frame/192.jpg 26294 3086 976 364 1152 105798 8816 8576 134 148006 41402 4602 12658 6628 3634 14
videos.hw01/03_frame/193.jpg 36 106 200 88 6 298 86 128 42 180 36 146 132 482 978 228
videos.hw01/03_frame/194.jpg 550 424 1772 394 2 402 452 762 114 2080 374 1104 312 564 358 596
videos.hw01/03_frame/195.jpg 216788 528722 155496 3204270 105830 1526862 1488506 3613820 1920244 4592644 579094 210874 574718 132836 61994 1851072
videos.hw01/03_frame/196.jpg 142008 115728 22750 2487804 595688 538020 249384 319182 862696 374478 127260 32838 68888 88588 20062 941262
videos.hw01/03_frame/197.jpg 272 1178 10820 19928 206 954 466 690 190 90 2286 758 64 21188 3162 98
videos.hw01/03_frame/198.jpg 394 40 290 3182 2036 1234 2044 656 544 484 536 356 898 6936 448 512
videos.hw01/03_frame/199.jpg 94880 142852 1432 469454 2943006 719006 134910 102466 1724414 630926 197274 39278 91774 49180 22842 582448
videos.hw01/03_frame/200.jpg 962 4 844 6254 230 248 4128 5736 1574 880 3430 494 2036 16142 3914 194
videos.hw01/03_frame/201.jpg 290 3718 680 15250 131812 1467808 56258 64236 179488 3125298 56798 113168 41856 71310 22776 10814
videos.hw01/03_frame/202.jpg 7232 644 2708 39016 57076 2860 40068 5260 4090 22120 18018 5654 28568 56984 4108 2938
videos.hw01/03_frame/203.jpg 43676 1254 1860 27100 102500 2090462 59368 20458 208714 4483914 40522 83002 11346 74716 19204 1232
videos.hw01/03_frame/204.jpg 202 2 18 28568 7790 678 2008 1346 524 484 1272 794 3974 2442 78 482
videos.hw01/03_frame/205.jpg 39010 2564 15384 50842 264110 103978 215332 174634 129388 62766 364268 186396 48384 43678 83350 267716
videos.hw01/03_frame/206.jpg 348 0 0 1312 830 262 6546 490 250 522 27286 4826 2708 3412 4370 460
videos.hw01/03_frame/207.jpg 1078 890 5666 1348 906 606 2958 2490 1992 6220 4952 6126 3802 3028 5304 1036
videos.hw01/03_frame/208.jpg 2032 5208 2658 152020 58684 35708 96134 750604 409748 121886 115924 421990 38610 51594 11922 14202
videos.hw01/03_frame/209.jpg 18510674 20837358 6830512 10343796 15828518 3827656 5329302 2574626 23071366 10201886 6728804 2124380 11930980 9303324 8387082 9757442
videos.hw01/03_frame/210.jpg 306 1328 900 9450 4270 7386 11164 2242 1990 194 15840 3536 1472 1586 1754 1188
videos.hw01/03_frame/211.jpg 1282 2220 5590 31252 4324 3978 10780 2682 1690 3486 8366 7656 122824 2424 5306 1056
videos.hw01/03_frame/212.jpg 7104 130244 379754 6544 55384 141978 53398 6628 2956 11728 7808 8916 71662 5326 4062 1546
videos.hw01/03_frame/213.jpg 348 359012 458480 3684 309244 219900 74082 6480 1752 33358 2476 2528 1304 1162 3796 100
videos.hw01/03_frame/214.jpg 252 3508 2008 1182 3632 474 13234 2250 26 216 716 9832 4076 2106 7874 106
videos.hw01/03_frame/215.jpg 1598 153382 97428 31726 279480 32750 57008 8584 1286 6700 12306 1556 5244 4764 4716 172
videos.hw01/03_frame/216.jpg 184 906 862 1672 174 542 2080 560 90 30 12444 1144 532 758 1086 946
videos.hw01/03_frame/217.jpg 2698 148 798 2204 766 1936 1032 608 148 294 10444 1064 4196 646 326 1304
videos.hw01/03_frame/218.jpg 554 96 5246 36 924 932 72 1032 268 202 722 260 4418 804 74 168
videos.hw01/03_frame/219.jpg 80 688 1436 50 220 882 938 740 218 170 604 498 144 1320 5798 154
videos.hw01/03_frame/220.jpg 28 1542 13966 1398 428 1256 3554 2086 236 322 3604 722 300 540 810 470
videos.hw01/03_frame/221.jpg 96 720 476 2524 50 0 376 820 80 114 128 814 74 262 2 76
videos.hw01/03_frame/222.jpg 148 256 1008 814 360 4962 700 662 236 1438 772 28 5644 172 2404 46
videos.hw01/03_frame/223.jpg 1034 826 1004 610 1160 2316 788 988 2022 446 10458 2452 4074 3184 500 850
videos.hw01/03_frame/224.jpg 3408 199408 81026 10492 17966 25936 68270 5920 640 1334 2006 3092 7358 2276 1704 74
videos.hw01/03_frame/225.jpg 94 1520 246 2074 154 1226 1806 1590 120 50 360 566 20 420 2122 50
videos.hw01/03_frame/226.jpg 1056 9738 14878 24224 344 2708 4000 6158 268 1764 2304 18718 9088 774 5956 368
videos.hw01/03_frame/227.jpg 50 528 3866 1324 296 1888 2598 240 146 86 232 894 72 250 10 518
videos.hw01/03_frame/228.jpg 4444 7526 93538 14360 3766 62638 34310 8256 148 1238 9196 3176 882 2400 1480 402
videos.hw01/03_frame/229.jpg 40 460 3548 2118 530 3060 13620 1626 444 720 1078 2108 33280 2932 160 624
videos.hw01/03_frame/230.jpg 1846 718 2508 6822 870 4944 3424 624 1960 212 482 806 12782 342 1958 82
videos.hw01/03_frame/231.jpg 10480 7762 17392 16510 4376 19190 54968 5248 556 1370 53466 782 2368 1232 1192 552
videos.hw01/03_frame/232.jpg 924 488 1846 2350 490 1750 942 980 884 378 930 1524 198 132 558 530
videos.hw01/03_frame/233.jpg 486 754 4180 498 288 592 9848 456 428 1638 1180 7454 3798 78 668 296
videos.hw01/03_frame/234.jpg 448 132 3844 174 324 1870 2044 186 160 164 31064 594 5202 1044 350 204
videos.hw01/03_frame/235.jpg 2584 1802 3064 1170 1510 20584 2684 4062 864 678 1650 1524 9518 1848 1010 170
videos.hw01/03_frame/236.jpg 1366 862 2772 1940 546 1562 18730 484 300 626 730 552 30 498 3972 108
videos.hw01/03_frame/237.jpg 120 22 848 86 182 2816 1918 548 194 1064 1376 7616 914 714 5278 164
videos.hw01/03_frame/238.jpg 1292 524 1534 406 298 878 5974 3892 512 258 5238 5398 1392 996 806 38
videos.hw01/03_frame/239.jpg 0 44 894 140 340 794 3962 112 260 0 62 64 68 34 36 2
videos.hw01/03_frame/240.jpg 28 360 4488 550 92 1834 584 336 1042 8 824 224 1332 312 108 230
videos.hw01/03_frame/241.jpg 830 558 2122 2308 606 1884 3950 1984 436 180 10076 434 1574 332 900 42
videos.hw01/03_frame/242.jpg 164 126 746 910 176 1506 1632 710 98 44 288 1888 1358 114 1148 24
videos.hw01/03_frame/243.jpg 286 24 872 612 236 3818 338 114 542 256 186 576 636 198 132 0
videos.hw01/03_frame/244.jpg 1978 294 628 164 26 388 726 36 160 130 220 228 3028 168 128 0
videos.hw01/03_frame/245.jpg 184 354 1322 1238 710 832 4398 170 70 28 240 382 1786 288 142 118
videos.hw01/03_frame/246.jpg 1056 344 450 358 88 96 1518 82 40 110 384 3418 1822 172 232 0
videos.hw01/03_frame/247.jpg 56 210 1178 348 48 132 172 148 248 4 188 1434 2 26 346 44
videos.hw01/03_frame/248.jpg 28 130 1450 34 266 4700 1668 776 64 24 3266 180 1224 168 58 52
videos.hw01/03_frame/249.jpg 728 196 2120 110 1496 1652 3202 416 50 608 390 52 3156 126 1770 22
videos.hw01/03_frame/250.jpg 72 92 484 138 148 192 834 858 450 124 2134 50 4978 122 568 14
videos.hw01/03_frame/251.jpg 174 126 674 618 110 7250 15034 222 502 4 0 2 6274 192 0 10
videos.hw01/03_frame/252.jpg 366 664 2086 1096 214 4400 24208 68 66 126 198 218 820 1068 18 2
videos.hw01/03_frame/253.jpg 2000 194 702 216 54 90 98 38 266 286 14 80 1918 128 72 0
videos.hw01/03_frame/254.jpg 1440 288 470 90 578 3178 324 404 1160 624 436 842 8552 1132 356 6
videos.hw01/03_frame/255.jpg 32 176 974 618 102 1256 326 378 338 18 270 42 6 420 1490 276
videos.hw01/03_frame/256.jpg 438 1776 12264 2278 196 2068 2402 576 102 304 102 1150 80 488 1076 200
videos.hw01/03_frame/257.jpg 182 174 392 2 164 1940 812 566 280 110 92 1052 1874 208 264 8
videos.hw01/03_frame/258.jpg 48 30 604 642 88 0 14 122 12 10 2 612 200 50 2 10
videos.hw01/03_frame/259.jpg 844 1008 3410 1958 478 3858 6444 760 402 128 2846 52 88 464 306 44
videos.hw01/03_frame/260.jpg 26 244 570 862 170 1036 1334 2766 76 42 3526 280 1040 260 54 32
videos.hw01/03_frame/261.jpg 242 82 294 522 338 584 428 968 202 192 118 2 246 268 600 0
videos.hw01/03_frame/262.jpg 1716 3284 11414 19624 1888 7004 9132 2152 2666 1484 15546 17544 30600 6664 4770 352
videos.hw01/03_frame/263.jpg 274 22 460 326 40 1314 4 0 4 18 0 0 2 54 168 0
videos.hw01/03_frame/264.jpg 50 120 14 0 326 350 370 114 136 116 0 498 5000 0 0 0
videos.hw01/03_frame/265.jpg 48 124 758 0 202 836 218 36 10 0 0 250 1320 168 3202 0
videos.hw01/03_frame/266.jpg 60 774 18 0 304 2798 7930 8702 2 12580 599992 98694 0 380 215810 56776
videos.hw01/03_frame/267.jpg 134 48 0 766 166 9590 2910 30832 130 13878 860464 218286 308 102 18450 16266
videos.hw01/03_frame/268.jpg 220 1130 3132 238 1652 1312 752 2424 64 6 15858 24294 20 42 820 362
videos.hw01/03_frame/269.jpg 400 98 380 1318 476 5760 4402 8370 184 24850 193084 105774 82 428 16610 8074
videos.hw01/03_frame/270.jpg 388 1308 94 608 66 156 486 128 112 108 546 2514 52 18 78 10
videos.hw01/03_frame/271.jpg 272 550 526 7714 122 2150 3494 4688 238 8 96 8198 4426 280 13186 154
videos.hw01/03_frame/272.jpg 24 458 814 3280 490 1468 2878 16666 28 99936 62250 152054 112 270 6132 79780
videos.hw01/03_frame/273.jpg 32 114 106 26 222 108 58 676 90 150 104 2870 10 220 1104 56
videos.hw01/03_frame/274.jpg 24 668 66 704 148 146 3924 7596 0 3972 29448 70708 32 92 3156 3514
videos.hw01/03_frame/275.jpg 162 222 390 7318 322 7252 10618 7976 92 30108 38598 18338 40 1958 540 2354
videos.hw01/03_frame/276.jpg 124 1216 3040 840 1372 910 1072 906 258 1496 392 2200 568 242 570 236
videos.hw01/03_frame/277.jpg 348 102 1586 4014 210 10298 532 1162 50 180 2320 2926 102 330 990 186
videos.hw01/03_frame/278.jpg 322 256 316 690 24 556 264 556 162 842 23066 4506 290 26 498 370
videos.hw01/03_frame/279.jpg 184 1136 5092 2034 1002 792 1416 524 130 128 4462 5380 1170 1618 2012 114
videos.hw01/03_frame/280.jpg 60 584 1074 2 180 562 2360 44 10 198 1056 790 2470 172 2724 16
videos.hw01/03_frame/281.jpg 48 424 168 8 358 378 640 86 56 1102 2256 870 32 526 36 0
videos.hw01/03_frame/282.jpg 14 160 430 2904 100 744 654 392 0 18 646 508 112 16 136 30
videos.hw01/03_frame/283.jpg 32 128 112 4 290 498 3628 104 536 74 536 134 500 284 154 0
videos.hw01/03_frame/284.jpg 74 2660 594 1534 298 386 5474 1188 514 124 2734 4980 354 4196 128 52
videos.hw01/03_frame/285.jpg 164 154 174 52 188 362 5502 594 192 84 840 9566 168 124 3134 10
videos.hw01/03_frame/286.jpg 168 526 3900 2290 242 240 1464 208 192 1036 73574 25232 116 68 2108 22
videos.hw01/03_frame/287.jpg 122 158 400 1522 726 136 788 1268 160 62 4312 4712 2806 3874 540 6
videos.hw01/03_frame/288.jpg 8 1826 312 0 48 120 1636 136 16 8 374 108 130 134 446 18
videos.hw01/03_frame/289.jpg 404 50 132 90 200 254 132 274 10 90 72 368 58 184 48 4
videos.hw01/03_frame/290.jpg 14 832 256 186 284 274 482 34 0 366 550 520 12 106 10 0
videos.hw01/03_frame/291.jpg 232 24 166 62 560 564 904 408 30 44 2228 206 66 2356 130 12
videos.hw01/03_frame/292.jpg 266 574 128 4 70 354 6 94 16 0 38 226 2908 140 452 0
videos.hw01/03_frame/293.jpg 190 358 30 0 216 1116 46 236 458 48 1644 180 606 164 238 14
videos.hw01/03_frame/294.jpg 2 18 128 90 60 202 472 144 66 212 96 2 156 126 254 0
videos.hw01/03_frame/295.jpg 342 324 126 92 12 816 4964 42 246 28 36 202 12 182 44 54
videos.hw01/03_frame/296.jpg 650 130 52 224 0 68 32 42 10 40 2060 824 8 52 4 0
videos.hw01/03_frame/297.jpg 72 166 42 32 62 1346 5706 204 54 104 21682 1932 534 330 278 14
videos.hw01/03_frame/298.jpg 48 160 32 6 12 90 366 88 60 244 88 248 116 4 20 0
videos.hw01/03_frame/299.jpg 302 8 878 326 692 1370 328 166 830 46 862 746 1236 208 1024 0
videos.hw01/03_frame/300.jpg 146 48 66 90 32 166 12 222 28 72 1824 1016 4 116 122 26
videos.hw01/03_frame/301.jpg 64 510 524 3354 868 250 1098 1546 866 594 2838 5046 2132 434 212 66
videos.hw01/03_frame/302.jpg 184 48 558 136 602 610 690 740 190 176 10696 1780 200 6096 598 28
videos.hw01/03_frame/303.jpg 18 78 370 18 126 168 836 1428 638 112 864 964 1300 228 670 12
videos.hw01/03_frame/304.jpg 128 392 434 0 0 356 106 14 50 26 3466 534 2 6 48 8
videos.hw01/03_frame/305.jpg 118 180 624 136 218 414 388 678 10 56 4054 1640 6386 1332 302 32
videos.hw01/03_frame/306.jpg 0 0 14 84 140 30 34 316 58 20 146 250 152 24 126 2
videos.hw01/03_frame/307.jpg 1460 206 86 0 12 82 262 38 2 34 108 702 0 244 44 0
videos.hw01/03_frame/308.jpg 198 622 1150 290 392 202 830 1302 132 88 2236 260 60 760 1046 14
videos.hw01/03_frame/309.jpg 300 922 2260 5300 232 968 1270 900 138 126 1898 2928 228 732 482 266
videos.hw01/03_frame/310.jpg 28 72 336 68 208 1084 188 1264 28 338 50 158 20 288 1764 0
videos.hw01/03_frame/311.jpg 30 2066 272 404 710 3144 1412 1604 276 638 5746 5834 96 1560 142 176
videos.hw01/03_frame/312.jpg 4 36 300 202 94 90 204 326 0 28 674 560 30 1114 582 0
videos.hw01/03_frame/313.jpg 346 2170 1292 756 854 1354 682 1740 174 778 450 8186 786 2292 492 104
videos.hw01/03_frame/314.jpg 172 20 62 156 94 362 88 404 0 22 4420 2136 6 74 4 6
videos.hw01/03_frame/315.jpg 736 894 116 108 514 2052 1334 112 242 26 520 812 398 730 204 4
videos.hw01/03_frame/316.jpg 134 406 716 678 70 3866 2466 1020 694 160 3772 9228 884 4216 528 14
videos.hw01/03_frame/317.jpg 16 920 652 2264 126 380 350 504 304 34 1310 2680 10 460 4494 50
videos.hw01/03_frame/318.jpg 0 450 10218 18 226 386 662 50 2 92 848 8126 1064 86 322 66
videos.hw01/03_frame/319.jpg 192 2424 330 1094 304 186 356 302 278 152 5438 298 986 328 4530 8
videos.hw01/03_frame/320.jpg 1060 742 80 2 284 556 472 12 48 98 2204 10 292 82 20 0
videos.hw01/03_frame/321.jpg 92 140 108 1366 58 3404 7340 240 2 58 2750 1202 1358 124 240 26
videos.hw01/03_frame/322.jpg 1588 5440 11192 7864 3110 21580 4438 11246 8184 1954 7740 24906 14194 3188 7832 638
videos.hw01/03_frame/323.jpg 154 106 270 176 144 8 138 190 308 22 9754 1834 2774 76 268 2
videos.hw01/03_frame/324.jpg 334 200 64 490 132 76 256 1232 76 154 516 580 2062 384 280 6
videos.hw01/03_frame/325.jpg 1032 206 16 248 158 88 576 50 84 4 772 408 6676 76 72 10
videos.hw01/03_frame/326.jpg 88 70 0 274 0 0 280 572 518 54 1034 112 20 340 2986 14
videos.hw01/03_frame/327.jpg 0 30 38 290 2 0 40 24 0 0 1056 216 0 0 28 0
videos.hw01/03_frame/328.jpg 104 10 8 288 242 1322 18 432 120 514 1288 1550 144 36 1496 10
videos.hw01/03_frame/329.jpg 30 832 84 298 34 310 308 154 138 22 1206 1744 1014 60 266 0
videos.hw01/03_frame/330.jpg 486 152 74 272 68 502 416 168 62 30 234 468 450 1542 2026 38
videos.hw01/03_frame/331.jpg 736 178 230 1842 160 376 1334 442 578 208 976 1668 812 88 500 2
videos.hw01/03_frame/332.jpg 292 106 0 1928 84 498 10 38 8 0 0 22 458 36 518 38
videos.hw01/03_frame/333.jpg 640 858 274 888 224 404 118 62 1620 94 2554 4086 4156 384 278 14
videos.hw01/03_frame/334.jpg 652 150 116 0 260 110 166 6 384 2 236 882 88 172 230 2
videos.hw01/03_frame/335.jpg 72 94 2 2 98 24 1206 0 580 0 878 8080 958 754 72 0
videos.hw01/03_frame/336.jpg 418 262 1176 0 528 56 1986 18 954 702 504 26 8138 364 4 2
videos.hw01/03_frame/337.jpg 554 94 142 314 242 170 2748 944 234 132 8190 2620 18 298 684 20
videos.hw01/03_frame/338.jpg 208 404 806 192 216 2002 2524 882 234 18 1534 1358 1568 1306 2804 86
videos.hw01/03_frame/339.jpg 0 8 140 162 106 192 1986 88 0 0 74 1386 0 0 100 8
videos.hw01/03_frame/340.jpg 834 218 446 192 166 284 1228 330 396 82 2088 164 10 1446 6666 92
videos.hw01/03_frame/341.jpg 296 478 284 128 502 1708 3026 628 1328 552 2552 458 852 644 306 0
videos.hw01/03_frame/342.jpg 2116 3286 1138 150 172 970 900 324 2756 616 912 2166 946 286 1284 0
videos.hw01/03_frame/343.jpg 0 0 60 606 12 134 0 80 0 6 164 84 0 10 0 0
videos.hw01/03_frame/344.jpg 838 408 532 332 924 542 1164 1226 144 648 4826 978 2008 1374 4124 0
videos.hw01/03_frame/345.jpg 928 1974 766 3408 308 2658 782 1108 3396 122 2244 1486 376 632 3990 4
videos.hw01/03_frame/346.jpg 412 952 1458 1258 300 1510 1340 2166 2538 462 4646 2018 22040 582 1824 40
videos.hw01/03_frame/347.jpg 24 1174 706 182 186 308 820 1570 92 386 2312 490 94 90 410 6
videos.hw01/03_frame/348.jpg 318 516 0 0 76 310 130 358 584 66 654 1796 3470 172 260 0
videos.hw01/03_frame/349.jpg 396 590 252 38 634 1220 1298 1264 458 1386 388 472 580 228 1506 14
videos.hw01/03_frame/350.jpg 18 738 638 0 178 976 4330 200 92 232 994 1638 702 270 72 24
videos.hw01/03_frame/351.jpg 614 0 0 182 16 0 0 80 28 0 0 0 10 2 162 0
videos.hw01/03_frame/352.jpg 1936 428 72 2 124 1546 1280 46 136 704 100 372 214 76 290 2
videos.hw01/03_frame/353.jpg 320 440 196 722 118 198 10528 186942 76 263554 551672 33908 1414 31428 105452 22326
videos.hw01/03_frame/354.jpg 194 428 230 0 294 628 62 70 60 14 70268 3878 618 112 134 0
videos.hw01/03_frame/355.jpg 1138 1058 6 0 378 892 1192 658 4 82 880 730 1878 130 1728 14
videos.hw01/03_frame/356.jpg 42 6 0 0 22 56 104 241574 4 11758 14208 26326 18 1880 60410 19256
videos.hw01/03_frame/357.jpg 62 6 10 18 0 274 304 1064 0 18 72 778 10 0 340 0
videos.hw01/03_frame/358.jpg 348 710 0 72 76 18 0 28 0 66 0 1526 744 0 50 0
videos.hw01/03_frame/359.jpg 172 24 0 0 2 272 106 26 0 1584 96072 10622 32 2826 23118 1324
videos.hw01/03_frame/360.jpg 0 22 32 0 0 54 0 0 200 376 704 758 1022 2 1126 20
videos.hw01/03_frame/361.jpg 1176 1372 28488 21502 5146 4810 25874 28656 2892 5710 6336 30448 32802 2634 10758 820
videos.hw01/03_frame/362.jpg 128 742 1644 64 84 930 2682 2 12 6780 168560 85040 1118 1652 1432 3708
videos.hw01/03_frame/363.jpg 190 328 116 8 270 242 650 332 178 68 3250 76 440 222 810 124
videos.hw01/03_frame/364.jpg 156 480 2580 1136 106 1690 106 402 432 162 4210 2998 1378 614 3250 12
videos.hw01/03_frame/365.jpg 1186 418 714 116 182 2310 7464 818 302 714 11252 14652 780 582 2386 470
videos.hw01/03_frame/366.jpg 280 268 750 444 566 736 796 488 700 60 2380 3676 52 490 2096 48
videos.hw01/03_frame/367.jpg 546 20 712 2040 652 276 68 232 432 332 10054 1430 3216 396 198 42
videos.hw01/03_frame/368.jpg 518 1138 1106 2336 344 372 2348 104 30 676 30476 2380 32 574 2192 128
videos.hw01/03_frame/369.jpg 38 330 192 108 320 214 608 786 202 362 31474 248 12 416 1050 8
videos.hw01/03_frame/370.jpg 844 406 382 4220 154 390 674 160 24 50 1626 222 494 736 84 182
videos.hw01/03_frame/371.jpg 154 202 288 68 192 828 98 794 50 2 65624 4054 1458 390 654 122
videos.hw01/03_frame/372.jpg 2180 302 2662 654 822 356 324 40 432 140 736 158 2412 720 468 20
videos.hw01/03_frame/373.jpg 224 646 1288 326 60 458 934 7308 88 32 3592 1452 22 408 1310 28
videos.hw01/03_frame/374.jpg 856 196 344 546 468 818 364 300 224 526 1540 580 4284 496 2464 102
videos.hw01/03_frame/375.jpg 10 82 114 126 156 248 2592 168 0 2 76 10 50 424 124 50
videos.hw01/03_frame/376.jpg 774 1460 6028 14426 682 1678 812 1938 134 770 6040 9636 3742 194 1726 56
videos.hw01/03_frame/377.jpg 224 188 6920 506 434 410 234 348 3006 116 12210 5484 132 230 758 276
videos.hw01/03_frame/378.jpg 70 204 954 778 148 464 264 462 616 12 640 8616 636 492 3550 82
videos.hw01/03_frame/379.jpg 308 546 266 1458 472 696 1684 1756 1242 106 878 4148 3344 1106 2372 38
videos.hw01/03_frame/380.jpg 118 620 1502 1036 84 336 1302 146 1788 84 622 846 6742 790 254 2
videos.hw01/03_frame/381.jpg 14 232 122 1462 594 336 2214 168 0 336 196 574 0 86 966 204
videos.hw01/03_frame/382.jpg 264 1002 1402 5858 276 5212 3948 934 570 1484 4396 7498 14548 966 878 162
videos.hw01/03_frame/383.jpg 242 1050 2890 2400 470 1340 1592 1062 1288 248 4450 12766 2470 2000 8888 84
videos.hw01/03_frame/384.jpg 1192 598 954 118 1786 2558 558 284 548 126 290 7090 3346 522 3912 194
videos.hw01/03_frame/385.jpg 1288 1932 1558 2610 1458 9332 4124 2074 1432 788 3044 2334 2926 1116 3346 100
videos.hw01/03_frame/386.jpg 260 364 894 1210 312 12434 708 386 30 32 784 5246 20 280 1788 664
videos.hw01/03_frame/387.jpg 4848 2444 12504 810 1824 7520 2036 2290 1746 498 4256 7920 3012 2202 2416 316
videos.hw01/03_frame/388.jpg 1104 1680 514 1650 1270 11422 5664 2986 3384 3464 4596 6366 4352 1280 16634 304
videos.hw01/03_frame/389.jpg 898 1208 5716 2076 972 320 10956 2270 252 250 12430 1724 3412 1124 11010 30
videos.hw01/03_frame/390.jpg 604 890 1200 1832 190 658 2632 124 50 1330 2106 1004 134 88 898 64
videos.hw01/03_frame/391.jpg 512 616 3598 1628 414 3864 4346 2464 174 340 9490 6282 12954 622 710 30
videos.hw01/03_frame/392.jpg 510 1084 366 182 314 1280 2520 1282 368 342 48104 140 2622 2358 1152 4
videos.hw01/03_frame/393.jpg 412 1066 2818 772 288 4112 4454 894 520 564 710 1134 3560 2940 4058 116
videos.hw01/03_frame/394.jpg 268 1240 234 216 64 368 202 282 58 854 23198 2984 988 434 218 34
videos.hw01/03_frame/395.jpg 212 36 286 160 76 46 1174 556 160 446 2258 1536 1168 2746 1326 406
videos.hw01/03_frame/396.jpg 272 498 220 8 512 132 504 330 102 1070 37172 17018 2290 2846 864 22
videos.hw01/03_frame/397.jpg 638 500 1518 1078 618 6342 1030 1066 552 1518 2636 566 2290 622 1338 28
videos.hw01/03_frame/398.jpg 524 480 1038 124 460 976 250 624 288 26 2924 804 1948 360 1388 58
videos.hw01/03_frame/399.jpg 544 876 670 180 224 448 954 594 464 236 548 2772 1352 3618 2744 14
videos.hw01/03_frame/400.jpg 552 642 464 34 422 454 398 1064 136 20 4962 1086 4196 544 1194 2
videos.hw01/03_frame/401.jpg 214 70 2136 898 32 5946 226 56 114 998 10204 9344 376 808 826 106
videos.hw01/03_frame/402.jpg 232 420 88 82 596 144 966 290 406 234 2740 464 416 956 4024 12
videos.hw01/03_frame/403.jpg 576 474 72 148 690 296 444 374 272 328 1032 52 14838 130 1054 0
videos.hw01/03_frame/404.jpg 582 242 78 0 128 846 298 0 0 300 2500 668 98 972 534 118
videos.hw01/03_frame/405.jpg 1968 30 38 7244 38 232 6 244 48 296 10718 2222 958 92 1774 6
videos.hw01/03_frame/406.jpg 302 310 1016 2458 358 1310 848 294 788 2950 7336 2278 1196 522 19012 64
videos.hw01/03_frame/407.jpg 134 72 416 2596 192 218 1010 416 52 12 10170 1114 1156 256 2846 82
videos.hw01/03_frame/408.jpg 200 190 388 134 180 118 220 90 16 1598 2842 606 50 288 124 2
videos.hw01/03_frame/409.jpg 14 42 336 92 16 68 26 56 20 428 3490 92 2 50 52 0
videos.hw01/03_frame/410.jpg 636 244 10 6 428 1018 338 64 22 174 1434 1558 8 254 412 38
videos.hw01/03_frame/411.jpg 26 36 0 66 0 0 42 48 14 20 236 202 16 340 320 8
videos.hw01/03_frame/412.jpg 314 194 92 148 168 180 0 428 370 14 2058 5222 1074 82 588 72
videos.hw01/03_frame/413.jpg 400 364 554 978 572 1118 604 882 890 760 1766 6002 390 390 1520 92
videos.hw01/03_frame/414.jpg 470 580 88 14 848 1640 4 158 220 44 1646 630 334 506 288 8
videos.hw01/03_frame/415.jpg 6 44 320 0 90 170 884 220 20 34 108 10 976 76 14 0
videos.hw01/03_frame/416.jpg 40 112 174 2 364 1464 174 728 362 522 316 82 1116 712 1006 6
videos.hw01/03_frame/417.jpg 340 1466 3368 1934 424 7166 1452 136 76 1918 7304 3398 15700 1652 2196 58
videos.hw01/03_frame/418.jpg 166 1028 1022 214 916 2744 532 590 1278 20 4506 226 2158 444 4186 62
videos.hw01/03_frame/419.jpg 50 34 130 2 178 290 326 478 244 46 5780 5048 12006 298 1316 130
videos.hw01/03_frame/420.jpg 272 1206 224 58 684 7520 1120 370 290 420 8618 718 308 112 466 16
videos.hw01/03_frame/421.jpg 2796 9440 6352 10558 646 6724 12354 3136 2994 10856 4430 2482 11280 11400 8658 90
videos.hw01/03_frame/422.jpg 418 74 212 2158 10 296 68 74 94 3130 20938 1886 10 396 1002 72
videos.hw01/03_frame/423.jpg 2104 2396 2316 394 456 694 1270 1026 1196 3340 3868 1796 1752 610 926 2
videos.hw01/03_frame/424.jpg 134 394 570 284 92 844 350 1276 122 4190 70960 846 242 308 332 0
videos.hw01/03_frame/425.jpg 86 110 220 118 196 1726 198 74 72 268 135716 1032 392 454 1846 60
videos.hw01/03_frame/426.jpg 660 446 182 2666 450 1532 32 292 170 2 17744 426 1946 1074 236 0
videos.hw01/03_frame/427.jpg 254 48 78 0 44 294 22 0 22 0 6122 80 332 638 20 0
videos.hw01/03_frame/428.jpg 702 840 132 608 452 1530 2150 794 1820 732 6292 1398 2190 644 1056 16
videos.hw01/03_frame/429.jpg 218 388 786 976 250 1626 1828 378 304 912 1028 3424 708 246 526 96
videos.hw01/03_frame/430.jpg 220 112 4 1328 250 478 12 96 176 1586 2860 600 7136 338 560 28
videos.hw01/03_frame/431.jpg 1570 11886 13784 24948 81088 12510 15936 7996 114 3246 960 2016 2846 1828 1360 130
videos.hw01/03_frame/432.jpg 1392 1092 1606 836 1118 8740 6998 776 574 154 1510 1974 0 358 19234 28
videos.hw01/03_frame/433.jpg 1424 626 1058 6770 776 1520 3574 2026 828 1464 2244 2264 946 194 9046 58
videos.hw01/03_frame/434.jpg 286 3156 4406 10876 24938 2954 28884 14584 2 926 4140 1846 9298 1924 208 134
videos.hw01/03_frame/435.jpg 418 834 1582 910 2218 4376 8166 814 98 0 288 158 978 402 24 0
videos.hw01/03_frame/436.jpg 214 466 1810 216 328 1182 1398 850 896 1860 4516 6604 1476 596 1542 14
videos.hw01/03_frame/437.jpg 1326 3272 3548 5954 3346 18346 8612 6790 246 60 2010 2886 4 1162 332 0
videos.hw01/03_frame/438.jpg 892 2590 10976 2622 4276 5098 1166 3914 10 72 7638 600 2502 1774 1504 66
videos.hw01/03_frame/439.jpg 274 1106 2086 332 160 1806 224 2844 1252 32 778 362 122 1058 172 74
videos.hw01/03_frame/440.jpg 552 266 28 302 482 272 450 628 2480 24 126 0 20428 108 1330 0
videos.hw01/03_frame/441.jpg 120 1596 6534 2526 1206 5620 24982 3318 1620 162 7928 6756 1380 3328 8634 92
videos.hw01/03_frame/442.jpg 13388822 11509858 4541502 4719196 7170684 3638388 8360274 12314892 3081800 1528052 8873530 1670496 14672246 16034770 2186410 12149638
videos.hw01/03_frame/443.jpg 1511270 1136672 2938136 637220 1236888 1875128 429940 101878 634910 485086 386694 275800 1985806 5060844 2500596 314164
videos.hw01/03_frame/444.jpg 1817554 959894 355322 631298 512196 506186 1162964 300500 708518 673850 1975696 1679840 3179036 5856710 1325046 2165250
videos.hw01/03_frame/445.jpg 2505306 3632918 2585112 2042294 2502672 1197850 2658050 192544 775178 640946 415722 306682 369600 780586 3991282 2678056
videos.hw01/03_frame/446.jpg 3396928 629570 358798 1916320 520368 928260 1063624 1005574 597032 841508 434036 1279388 991936 3267896 6393390 1606588
videos.hw01/03_frame/447.jpg 1438670 2190520 1735316 1343296 704948 2112774 546048 1192614 1415492 769932 699276 1143002 239274 1532254 360596 2763416
videos.hw01/03_frame/448.jpg 2682878 2585690 1748982 1353196 972460 757590 1147952 2231264 1831776 357424 631274 275106 719908 709164 2650034 6301806
videos.hw01/03_frame/449.jpg 90502 12522 211086 43002 4624 25984 10606 6224 26358 13018 14566 11164 11390 14954 13136 33784
videos.hw01/03_frame/450.jpg 60822 10712 39500 9408 13688 5078 5176 49256 31704 11198 3110 4190 31350 4348 16874 21770
videos.hw01/03_frame/451.jpg 4290 10646 75872 8722 8300 9314 10992 5996 17636 21266 7560 3972 8880 7578 11646 19500
videos.hw01/03_frame/452.jpg 30254 6176 14174 3670 8158 978 1680 6346 11048 14124 3706 2924 3748 6984 3626 5670
videos.hw01/03_frame/453.jpg 18938 15000 201646 9068 14054 21752 7362 7440 30680 13700 11456 5072 2992 12874 30536 31450
videos.hw01/03_frame/454.jpg 21694 16338 157922 20262 57794 5774 14154 7650 79344 38730 7840 5540 22784 32452 35458 24222
videos.hw01/03_frame/455.jpg 103256 21516 28024 6190 10686 7094 4422 5356 25546 6152 6544 5908 4920 3258 12206 2572
videos.hw01/03_frame/456.jpg 40202 16016 18686 17210 10042 4182 10494 6334 24206 11024 8456 8114 23280 20798 25090 7744
videos.hw01/03_frame/457.jpg 5966 16146 27326 4822 4644 9340 30596 5616 65572 7100 3464 6780 27708 12172 17426 844
videos.hw01/03_frame/458.jpg 150968 7806 22026 10404 44828 2298 5020 5356 28744 7738 6978 8716 2446 10408 4538 882
videos.hw01/03_frame/459.jpg 6020 10508 9184 29028 28380 6766 6674 3968 39294 10028 7738 1562 3988 17820 14938 1808
videos.hw01/03_frame/460.jpg 76432 11336 73700 50886 1848 5106 14994 4030 47690 16054 18574 2546 5800 5018 21500 406
videos.hw01/03_frame/461.jpg 12100 12496 14080 21226 42910 8122 7628 1612 15928 30810 5410 8470 5136 8396 10928 1816
videos.hw01/03_frame/462.jpg 43172 17116 26168 7812 31902 4404 5800 10068 25152 24018 8260 2474 9472 13828 13100 16
videos.hw01/03_frame/463.jpg 30732 14448 9208 15920 48664 5638 13540 8018 20582 17628 7018 5578 12134 9366 16472 1950
videos.hw01/03_frame/464.jpg 23826 11774 19628 10060 54488 6008 4500 9952 50450 11294 4100 8666 6024 13656 10092 1432
videos.hw01/03_frame/465.jpg 50842 10514 13934 35772 49298 5248 32472 4270 12990 11090 19810 5394 1708 4856 6604 330
videos.hw01/03_frame/466.jpg 3378 1968 15530 37632 14208 8630 560 2364 9894 9176 610 1418 4304 6112 1028 722
videos.hw01/03_frame/467.jpg 142 66 1026 1926 1538 3750 1158 234 110 1796 538 26 1230 8646 314 162
videos.hw01/03_frame/468.jpg 26 3440 492 234 990 694 424 184 236 816 1016 26 122 136 754 18
videos.hw01/03_frame/469.jpg 2250 1036 2786 21958 58 132 668 6424 290 580 164 42 3142 2214 334 2
videos.hw01/03_frame/470.jpg 4622 174 7724 3144 1572 178 420 2096 3502 576 1176 106 4124 6898 538 398
videos.hw01/03_frame/471.jpg 142 1064 1240 984 64 410 3904 13094 54 796 624 146 12388 3532 2750 0
videos.hw01/03_frame/472.jpg 7578 1090 2762 6942 680 42 2052 1166 4274 2464 490 102 8508 176 246 0
videos.hw01/03_frame/473.jpg 1986 92 250 2772 300 1008 216 192 70 982 566 712 676 128 302 0
videos.hw01/03_frame/474.jpg 88 158 684 18092 20 92 734 496 1406 1012 514 800 118 2758 514 162
videos.hw01/03_frame/475.jpg 76 4944 2716 4080 14 176 4838 3276 292 826 428 964 686 404 74 18
videos.hw01/03_frame/476.jpg 138 226 286 1312 252 532 40 2238 20 1060 1606 18 9028 182 154 32
videos.hw01/03_frame/477.jpg 618 1020 686 270 52 302 4586 812 78 300 268 268 1056 136 460 8
videos.hw01/03_frame/478.jpg 5036 148 1000 6446 8584 374 402 1276 804 544 578 178 3814 1884 182 18
videos.hw01/03_frame/479.jpg 0 94 3272 506 38 1430 216 354 718 160 38 82 182 184 4 0
videos.hw01/03_frame/480.jpg 270 208 75296 280 700 3184 298 18482 5078 822 2168 60 1528 3264 82 288
videos.hw01/03_frame/481.jpg 13174 1786 208468 12230 196546 20390 22352 42104 10872 5632 1634 7428 78156 76832 12152 12506
videos.hw01/03_frame/482.jpg 1206 340 4234 19780 1308 38 38 96 0 298 118 4 754 6170 202 1682
videos.hw01/03_frame/483.jpg 882 226 2 370 200 158 80 1560 244 1122 282 110 18600 298 74 0
videos.hw01/03_frame/484.jpg 266 254 1606 0 2522 36 0 8 0 408 18 180 1012 2264 60 0
videos.hw01/03_frame/485.jpg 20606 570 2406 80 1514 2 74 148 100 40 16 24 1342 24 92 0
videos.hw01/03_frame/486.jpg 3446 212 4914 580 0 2 454 104 0 342 88 866 14 1536 1800 0
videos.hw01/03_frame/487.jpg 14 50 106 40 1204 2 56 142 50 0 22 22 4118 92 1302 0
videos.hw01/03_frame/488.jpg 0 0 0 2450 26 0 32 10 0 2 32 36 0 74 0 0
videos.hw01/03_frame/489.jpg 4802 96 1922 11272 78 2 32 30 8 756 94 6 150 1446 1876 2
videos.hw01/03_frame/490.jpg 2 12 1284 280 34 4 10 376 0 990 86 180 800 0 36 8
videos.hw01/03_frame/491.jpg 1146 252 95392 4292 736 0 8 168 146 454 266 0 12 0 0 0
videos.hw01/03_frame/492.jpg 0 0 0 2 0 0 0 0 0 0 0 0 0 0 0 0
videos.hw01/03_frame/493.jpg 3046 2948 14530 1208 402 410 886 10018 7860 1018 2438 2712 2584 7016 432 248
