1 0
2 14518
3 16518
4 2044
5 4402
6 4250
7 6322
8 7394
9 4476
10 4334
11 5536
12 7830
13 7204
14 1196
15 4568
16 5318
17 4022
18 5876
19 4270
20 6112
21 4436
22 5096
23 5362
24 1312
25 4186
26 7378
27 4822
28 4384
29 4880
30 4100
31 4584
32 5022
33 5672
34 1466
35 5382
36 4000
37 4772
38 5572
39 1498
40 5370
41 5050
42 5502
43 6784
44 6538
45 6880
46 8462
47 43804
48 5458
49 4556
50 3470
51 3090
52 4680
53 4630
54 1880
55 2666
56 3424
57 4822
58 4368
59 732
60 2948
61 4146
62 6390
63 5222
64 3946
65 4060
66 2542
67 2738
68 1992
69 4482
70 2872
71 2250
72 3366
73 5556
74 2166
75 3750
76 3772
77 4198
78 6354
79 1714
80 8194
81 5106
82 4000
83 2428
84 3348
85 2438
86 5058
87 5098
88 2640
89 3434
90 2660
91 4336
92 4100
93 3230
94 1514
95 4750
96 3646
97 5238
98 6416
99 2408
100 3420
101 2806
102 2764
103 2916
104 4730
105 4400
106 2856
107 3454
108 3426
109 3520
110 3112
111 3502
112 3580
113 2882
114 2812
115 3170
116 7090
117 4336
118 3470
119 1214
120 3532
121 3654
122 3100
123 2604
124 3376
125 3520
126 2912
127 2524
128 2214
129 3832
130 3864
131 2986
132 3106
133 17154
134 6554
135 25592
136 22246
137 38028
138 46922
139 8060
140 82882
141 145512
142 131036
143 42550
144 1832
145 28600
146 69898
147 24346
148 30908
149 10012
150 23270
151 4428
152 1712
153 3778
154 550
155 1756
156 1358
157 1336
158 2414
159 2752
160 2128
161 4030
162 3062
163 2232
164 1820
165 1324
166 1140
167 1174
168 1506
169 3612
170 2226
171 1910
172 1754
173 1548
174 476
175 1404
176 1578
177 1898
178 1478
179 4568
180 3476
181 1854
182 3348
183 1996
184 410
185 1390
186 1482
187 3448
188 2394
189 1434
190 2460
191 2110
192 1744
193 1510
194 472
195 1616
196 2070
197 3414
198 2962
199 1902
200 1486
201 1458
202 2464
203 1788
204 1160
205 1724
206 1530
207 1350
208 2968
209 1026
210 2108
211 1002
212 1836
213 1388
214 974
215 3330
216 17742
217 34046
218 23700
219 6986
220 68034
221 29408
222 54782
223 128454
224 36
225 41836
226 38170
227 26044
228 12632
229 840
230 13152
231 16242
232 8804
233 4034
234 1478
235 3000
236 3110
237 4566
238 3234
239 268
240 2222
241 2584
242 2266
243 5664
244 1996
245 2602
246 2946
247 2472
248 2414
249 484
250 2886
251 6324
252 4518
253 3228
254 694
255 4694
256 4200
257 5278
258 4132
259 750
260 3808
261 4572
262 2862
263 3118
264 802
265 3272
266 4166
267 2538
268 3470
269 1134
270 2294
271 2330
272 4214
273 2868
274 1496
275 2350
276 2362
277 1428
278 114960
279 6662
280 7198
281 5088
282 6494
283 7144
284 806
285 3568
286 3346
287 5126
288 3226
289 418
290 6012
291 4084
292 7198
293 7386
294 378
295 6394
296 5626
297 5090
298 4196
299 596
300 4410
301 3878
302 7050
303 7306
304 620
305 7828
306 6188
307 4560
308 6380
309 430
310 6100
311 5972
312 10358
313 5242
314 646
315 12048
316 5714
317 8070
318 5924
319 2290
320 13808
321 8808
322 6884
323 7094
324 886
325 61330
326 5710
327 3090
328 3430
329 634
330 5182
331 3934
332 4092
333 6088
334 2736
335 3766
336 4124
337 8206
338 4314
339 638
340 3778
341 1674
342 3572
343 2264
344 340
345 2892
346 2146
347 3348
348 3676
349 904
350 4146
351 4780
352 3114
353 3124
354 1014
355 2786
356 2136
357 4044
358 3218
359 524
360 4150
361 3556
362 5102
363 3298
364 326
365 4008
366 3242
367 2382
368 2652
369 4844
370 3202
371 2444
372 4542
373 3990
374 540
375 3758
376 3790
377 4434
378 4394
379 1006
380 3924
381 5110
382 4216
383 4062
384 1134
385 5702
386 2954
387 7206
388 4216
389 832
390 4184
391 3592
392 3016
393 3530
394 758
395 5378
396 25388
397 27584
398 23466
399 1452
400 28220
401 35438
402 47112
403 97028
404 0
405 153426
406 115142
407 41772
408 26608
409 592
410 29866
411 35882
412 37476
413 3122
414 1266
415 1230
416 728
417 1080
418 748
419 268
420 518
421 332
422 456
423 120986
424 2138
425 2552
426 2510
427 2218
428 1684
429 1114
430 2298
431 2586
432 2308
433 2620
434 338
435 2436
436 2150
437 3736
438 2926
439 476
440 3084
441 5672
442 2684
443 3452
444 590
445 3976
446 17956
447 33478
448 49054
449 1646
450 20126
451 23260
452 54130
453 139600
454 22
455 148380
456 5768
457 4534
458 4668
459 1932
460 5378
461 4554
462 6272
463 7328
464 1758
465 4972
466 7216
467 4746
468 2668
469 1520
470 3940
471 6230
472 5210
473 8396
474 7042
475 4706
476 4634
477 4078
478 3284
479 6610
480 6948
481 5380
482 6232
483 4884
484 1540
485 4204
486 4114
487 3730
488 5614
489 1498
490 5316
491 10568
492 5180
493 3288
494 8090
495 3332
496 3294
497 2908
498 3004
499 5170
500 3910
501 2898
502 3968
503 4352
504 610
505 3296
506 4140
507 3736
508 5338
509 6804
510 4484
511 5456
512 21300
513 35218
514 8260
515 27092
516 33430
517 44272
518 66214
519 1802
520 115442
521 0
522 131446
523 16350
524 908
525 14700
526 12962
527 11602
528 14406
529 3602
530 6924
531 6224
532 6724
533 5068
534 788
535 6838
536 6214
537 5990
538 5162
539 1278
540 5866
541 4138
542 4050
543 7030
544 1110
545 7410
546 6028
547 5332
548 6780
549 1276
550 7506
551 8402
552 8228
553 5874
554 834
555 6062
556 6954
557 7410
558 7318
559 1696
560 7436
561 5820
562 7034
563 6720
564 998
565 4312
566 5616
567 5420
568 5474
569 1114
570 4482
571 5560
572 5836
573 6588
574 1372
575 4710
576 7858
577 6342
578 6366
579 1204
580 9092
581 6262
582 6212
583 9688
584 1272
585 6508
586 8012
587 8706
588 7584
589 3344
590 9088
591 7416
592 7134
593 8546
594 5260
595 5500
596 6644
597 8434
598 9192
599 1832
600 5828
601 6856
602 6308
603 6806
604 4814
605 8696
606 7138
607 6806
608 6048
609 3540
610 8106
611 5084
612 7244
613 8548
614 4566
615 5964
616 5250
617 5246
618 11142
619 3620
620 12288
621 12924
622 13448
623 24854
624 4114
625 56942
626 60890
627 135024
628 58736
629 3234
630 52968
631 29630
632 23202
633 34730
634 7632
635 31370
636 8364
637 6350
638 6654
639 2570
640 6688
641 8206
642 7980
643 6806
644 3068
645 8294
646 4910
647 6796
648 6296
649 2310
650 27296
651 41548
652 25648
653 31394
654 7788
655 74196
656 42532
657 133950
658 133818
659 776
660 67256
661 66524
662 21346
663 27784
664 450
665 19300
666 11750
667 3270
668 2878
669 546
670 2706
671 2914
672 3254
673 3308
674 650
675 3092
676 3946
677 2754
678 3580
679 352
680 2804
681 9144
682 19748
683 28012
684 948
685 23254
686 60858
687 143692
688 34
689 20
690 109072
691 40582
692 27166
693 24918
694 732
695 23932
696 25928
697 13340
698 3916
699 1780
700 3756
701 4324
702 4174
703 3256
704 594
705 3286
706 2972
707 3056
708 5182
709 3260
710 3476
711 3428
712 3972
713 3372
714 1618
715 4294
716 3260
717 3768
718 4354
719 1852
720 7058
721 6560
722 6288
723 9428
724 1564
725 5986
726 5048
727 4388
728 4026
729 832
730 3712
731 3162
732 4476
733 3996
734 1000
735 3552
736 3944
737 3448
738 5414
739 1138
740 16348
741 25958
742 21738
743 26538
744 4918
745 27846
746 43220
747 114522
748 70950
749 1602
750 31916
751 30946
752 25048
753 25406
754 5488
755 19764
756 19122
757 8538
758 8460
759 1374
760 10812
761 7020
762 8688
763 8656
764 6940
765 8188
766 14552
767 9728
768 6642
769 3704
770 7372
771 8702
772 8770
773 7870
774 4196
775 8724
776 8526
777 7270
778 8720
779 8042
780 8160
781 9692
782 8716
783 7028
784 14264
785 9360
786 6242
787 6352
788 5854
789 4298
790 5578
791 47968
792 9092
793 8236
794 4302
795 8396
796 7486
797 8260
798 9412
799 7308
800 8306
801 9492
802 13842
803 10440
804 4408
805 7860
806 7686
807 8848
808 8378
809 6384
810 10176
811 6400
812 7398
813 9056
814 6216
815 8756
816 9922
817 9732
818 7496
819 6292
820 7690
821 9240
822 11428
823 10974
824 4200
825 10128
826 9552
827 7002
828 7860
829 4204
830 8684
831 6918
832 9662
833 8156
834 4550
835 8070
836 139342
837 130730
838 5026
839 1388
840 4268
841 3220
842 4304
843 5760
844 1104
845 7622
846 9666
847 9546
848 5162
849 1054
850 8386
851 8016
852 6374
853 8996
854 660
855 6450
856 10028
857 6594
858 4780
859 1798
860 4734
861 7316
862 7582
863 8384
864 1846
865 5000
866 8106
867 6916
868 6108
869 3454
870 6428
871 6736
872 6870
873 9990
874 3234
875 8610
876 6494
877 6004
878 6676
879 4194
880 8054
881 5270
882 6540
883 5456
884 1006
885 9102
886 6934
887 5636
888 5794
889 1882
890 5522
891 8118
892 8244
893 6740
894 1064
895 7890
896 8690
897 6588
898 6728
899 964
900 7828
901 8536
902 7552
903 7444
904 1690
905 7270
906 8574
907 6348
908 8276
909 4604
910 6664
911 7194
912 7370
913 9186
914 770
915 9032
916 5062
917 7158
918 6724
919 1620
920 7122
921 11210
922 8626
923 6920
924 1136
925 5740
926 6152
927 9368
928 7238
929 1192
930 8164
931 6674
932 6636
933 6130
934 1226
935 6100
936 8532
937 6430
938 6152
939 1618
940 6692
941 6822
942 5152
943 6300
944 946
945 6604
946 5478
947 6184
948 6634
949 1094
950 8338
951 7618
952 6120
953 5536
954 1036
955 6456
956 6268
957 8420
958 6238
959 1532
960 5472
961 4702
962 7262
963 8602
964 3416
965 7886
966 5846
967 5440
968 24994
969 1474
970 14416
971 28524
972 9900
973 27788
974 1474
975 52452
976 120044
977 90118
978 41564
979 1024
980 24644
981 20130
982 20562
983 14016
984 618
985 14446
986 4430
987 5598
988 4392
989 840
990 3556
991 3452
992 4652
993 4530
994 740
995 7972
996 3754
997 2560
998 2830
999 970
1000 3520
1001 2682
1002 3820
1003 3342
1004 1062
1005 5636
1006 4540
1007 4044
1008 3118
1009 938
1010 3786
1011 3794
1012 2656
1013 4898
1014 1798
1015 2968
1016 5172
1017 4166
1018 2950
1019 1180
1020 77332
1021 7856
1022 3752
1023 3758
1024 532
1025 4412
1026 4732
1027 3750
1028 3518
1029 644
1030 4210
1031 5040
1032 4222
1033 3842
1034 1632
1035 4184
1036 3530
1037 7260
1038 6444
1039 1046
1040 4458
1041 4754
1042 4518
1043 4390
1044 1750
1045 4854
1046 4130
1047 4730
1048 5592
1049 4888
1050 5702
1051 5480
1052 5296
1053 6962
1054 756
1055 6960
1056 6904
1057 4986
1058 3880
1059 800
1060 5336
1061 4948
1062 4404
1063 2880
1064 1320
1065 4168
1066 5144
1067 6134
1068 23734
1069 5390
1070 15838
1071 21362
1072 53004
1073 52396
1074 610
1075 61002
1076 130252
1077 150428
1078 51510
1079 238
1080 36370
1081 69800
1082 55530
1083 39600
1084 5762
1085 26782
1086 10208
1087 7434
1088 3000
1089 1770
1090 4592
1091 3040
1092 3550
1093 3102
1094 282
1095 3238
1096 7748
1097 1722
1098 5144
1099 590
1100 4248
1101 4890
1102 3448
1103 4288
1104 4378
1105 4312
1106 3960
1107 3646
1108 4082
1109 7186
1110 5732
1111 4590
1112 4900
1113 132858
1114 6552
1115 3960
1116 6146
1117 3448
1118 5500
1119 970
1120 3550
1121 3716
1122 2940
1123 2932
1124 5530
1125 6058
1126 3654
1127 3226
1128 3764
1129 5678
1130 4242
1131 3518
1132 8044
1133 4974
1134 3208
1135 3376
1136 3512
1137 3408
1138 4214
1139 3136
1140 4246
1141 4002
1142 4308
1143 4624
1144 908
1145 123588
1146 37300
1147 24966
1148 30124
1149 1116
1150 67014
1151 32918
1152 40480
1153 40556
1154 990
1155 8060
1156 6538
1157 5480
1158 6098
1159 1752
1160 5692
1161 6214
1162 5940
1163 13990
1164 2852
1165 10636
1166 22466
1167 22300
1168 30780
1169 1976
1170 60130
1171 26602
1172 42304
1173 23560
1174 372
1175 10008
1176 29546
1177 22892
1178 19054
1179 718
1180 10108
1181 3600
1182 2920
1183 4948
1184 1132
1185 4066
1186 3632
1187 4726
1188 6774
1189 1098
1190 8538
1191 5380
1192 2178
1193 2942
1194 794
1195 3252
1196 5534
1197 6086
1198 3328
1199 1280
1200 4658
1201 4328
1202 5928
1203 5146
1204 260
1205 3276
1206 4538
1207 3832
1208 6562
1209 1330
1210 4014
1211 2954
1212 3090
1213 3538
1214 832
1215 3436
1216 4124
1217 3272
1218 5276
1219 518
1220 5302
1221 4402
1222 3356
1223 6560
1224 144
1225 4576
1226 4340
1227 4944
1228 4112
1229 120
1230 4664
1231 4350
1232 1930
1233 2354
1234 326
1235 2120
1236 3990
1237 10116
1238 12784
1239 630
1240 17170
1241 24120
1242 17542
1243 23368
1244 198
1245 43108
1246 0
1247 59950
1248 23596
1249 1046
1250 19456
1251 21402
1252 20824
1253 18332
1254 1004
1255 7026
1256 4896
1257 5346
1258 4488
1259 1534
1260 5074
1261 4334
1262 5510
1263 5264
1264 762
1265 7670
1266 5394
1267 4468
1268 4808
1269 730
1270 4576
1271 4580
1272 5796
1273 3818
1274 1186
1275 5700
1276 18422
1277 20194
1278 4370
1279 1486
1280 54054
1281 51652
1282 4890
1283 24498
1284 3224
1285 28770
1286 18244
1287 39966
1288 31874
1289 2062
1290 22366
1291 78090
1292 100486
1293 59568
1294 1388
1295 39788
1296 26790
1297 34580
1298 21300
1299 1742
1300 14442
1301 6986
1302 5348
1303 6058
1304 1270
1305 7302
1306 7586
1307 8358
1308 8630
1309 1196
1310 7780
1311 9906
1312 6088
1313 8930
1314 1158
1315 5504
1316 148762
1317 147374
1318 62066
1319 1488
1320 39274
1321 32696
1322 26608
1323 20786
1324 3852
1325 20966
1326 8710
1327 4048
1328 2350
1329 664
1330 2364
1331 3020
1332 1918
1333 1834
1334 440
1335 3396
1336 2854
1337 2702
1338 1848
1339 732
1340 1672
1341 2104
1342 2006
1343 1624
1344 1230
1345 19496
1346 31208
1347 24048
1348 34686
1349 2452
1350 39882
1351 65998
1352 146008
1353 119838
1354 1960
1355 52080
1356 27990
1357 27370
1358 19490
1359 6326
1360 17376
1361 14884
1362 4168
1363 2926
1364 1070
1365 3302
1366 3090
1367 2440
1368 2712
1369 1130
1370 2448
1371 6658
1372 3770
1373 3032
1374 1082
1375 2138
1376 2814
1377 13964
1378 19738
1379 1178
1380 18152
1381 25900
1382 32084
1383 55700
1384 1534
1385 124256
1386 104876
1387 40152
1388 47416
1389 730
1390 25714
1391 36188
1392 27378
1393 21828
1394 5606
1395 5156
1396 3848
1397 3754
1398 3652
1399 2184
1400 4434
1401 4710
1402 4858
1403 6582
1404 5546
1405 3598
1406 4310
1407 3788
1408 4974
1409 1568
1410 3240
1411 3592
1412 20236
1413 27840
1414 1530
1415 36264
1416 24508
1417 51286
1418 45258
1419 192
1420 105398
1421 112370
1422 40146
1423 24436
1424 1950
1425 22246
1426 19772
1427 30648
1428 21352
1429 3406
1430 6472
1431 3798
1432 5084
1433 4042
1434 4120
1435 5290
1436 4378
1437 4954
1438 4376
1439 7102
1440 3216
1441 4378
1442 3288
1443 16970
1444 3948
1445 27986
1446 17360
1447 28606
1448 24196
1449 8536
1450 38428
1451 103500
1452 38720
1453 75958
1454 846
1455 22394
1456 16746
1457 7872
1458 8872
1459 4086
1460 13114
1461 5118
1462 2050
1463 3078
1464 722
1465 2770
1466 1558
1467 2038
1468 2056
1469 626
1470 4010
1471 1522
1472 1824
1473 2152
1474 554
1475 1356
1476 1750
1477 1856
1478 966
1479 610
1480 1764
1481 13390
1482 11550
1483 12156
1484 5366
1485 15608
1486 27604
1487 78874
1488 39462
1489 62
1490 123588
1491 76230
1492 27690
1493 27078
1494 6228
1495 33022
1496 29198
1497 28910
1498 7550
1499 3898
1500 3366
1501 5246
1502 2802
1503 2768
1504 1768
1505 1938
1506 2428
1507 3172
1508 5144
1509 3086
1510 1966
1511 2244
1512 2318
1513 2160
1514 442
1515 2144
1516 2542
1517 3970
1518 2266
1519 394
1520 110892
1521 4890
1522 2754
1523 2832
1524 1094
1525 3150
1526 3348
1527 4246
1528 4106
1529 1976
1530 6690
1531 4978
1532 7370
1533 6502
1534 616
1535 3974
1536 124924
1537 72160
1538 46836
1539 888
1540 27652
1541 19098
1542 14854
1543 22712
1544 1212
1545 13224
1546 11860
1547 6586
1548 5264
1549 1110
1550 5498
1551 5632
1552 4444
1553 4222
1554 802
1555 7590
1556 6324
1557 4852
1558 5176
1559 496
1560 4620
1561 4456
1562 5634
1563 4592
1564 1032
1565 140698
1566 0
1567 52276
1568 29878
1569 438
1570 41164
1571 16780
1572 19114
1573 15080
1574 2432
1575 16234
1576 18124
1577 9060
1578 10744
1579 3704
1580 16260
1581 15640
1582 8550
1583 7386
1584 4768
1585 12802
1586 4992
1587 5770
1588 5652
1589 4718
1590 5248
1591 6112
1592 7462
1593 8314
1594 3560
1595 8374
1596 6098
1597 5126
1598 6216
1599 3042
1600 5476
1601 6244
1602 7008
1603 8858
1604 4444
1605 8054
1606 7612
1607 10992
1608 6292
1609 4128
1610 5430
1611 6536
1612 6298
1613 5268
1614 4128
1615 7218
1616 5296
1617 5348
1618 6618
1619 6176
1620 5406
1621 6456
1622 6316
1623 6966
1624 838
1625 8036
1626 7096
1627 7714
1628 6210
1629 4380
1630 7518
1631 7430
1632 7186
1633 5464
1634 4414
1635 7488
1636 6862
1637 7058
1638 10564
1639 6056
1640 12718
1641 10232
1642 7570
1643 146696
1644 8
1645 84296
1646 53766
1647 30458
1648 34146
1649 750
1650 29164
1651 14822
1652 13036
1653 11410
1654 4058
1655 8554
1656 12898
1657 8438
1658 11842
1659 4478
1660 10678
1661 13438
1662 10352
1663 18536
1664 3882
1665 14612
1666 11898
1667 7320
1668 8592
1669 3584
1670 8082
1671 11106
1672 7880
1673 6874
1674 7298
1675 8896
1676 6266
1677 6890
1678 8252
1679 6818
1680 6854
1681 15546
1682 6408
1683 7750
1684 4588
1685 6964
1686 3158
1687 5436
1688 6636
1689 3252
1690 7602
1691 5316
1692 4492
1693 5074
1694 4972
1695 4546
1696 3854
1697 4404
1698 6502
1699 14004
1700 6262
1701 4480
1702 2680
1703 6132
1704 2370
1705 3912
1706 4216
1707 5102
1708 4798
1709 2220
1710 4256
1711 6076
1712 4756
1713 4062
1714 6076
1715 4210
1716 3344
1717 10456
1718 6064
1719 2334
1720 4298
1721 3446
1722 6070
1723 2844
1724 2300
1725 3256
1726 3174
1727 3854
1728 3192
1729 5978
1730 3526
1731 2944
1732 4554
1733 3566
1734 2268
1735 18960
1736 6628
1737 6192
1738 4172
1739 2198
1740 4766
1741 4100
1742 5026
1743 6512
1744 2616
1745 6906
1746 4918
1747 6038
1748 4536
1749 9104
1750 5848
1751 5162
1752 6036
1753 16080
1754 3176
1755 5346
1756 3182
1757 3740
1758 5034
1759 340
1760 5750
1761 3378
1762 4300
1763 19530
1764 6938
1765 25876
1766 31776
1767 35116
1768 65522
1769 598
1770 86740
1771 99224
1772 24816
