videos.hw01/06_frame/1.jpg 0 0 0 0 0 0 0 0 0 0 0 0 0 0 0 0
videos.hw01/06_frame/2.jpg 278 248 236 478 380 416 968 792 260 372 582 296 358 592 88 180
videos.hw01/06_frame/3.jpg 216 264 370 376 252 650 694 372 366 320 686 226 298 246 312 82
videos.hw01/06_frame/4.jpg 234 248 688 436 372 680 978 152 396 296 296 232 352 230 132 252
videos.hw01/06_frame/5.jpg 268 534 510 312 426 550 1058 456 330 452 108 136 370 328 64 200
videos.hw01/06_frame/6.jpg 230 166 710 318 276 120 818 258 376 354 700 362 314 194 190 74
videos.hw01/06_frame/7.jpg 252 90 436 204 412 154 1038 320 456 138 208 304 312 452 188 150
videos.hw01/06_frame/8.jpg 338 42 434 624 394 108 788 276 462 172 386 248 328 358 86 54
videos.hw01/06_frame/9.jpg 286 110 402 374 460 238 966 574 502 380 196 202 354 430 122 90
videos.hw01/06_frame/10.jpg 192 132 380 392 650 202 624 266 588 396 512 264 318 386 322 60
videos.hw01/06_frame/11.jpg 270 98 350 376 374 196 548 460 526 178 262 428 240 424 460 158
videos.hw01/06_frame/12.jpg 104 130 518 394 414 198 364 442 396 160 644 60 264 704 134 98
videos.hw01/06_frame/13.jpg 186 172 400 408 444 244 468 396 444 70 474 66 216 238 168 82
videos.hw01/06_frame/14.jpg 202 86 420 442 344 194 478 326 398 94 718 82 254 248 176 56
videos.hw01/06_frame/15.jpg 136 20 328 210 404 96 436 302 640 24 758 270 190 106 134 42
videos.hw01/06_frame/16.jpg 240 30 578 598 482 70 656 568 442 68 330 204 136 556 66 24
videos.hw01/06_frame/17.jpg 338 88 472 418 406 244 494 490 438 188 314 150 228 178 30 42
videos.hw01/06_frame/18.jpg 136 188 442 602 194 556 476 652 424 144 86 104 140 444 64 38
videos.hw01/06_frame/19.jpg 194 226 502 574 396 412 554 660 202 150 360 160 162 178 214 66
videos.hw01/06_frame/20.jpg 370 242 680 724 238 286 642 342 352 140 394 208 76 48 280 46
videos.hw01/06_frame/21.jpg 322 258 444 418 290 382 290 292 406 48 590 158 238 306 510 66
videos.hw01/06_frame/22.jpg 336 272 236 378 240 376 498 386 494 180 414 558 122 312 246 44
videos.hw01/06_frame/23.jpg 344 246 444 714 232 252 196 348 188 160 674 126 262 392 292 126
videos.hw01/06_frame/24.jpg 272 100 294 596 296 78 370 612 100 146 374 256 254 328 94 84
videos.hw01/06_frame/25.jpg 368 112 102 650 478 200 608 748 234 226 344 202 184 164 200 228
videos.hw01/06_frame/26.jpg 378 48 354 1108 344 260 860 736 242 160 708 224 118 300 526 64
videos.hw01/06_frame/27.jpg 250 98 102 558 214 202 800 492 224 200 564 268 102 214 282 86
videos.hw01/06_frame/28.jpg 502 28 214 410 244 238 496 430 654 210 158 274 184 308 66 94
videos.hw01/06_frame/29.jpg 358 58 108 460 268 156 428 474 292 162 480 308 94 564 498 76
videos.hw01/06_frame/30.jpg 344 80 122 484 230 180 236 402 388 192 546 190 68 202 230 64
videos.hw01/06_frame/31.jpg 158 76 260 696 160 148 112 456 544 248 606 390 178 256 360 62
videos.hw01/06_frame/32.jpg 236 40 150 242 140 154 280 594 446 124 102 526 60 414 270 42
videos.hw01/06_frame/33.jpg 198 66 42 710 128 116 244 440 478 170 364 250 90 268 312 50
videos.hw01/06_frame/34.jpg 218 114 98 436 166 94 496 452 266 384 316 574 146 400 604 58
videos.hw01/06_frame/35.jpg 246 50 158 556 164 156 184 388 408 236 72 324 246 198 672 20
videos.hw01/06_frame/36.jpg 374 162 68 608 200 104 236 452 300 196 168 270 116 236 346 46
videos.hw01/06_frame/37.jpg 202 142 74 192 122 72 242 328 294 250 178 568 182 234 416 56
videos.hw01/06_frame/38.jpg 348 68 174 302 214 148 90 434 342 200 118 678 148 226 752 168
videos.hw01/06_frame/39.jpg 332 96 40 436 214 218 350 360 268 264 68 590 32 166 448 226
videos.hw01/06_frame/40.jpg 60 54 100 672 128 334 126 440 262 294 86 378 284 158 198 122
videos.hw01/06_frame/41.jpg 340 28 44 388 288 490 404 698 232 146 236 366 218 248 720 90
videos.hw01/06_frame/42.jpg 138 28 52 498 238 520 408 720 452 92 272 554 16 96 154 182
videos.hw01/06_frame/43.jpg 198 78 34 246 246 478 278 774 364 200 384 582 14 200 150 194
videos.hw01/06_frame/44.jpg 116 88 22 190 154 412 300 736 300 304 240 396 2 328 358 126
videos.hw01/06_frame/45.jpg 122 72 26 356 302 180 256 764 330 318 136 612 22 166 132 282
videos.hw01/06_frame/46.jpg 230 52 82 608 308 222 380 420 378 132 302 620 66 290 524 152
videos.hw01/06_frame/47.jpg 238 98 62 708 280 450 500 924 384 432 490 368 106 162 462 462
videos.hw01/06_frame/48.jpg 202 110 44 158 352 506 306 1156 334 348 386 398 40 200 118 336
videos.hw01/06_frame/49.jpg 182 28 32 412 400 420 436 1184 418 426 608 406 232 322 374 192
videos.hw01/06_frame/50.jpg 174 80 22 946 302 240 470 1146 352 396 448 608 16 128 270 308
videos.hw01/06_frame/51.jpg 196 118 24 280 286 212 356 606 150 360 570 550 14 104 150 378
videos.hw01/06_frame/52.jpg 218 26 26 752 88 242 312 424 274 360 382 462 32 132 170 316
videos.hw01/06_frame/53.jpg 84 30 38 308 188 246 312 786 294 438 602 684 100 356 602 384
videos.hw01/06_frame/54.jpg 178 104 28 644 156 334 370 812 204 262 472 904 168 156 160 476
videos.hw01/06_frame/55.jpg 46 54 96 272 148 136 426 736 150 284 324 400 64 204 24 74
videos.hw01/06_frame/56.jpg 174 16 22 486 234 60 186 676 164 160 244 394 30 210 474 146
videos.hw01/06_frame/57.jpg 46 62 8 278 220 152 188 336 268 196 282 774 118 110 170 164
videos.hw01/06_frame/58.jpg 274 222 54 426 116 88 264 384 118 140 442 400 0 114 178 302
videos.hw01/06_frame/59.jpg 70 68 30 72 244 74 360 372 226 170 212 620 128 176 294 186
videos.hw01/06_frame/60.jpg 148 70 38 364 354 96 240 560 122 62 202 394 112 324 436 624
videos.hw01/06_frame/61.jpg 174 124 122 1346 124 154 244 828 262 126 354 652 48 180 474 344
videos.hw01/06_frame/62.jpg 234 190 18 370 278 140 284 350 404 164 140 278 72 102 188 112
videos.hw01/06_frame/63.jpg 122 62 30 98 218 206 284 238 398 168 242 392 64 144 236 348
videos.hw01/06_frame/64.jpg 158 32 36 262 294 298 220 268 336 228 554 416 146 218 344 232
videos.hw01/06_frame/65.jpg 86 94 38 218 342 308 186 388 348 218 554 1132 0 66 222 278
videos.hw01/06_frame/66.jpg 184 96 16 292 278 300 140 372 320 210 344 586 0 182 160 488
videos.hw01/06_frame/67.jpg 30 72 1620 1996 160 264 630 340 360 230 548 746 98 136 422 598
videos.hw01/06_frame/68.jpg 124 122 250 166 72 274 334 472 306 258 632 412 16 166 414 254
videos.hw01/06_frame/69.jpg 44 90 436 512 60 334 494 480 194 354 1108 576 16 160 472 292
videos.hw01/06_frame/70.jpg 144 14 38 324 80 242 568 974 250 282 626 836 64 50 280 202
videos.hw01/06_frame/71.jpg 46 36 48 506 80 186 588 728 250 264 634 806 0 100 348 286
videos.hw01/06_frame/72.jpg 132 230 148 584 162 124 940 850 274 280 738 798 0 252 284 76
videos.hw01/06_frame/73.jpg 60 62 28 338 156 96 454 964 332 296 752 678 124 232 332 618
videos.hw01/06_frame/74.jpg 48 126 148 304 180 102 100 810 146 202 668 600 0 104 356 452
videos.hw01/06_frame/75.jpg 28 100 114 434 288 112 358 832 160 160 596 404 16 146 206 112
videos.hw01/06_frame/76.jpg 86 36 138 996 268 62 444 812 428 364 164 306 36 336 528 208
videos.hw01/06_frame/77.jpg 78 186 262 206 298 34 312 532 296 258 154 398 46 230 324 554
videos.hw01/06_frame/78.jpg 62 70 196 190 270 170 268 504 518 292 154 266 176 294 620 534
videos.hw01/06_frame/79.jpg 80 266 126 198 290 104 118 646 422 302 362 468 18 462 482 590
videos.hw01/06_frame/80.jpg 146 142 30 100 304 180 330 604 356 292 304 408 8 404 544 616
videos.hw01/06_frame/81.jpg 206 326 32 196 212 178 162 314 678 446 218 182 0 428 378 682
videos.hw01/06_frame/82.jpg 270 58 22 776 166 188 282 168 382 546 424 420 0 548 716 572
videos.hw01/06_frame/83.jpg 286 256 6 392 98 272 102 388 426 478 172 532 0 360 420 416
videos.hw01/06_frame/84.jpg 576 336 4 192 78 276 228 282 204 432 352 676 0 464 414 766
videos.hw01/06_frame/85.jpg 840 344 0 318 240 506 416 270 490 422 256 498 0 552 222 460
videos.hw01/06_frame/86.jpg 432 72 0 586 224 436 502 338 314 366 70 396 0 320 644 520
videos.hw01/06_frame/87.jpg 388 218 0 734 126 322 638 254 300 578 428 148 0 456 418 996
videos.hw01/06_frame/88.jpg 584 360 138 466 38 92 562 646 184 466 32 316 0 462 368 476
videos.hw01/06_frame/89.jpg 320 366 360 338 330 132 260 796 176 334 198 568 0 236 390 724
videos.hw01/06_frame/90.jpg 504 408 308 622 380 124 152 508 382 400 176 480 0 196 206 278
videos.hw01/06_frame/91.jpg 514 528 260 620 114 154 224 540 250 278 132 636 0 352 228 716
videos.hw01/06_frame/92.jpg 338 270 182 520 308 168 224 582 380 298 154 494 0 354 328 688
videos.hw01/06_frame/93.jpg 382 192 132 226 306 140 216 370 358 318 60 226 0 162 224 586
videos.hw01/06_frame/94.jpg 636 160 126 272 1160 128 1086 1552 474 536 120 372 0 372 496 1084
videos.hw01/06_frame/95.jpg 1256 512 396 1232 5676 4714 3906 3480 708 434 714 2256 0 146 576 3316
videos.hw01/06_frame/96.jpg 938 382 526 1022 1724 1242 392 514 276 434 210 584 0 202 140 1386
videos.hw01/06_frame/97.jpg 614 274 282 912 452 522 628 1302 350 414 78 642 0 108 142 958
videos.hw01/06_frame/98.jpg 396 406 364 334 564 980 886 1376 540 554 66 586 0 124 196 140
videos.hw01/06_frame/99.jpg 600 348 352 304 206 392 1020 1160 328 466 364 798 0 154 156 202
videos.hw01/06_frame/100.jpg 858 402 246 556 566 678 802 754 554 480 368 930 0 254 396 604
videos.hw01/06_frame/101.jpg 1542 372 198 358 478 484 678 364 350 658 328 500 0 250 124 860
videos.hw01/06_frame/102.jpg 632 384 54 496 356 644 890 668 382 654 372 710 0 120 230 252
videos.hw01/06_frame/103.jpg 850 430 10 318 776 800 204 264 686 638 338 680 0 172 148 468
videos.hw01/06_frame/104.jpg 694 348 0 508 520 460 396 374 558 490 272 1124 0 210 236 454
videos.hw01/06_frame/105.jpg 1000 560 0 230 240 508 574 306 328 364 270 428 0 234 202 352
videos.hw01/06_frame/106.jpg 314 414 0 418 542 906 1246 554 436 654 454 844 0 240 230 400
videos.hw01/06_frame/107.jpg 608 438 0 526 356 972 448 424 392 698 272 512 0 402 234 286
videos.hw01/06_frame/108.jpg 468 548 0 646 440 1154 386 764 614 250 220 592 0 280 218 436
videos.hw01/06_frame/109.jpg 564 356 58 232 970 740 778 872 862 236 304 854 0 132 266 326
videos.hw01/06_frame/110.jpg 742 650 404 332 694 642 610 488 560 420 364 830 0 236 228 630
videos.hw01/06_frame/111.jpg 384 554 442 760 604 720 586 770 260 294 302 698 0 426 328 466
videos.hw01/06_frame/112.jpg 626 760 276 596 802 1222 1270 1564 672 284 360 812 0 246 352 748
videos.hw01/06_frame/113.jpg 244 280 264 1162 324 964 1028 1118 696 432 292 750 0 58 80 586
videos.hw01/06_frame/114.jpg 156 436 208 526 622 1486 1164 1218 434 512 176 514 0 92 200 308
videos.hw01/06_frame/115.jpg 230 510 280 726 346 568 1294 1292 676 386 142 676 0 234 344 614
videos.hw01/06_frame/116.jpg 244 542 306 492 260 808 1494 758 346 262 70 768 0 190 270 680
videos.hw01/06_frame/117.jpg 270 406 224 828 656 574 1132 2364 496 502 124 342 0 186 170 194
videos.hw01/06_frame/118.jpg 288 428 264 632 862 918 1196 2250 576 366 66 468 0 102 226 274
videos.hw01/06_frame/119.jpg 304 258 216 312 546 554 840 2324 428 294 84 598 0 396 310 576
videos.hw01/06_frame/120.jpg 178 444 230 868 350 148 598 624 330 418 106 474 0 90 92 468
videos.hw01/06_frame/121.jpg 642 258 378 578 1020 588 670 1194 510 304 224 518 0 316 168 1120
videos.hw01/06_frame/122.jpg 540 204 286 516 452 292 514 454 456 514 76 404 0 48 150 700
videos.hw01/06_frame/123.jpg 308 414 504 838 318 214 208 530 462 658 62 750 0 154 260 458
videos.hw01/06_frame/124.jpg 476 194 324 398 206 388 362 492 256 474 96 416 0 152 320 780
videos.hw01/06_frame/125.jpg 234 404 332 766 468 306 920 420 330 362 96 166 0 226 234 254
videos.hw01/06_frame/126.jpg 676 482 692 846 822 152 432 694 502 406 124 152 0 146 152 340
videos.hw01/06_frame/127.jpg 756 570 504 836 808 1118 260 680 380 396 214 388 0 142 254 270
videos.hw01/06_frame/128.jpg 608 346 548 758 596 210 584 832 304 318 134 204 0 94 176 592
videos.hw01/06_frame/129.jpg 232 146 774 784 698 344 362 236 460 446 60 28 0 134 118 204
videos.hw01/06_frame/130.jpg 372 432 830 850 458 326 332 438 250 234 90 38 0 102 328 354
videos.hw01/06_frame/131.jpg 222 104 676 496 414 370 428 268 584 168 90 536 0 118 110 366
videos.hw01/06_frame/132.jpg 448 218 524 684 1158 528 598 396 690 428 212 382 0 84 166 74
videos.hw01/06_frame/133.jpg 498 170 670 666 1090 334 750 538 220 166 142 218 0 30 224 642
videos.hw01/06_frame/134.jpg 1022 538 714 782 536 738 406 1000 242 296 114 288 0 28 242 938
videos.hw01/06_frame/135.jpg 616 380 398 682 808 1032 1224 1032 194 362 118 102 0 194 340 636
videos.hw01/06_frame/136.jpg 1030 166 1116 658 946 568 1684 1412 442 520 186 384 0 46 452 188
videos.hw01/06_frame/137.jpg 96 124 660 362 936 1362 1346 2244 340 204 76 384 0 14 86 94
videos.hw01/06_frame/138.jpg 1026 1138 254 600 496 512 692 1220 350 312 152 436 0 18 222 336
videos.hw01/06_frame/139.jpg 178 258 566 690 1002 752 1350 960 744 376 110 88 0 64 214 512
videos.hw01/06_frame/140.jpg 386 560 634 1578 1010 1310 898 1842 658 208 80 176 44 526 192 244
videos.hw01/06_frame/141.jpg 202 392 840 1992 462 858 978 924 490 170 98 428 0 84 154 656
videos.hw01/06_frame/142.jpg 192 306 720 1082 770 482 456 1234 202 182 82 414 0 34 188 294
videos.hw01/06_frame/143.jpg 406 140 570 990 214 848 476 484 458 256 98 176 44 50 222 250
videos.hw01/06_frame/144.jpg 582 142 838 908 694 94 364 660 378 358 174 154 98 726 284 618
videos.hw01/06_frame/145.jpg 388 268 562 616 744 458 408 838 560 512 292 252 194 180 136 238
videos.hw01/06_frame/146.jpg 346 378 530 986 390 274 946 884 1012 1410 156 418 172 114 92 138
videos.hw01/06_frame/147.jpg 512 546 224 420 840 410 310 596 1644 490 106 220 56 476 154 212
videos.hw01/06_frame/148.jpg 356 448 310 372 1962 586 1430 1954 1156 1762 178 168 68 606 68 294
videos.hw01/06_frame/149.jpg 1176 1306 242 136 2884 1102 1214 2506 1520 1444 74 230 232 516 168 32
videos.hw01/06_frame/150.jpg 682 170 64 520 1732 390 190 140 1156 1518 410 214 168 104 164 510
videos.hw01/06_frame/151.jpg 292 26 76 238 674 404 498 94 990 512 508 104 260 330 100 868
videos.hw01/06_frame/152.jpg 278 58 206 262 538 238 200 60 374 358 238 176 160 376 162 264
videos.hw01/06_frame/153.jpg 162 140 234 354 218 200 106 14 290 144 284 368 136 74 212 466
videos.hw01/06_frame/154.jpg 220 158 316 386 166 146 140 38 154 272 292 420 246 110 218 174
videos.hw01/06_frame/155.jpg 200 208 374 612 192 258 222 30 360 412 550 344 146 112 166 240
videos.hw01/06_frame/156.jpg 230 350 494 694 484 182 170 20 344 418 296 78 178 96 100 274
videos.hw01/06_frame/157.jpg 412 280 496 646 432 124 100 36 276 406 366 36 98 32 84 62
videos.hw01/06_frame/158.jpg 394 346 450 614 172 122 360 716 454 456 252 98 266 142 130 108
videos.hw01/06_frame/159.jpg 432 286 472 864 268 50 510 624 330 394 392 228 264 210 94 56
videos.hw01/06_frame/160.jpg 380 260 294 478 310 136 486 736 528 658 304 258 304 140 38 96
videos.hw01/06_frame/161.jpg 358 288 334 482 378 286 734 796 252 258 232 316 336 400 218 430
videos.hw01/06_frame/162.jpg 712 352 414 620 118 576 1032 750 332 254 434 316 676 206 48 252
videos.hw01/06_frame/163.jpg 418 376 416 582 228 594 1018 742 370 448 318 244 360 642 54 220
videos.hw01/06_frame/164.jpg 498 506 484 684 192 438 584 752 352 380 362 250 444 354 322 244
videos.hw01/06_frame/165.jpg 528 592 602 796 106 282 510 614 224 376 192 236 386 236 176 150
videos.hw01/06_frame/166.jpg 22 490 612 546 246 124 524 520 288 416 94 110 308 338 238 126
videos.hw01/06_frame/167.jpg 304 38 132 416 132 118 220 270 570 480 74 128 368 618 144 42
videos.hw01/06_frame/168.jpg 192 6 364 712 182 138 476 494 550 838 84 318 540 630 62 124
videos.hw01/06_frame/169.jpg 44 40 680 984 116 246 568 566 406 504 498 428 426 448 424 214
videos.hw01/06_frame/170.jpg 94 44 872 1010 84 308 388 364 470 260 180 228 370 280 360 144
videos.hw01/06_frame/171.jpg 188 50 328 662 428 112 170 212 240 398 334 150 294 416 502 86
videos.hw01/06_frame/172.jpg 76 120 586 356 448 356 108 370 354 328 308 68 368 490 466 106
videos.hw01/06_frame/173.jpg 208 68 238 914 770 176 162 260 310 310 218 116 370 628 356 28
videos.hw01/06_frame/174.jpg 96 134 304 362 262 96 76 98 368 296 268 200 296 526 322 38
videos.hw01/06_frame/175.jpg 106 118 342 614 400 334 418 196 338 484 198 122 272 342 170 296
videos.hw01/06_frame/176.jpg 300 168 808 1414 586 374 254 82 512 464 102 38 212 362 322 122
videos.hw01/06_frame/177.jpg 1394 0 1300 1344 418 600 546 424 660 344 122 266 148 230 332 220
videos.hw01/06_frame/178.jpg 1970 120 1140 1772 692 736 804 434 970 338 280 168 202 286 352 60
videos.hw01/06_frame/179.jpg 1998 256 234 1828 2080 552 796 680 1238 914 170 140 284 338 588 394
videos.hw01/06_frame/180.jpg 2170 176 694 1036 808 580 410 834 394 288 246 156 288 332 390 392
videos.hw01/06_frame/181.jpg 4534 80 380 1690 2016 880 542 1214 1110 1180 448 516 306 772 246 232
videos.hw01/06_frame/182.jpg 86 58 216 2110 482 322 522 832 728 804 738 752 298 1184 230 190
videos.hw01/06_frame/183.jpg 676 250 1188 1602 874 148 532 620 342 696 556 562 558 1294 114 66
videos.hw01/06_frame/184.jpg 1006 94 396 2368 1026 172 298 302 410 722 548 530 646 944 212 394
videos.hw01/06_frame/185.jpg 146 180 458 1796 260 70 4 416 516 864 612 230 704 882 252 134
videos.hw01/06_frame/186.jpg 224 68 696 1926 76 84 78 288 454 698 520 124 1216 430 382 170
videos.hw01/06_frame/187.jpg 480 8 418 776 4 34 150 184 676 254 190 120 862 204 102 96
videos.hw01/06_frame/188.jpg 746 0 900 210 32 122 110 194 848 188 288 116 476 188 118 284
videos.hw01/06_frame/189.jpg 974 0 342 724 56 98 98 172 1084 248 162 48 316 0 246 122
videos.hw01/06_frame/190.jpg 316 162 0 388 52 98 94 178 1164 270 234 78 338 330 56 250
videos.hw01/06_frame/191.jpg 600 388 0 118 268 70 90 116 312 82 128 64 246 598 128 274
videos.hw01/06_frame/192.jpg 334 530 0 64 220 22 94 164 346 174 82 22 348 230 194 308
videos.hw01/06_frame/193.jpg 9588 9600 9600 9586 7626 7096 6210 7708 5084 8330 7150 4928 7478 9592 3222 768
videos.hw01/06_frame/194.jpg 812 44 0 218 498 744 778 520 466 732 938 1164 752 8 0 302
videos.hw01/06_frame/195.jpg 902 38 0 0 542 1104 960 284 516 376 800 764 700 0 0 212
videos.hw01/06_frame/196.jpg 664 372 0 0 502 760 816 702 632 490 960 358 602 312 0 160
videos.hw01/06_frame/197.jpg 622 644 0 0 552 938 282 346 460 660 574 262 560 512 0 126
videos.hw01/06_frame/198.jpg 810 744 0 0 520 536 586 352 524 522 446 166 478 776 0 98
videos.hw01/06_frame/199.jpg 518 572 0 0 704 622 284 188 818 550 414 220 608 570 0 42
videos.hw01/06_frame/200.jpg 574 678 0 6 986 592 428 308 1000 576 870 272 944 396 0 12
videos.hw01/06_frame/201.jpg 814 726 0 6 1492 734 418 190 514 1166 1070 604 616 760 0 4
videos.hw01/06_frame/202.jpg 526 586 0 0 1430 756 630 300 554 754 1350 800 304 510 0 16
videos.hw01/06_frame/203.jpg 422 450 0 0 1462 1430 762 336 646 534 1370 762 758 472 0 0
videos.hw01/06_frame/204.jpg 486 596 0 0 1142 1098 818 440 512 668 1042 696 758 592 0 0
videos.hw01/06_frame/205.jpg 624 840 0 0 832 998 666 418 308 478 638 384 414 586 0 8
videos.hw01/06_frame/206.jpg 476 684 0 0 336 960 460 556 794 692 502 498 498 462 0 8
videos.hw01/06_frame/207.jpg 616 730 0 0 560 696 386 304 694 588 470 436 526 410 0 0
videos.hw01/06_frame/208.jpg 434 326 0 0 250 786 538 398 1004 580 452 448 758 480 0 0
videos.hw01/06_frame/209.jpg 440 294 0 0 276 750 414 428 432 460 310 340 348 284 0 0
videos.hw01/06_frame/210.jpg 418 488 0 0 256 490 390 656 390 482 362 242 282 484 0 0
videos.hw01/06_frame/211.jpg 418 372 0 0 606 446 378 864 506 480 434 576 396 564 0 0
videos.hw01/06_frame/212.jpg 368 308 0 0 306 294 284 482 336 412 394 308 184 146 0 0
videos.hw01/06_frame/213.jpg 294 376 0 0 664 288 326 426 480 342 496 448 268 504 0 0
videos.hw01/06_frame/214.jpg 646 566 0 0 312 276 352 678 258 290 302 554 176 516 0 0
videos.hw01/06_frame/215.jpg 254 444 0 0 222 368 476 488 350 328 496 570 296 468 0 0
videos.hw01/06_frame/216.jpg 230 424 0 0 296 268 220 230 932 240 472 794 92 290 0 0
videos.hw01/06_frame/217.jpg 660 322 0 0 268 314 268 312 436 330 442 498 316 372 0 0
videos.hw01/06_frame/218.jpg 40 626 146 0 220 316 128 246 350 380 466 598 244 332 0 0
videos.hw01/06_frame/219.jpg 66 244 428 0 188 258 212 218 294 516 606 592 292 174 80 0
videos.hw01/06_frame/220.jpg 642 526 196 0 300 276 328 436 416 472 570 568 260 328 398 0
videos.hw01/06_frame/221.jpg 192 74 452 0 288 458 560 214 522 464 450 646 200 462 422 0
videos.hw01/06_frame/222.jpg 112 622 242 0 266 402 520 192 676 564 732 824 220 484 362 0
videos.hw01/06_frame/223.jpg 472 548 270 0 348 354 324 358 466 880 700 690 552 390 212 0
videos.hw01/06_frame/224.jpg 206 172 318 0 210 278 216 262 410 502 450 730 340 400 190 0
videos.hw01/06_frame/225.jpg 398 320 428 0 320 164 516 102 372 608 536 688 174 514 248 0
videos.hw01/06_frame/226.jpg 268 392 346 0 256 92 564 382 788 420 350 446 352 374 486 0
videos.hw01/06_frame/227.jpg 294 104 250 0 386 276 640 530 972 330 798 384 384 332 386 0
videos.hw01/06_frame/228.jpg 86 250 400 0 524 294 548 720 900 526 494 372 330 336 482 0
videos.hw01/06_frame/229.jpg 382 188 266 0 762 270 470 564 824 718 510 332 228 410 188 0
videos.hw01/06_frame/230.jpg 228 450 306 0 582 238 492 524 746 528 348 662 316 498 354 0
videos.hw01/06_frame/231.jpg 260 346 328 0 410 266 324 342 504 664 500 336 318 322 342 0
videos.hw01/06_frame/232.jpg 206 484 468 0 264 262 326 318 530 380 416 318 270 160 340 0
videos.hw01/06_frame/233.jpg 90 80 344 0 276 246 200 286 370 516 654 358 52 300 278 0
videos.hw01/06_frame/234.jpg 196 366 410 0 432 230 432 222 490 416 520 422 554 346 290 0
videos.hw01/06_frame/235.jpg 648 794 350 0 384 124 372 162 356 290 372 314 512 452 360 0
videos.hw01/06_frame/236.jpg 198 584 302 0 438 224 330 226 360 280 244 416 280 476 214 6
videos.hw01/06_frame/237.jpg 84 334 252 0 340 156 368 134 602 378 292 358 612 198 248 6
videos.hw01/06_frame/238.jpg 470 114 294 0 338 412 430 238 308 456 512 302 316 392 454 0
videos.hw01/06_frame/239.jpg 166 402 386 0 434 158 236 256 350 514 312 270 376 556 314 0
videos.hw01/06_frame/240.jpg 378 236 476 0 468 368 394 220 390 316 576 284 632 350 508 0
videos.hw01/06_frame/241.jpg 378 584 458 0 352 502 602 178 1070 388 538 248 892 640 96 0
videos.hw01/06_frame/242.jpg 132 466 280 0 434 104 222 364 310 306 268 184 94 52 286 0
videos.hw01/06_frame/243.jpg 260 162 508 0 498 232 342 314 226 516 786 388 230 188 452 0
videos.hw01/06_frame/244.jpg 336 610 490 0 532 314 450 280 464 548 272 354 922 106 276 0
videos.hw01/06_frame/245.jpg 76 224 462 0 568 120 794 348 400 478 502 416 480 432 422 0
videos.hw01/06_frame/246.jpg 100 182 466 32 676 280 332 468 794 676 386 378 324 216 368 0
videos.hw01/06_frame/247.jpg 330 600 556 72 784 234 206 490 340 592 466 524 520 826 304 0
videos.hw01/06_frame/248.jpg 124 318 484 50 652 222 172 364 424 380 494 416 80 64 478 0
videos.hw01/06_frame/249.jpg 192 162 444 24 598 298 114 242 434 732 390 422 128 182 240 0
videos.hw01/06_frame/250.jpg 48 672 548 404 466 302 270 386 630 456 256 450 590 102 296 96
videos.hw01/06_frame/251.jpg 188 408 494 340 468 342 368 310 360 316 284 616 210 82 352 402
videos.hw01/06_frame/252.jpg 64 334 472 376 326 412 360 312 386 650 224 630 568 686 578 190
videos.hw01/06_frame/253.jpg 84 388 364 434 448 434 376 446 406 438 310 538 314 510 374 548
videos.hw01/06_frame/254.jpg 100 380 640 466 182 360 696 376 416 444 478 580 638 114 434 374
videos.hw01/06_frame/255.jpg 244 496 310 474 416 424 442 354 512 464 410 500 92 514 556 726
videos.hw01/06_frame/256.jpg 0 716 652 438 512 482 370 382 332 264 662 734 104 110 594 148
videos.hw01/06_frame/257.jpg 268 164 584 372 248 410 180 196 456 282 452 632 572 918 340 502
videos.hw01/06_frame/258.jpg 288 874 588 518 232 454 232 188 304 284 410 520 162 180 512 546
videos.hw01/06_frame/259.jpg 198 318 462 466 198 380 298 186 574 416 646 876 680 562 580 496
videos.hw01/06_frame/260.jpg 368 548 380 416 208 406 184 246 366 348 676 634 176 432 516 280
videos.hw01/06_frame/261.jpg 98 74 370 412 348 352 142 244 436 226 426 454 372 206 178 174
videos.hw01/06_frame/262.jpg 88 292 216 508 290 498 146 244 612 246 348 392 308 614 404 506
videos.hw01/06_frame/263.jpg 128 350 220 276 284 414 128 142 334 280 260 318 88 110 142 184
videos.hw01/06_frame/264.jpg 146 172 334 524 222 394 178 304 580 370 304 242 158 132 262 250
videos.hw01/06_frame/265.jpg 420 182 266 286 412 784 300 282 458 318 418 242 718 196 486 234
videos.hw01/06_frame/266.jpg 216 400 416 172 344 516 174 222 502 642 394 530 470 436 242 304
videos.hw01/06_frame/267.jpg 40 36 88 154 296 544 220 226 352 442 208 338 40 82 278 180
videos.hw01/06_frame/268.jpg 8 284 118 236 388 614 238 190 376 576 322 292 210 90 310 138
videos.hw01/06_frame/269.jpg 108 90 64 260 594 476 274 178 334 570 366 376 0 8 238 140
videos.hw01/06_frame/270.jpg 32 316 154 474 550 664 256 86 624 518 314 514 426 346 568 262
videos.hw01/06_frame/271.jpg 630 186 744 312 1046 646 284 222 410 942 354 588 146 410 226 300
videos.hw01/06_frame/272.jpg 46 114 236 220 502 522 216 66 350 574 360 162 64 120 78 382
videos.hw01/06_frame/273.jpg 6 46 78 392 510 396 268 174 394 382 318 220 140 196 36 122
videos.hw01/06_frame/274.jpg 0 244 332 384 476 470 194 208 354 396 258 290 26 268 170 262
videos.hw01/06_frame/275.jpg 40 620 502 334 420 394 184 152 370 348 266 452 60 570 550 322
videos.hw01/06_frame/276.jpg 520 540 262 268 428 266 202 154 204 286 308 280 16 374 68 178
videos.hw01/06_frame/277.jpg 64 44 340 316 336 384 192 318 194 560 144 410 16 458 300 410
videos.hw01/06_frame/278.jpg 108 80 254 308 210 378 264 156 114 292 184 514 0 410 408 106
videos.hw01/06_frame/279.jpg 2 146 330 214 186 206 218 308 74 370 282 316 0 388 128 312
videos.hw01/06_frame/280.jpg 316 496 68 420 354 458 280 190 70 270 310 270 0 218 132 352
videos.hw01/06_frame/281.jpg 4 40 104 136 230 210 220 232 112 196 306 172 0 278 104 232
videos.hw01/06_frame/282.jpg 64 194 288 186 238 278 208 256 144 380 388 418 0 226 36 332
videos.hw01/06_frame/283.jpg 100 138 498 330 322 340 276 308 186 306 424 342 0 236 616 192
videos.hw01/06_frame/284.jpg 16 256 72 324 392 404 492 524 210 488 470 816 0 410 182 152
videos.hw01/06_frame/285.jpg 0 32 226 404 396 320 328 234 194 372 368 382 0 50 104 246
videos.hw01/06_frame/286.jpg 198 294 348 182 382 410 572 322 192 368 506 690 0 338 482 108
videos.hw01/06_frame/287.jpg 40 218 116 242 466 374 668 322 196 280 408 570 0 50 60 84
videos.hw01/06_frame/288.jpg 0 6 196 224 418 408 424 270 142 438 546 522 0 22 32 74
videos.hw01/06_frame/289.jpg 194 222 146 86 438 858 422 158 122 374 682 392 0 46 94 68
videos.hw01/06_frame/290.jpg 16 154 220 308 434 614 598 438 168 588 480 426 0 388 192 342
videos.hw01/06_frame/291.jpg 0 92 46 318 416 448 584 420 150 456 636 348 0 32 144 94
videos.hw01/06_frame/292.jpg 0 52 12 290 380 494 502 382 120 572 592 294 0 32 68 110
videos.hw01/06_frame/293.jpg 0 56 102 264 648 576 534 476 128 752 482 416 0 118 98 324
videos.hw01/06_frame/294.jpg 10 216 92 280 300 410 488 140 214 578 494 386 0 226 74 262
videos.hw01/06_frame/295.jpg 80 74 62 254 354 616 452 252 290 592 432 518 0 0 80 402
videos.hw01/06_frame/296.jpg 80 92 0 42 208 438 306 806 438 644 646 546 0 30 76 438
videos.hw01/06_frame/297.jpg 20 84 86 148 194 390 308 516 428 498 594 438 0 50 578 336
videos.hw01/06_frame/298.jpg 2 70 16 148 200 562 188 446 518 476 728 626 0 178 256 458
videos.hw01/06_frame/299.jpg 50 108 52 104 160 316 200 418 390 534 550 564 0 98 274 348
videos.hw01/06_frame/300.jpg 50 14 98 122 124 216 278 420 484 320 720 534 0 68 332 394
videos.hw01/06_frame/301.jpg 334 784 478 338 10 454 230 564 690 290 688 716 0 276 1222 358
videos.hw01/06_frame/302.jpg 0 16 36 28 48 24 216 380 320 278 420 298 0 14 446 560
videos.hw01/06_frame/303.jpg 0 0 0 0 0 8 280 336 482 302 562 384 0 56 388 318
videos.hw01/06_frame/304.jpg 0 0 0 0 40 0 124 228 208 178 410 490 0 56 260 322
videos.hw01/06_frame/305.jpg 0 0 0 0 0 0 166 156 142 388 226 738 0 40 276 208
videos.hw01/06_frame/306.jpg 72 2 210 88 98 244 172 208 130 94 154 518 0 40 248 316
videos.hw01/06_frame/307.jpg 50 56 40 0 34 48 170 188 162 240 210 294 0 0 130 230
videos.hw01/06_frame/308.jpg 0 26 16 34 130 80 232 204 126 230 268 366 0 16 214 164
videos.hw01/06_frame/309.jpg 40 142 0 28 6 58 108 184 288 302 248 256 0 24 114 214
videos.hw01/06_frame/310.jpg 48 56 0 0 68 134 114 150 178 208 260 176 0 16 90 102
videos.hw01/06_frame/311.jpg 452 120 568 160 192 54 248 208 310 414 386 344 0 40 294 144
videos.hw01/06_frame/312.jpg 130 134 88 136 56 78 94 258 280 408 534 306 0 70 184 180
videos.hw01/06_frame/313.jpg 186 134 122 54 264 144 68 304 356 350 502 198 0 76 440 276
videos.hw01/06_frame/314.jpg 50 20 14 32 88 112 172 280 274 394 474 162 0 128 206 196
videos.hw01/06_frame/315.jpg 32 0 0 2 158 404 48 316 242 354 396 222 0 110 326 210
videos.hw01/06_frame/316.jpg 0 236 128 106 266 398 44 232 360 390 256 184 0 0 232 188
videos.hw01/06_frame/317.jpg 8 82 128 4 466 378 146 328 134 364 320 298 0 0 152 252
videos.hw01/06_frame/318.jpg 90 130 118 0 264 304 266 316 296 386 428 238 0 0 100 232
videos.hw01/06_frame/319.jpg 34 50 152 138 350 360 328 274 192 500 432 330 0 110 252 208
videos.hw01/06_frame/320.jpg 38 26 128 268 356 226 314 234 212 496 328 408 0 40 146 302
videos.hw01/06_frame/321.jpg 218 4 54 54 250 250 312 246 236 336 284 320 0 40 160 558
videos.hw01/06_frame/322.jpg 50 2 226 168 206 158 374 320 236 452 364 226 0 110 180 298
videos.hw01/06_frame/323.jpg 16 32 164 136 150 130 384 178 254 302 306 596 0 40 386 398
videos.hw01/06_frame/324.jpg 14 0 66 2 168 116 368 148 270 332 332 794 0 340 202 330
videos.hw01/06_frame/325.jpg 110 344 144 298 142 270 330 226 150 268 274 662 0 324 352 436
videos.hw01/06_frame/326.jpg 100 150 96 100 90 148 276 224 172 158 548 366 30 96 384 530
videos.hw01/06_frame/327.jpg 50 40 4 198 214 196 150 188 174 258 434 364 50 90 234 348
videos.hw01/06_frame/328.jpg 14 30 0 40 158 320 64 274 140 276 780 428 0 18 178 398
videos.hw01/06_frame/329.jpg 0 0 2 112 176 370 190 334 266 378 496 518 0 0 160 424
videos.hw01/06_frame/330.jpg 0 72 64 18 220 306 208 240 232 384 512 494 0 0 172 412
videos.hw01/06_frame/331.jpg 300 262 458 224 218 146 258 224 406 624 564 490 20 196 570 258
videos.hw01/06_frame/332.jpg 22 58 30 60 238 248 328 166 278 462 460 300 40 30 124 218
videos.hw01/06_frame/333.jpg 10 22 64 106 262 216 460 200 354 560 444 474 16 0 140 220
videos.hw01/06_frame/334.jpg 220 0 0 8 216 272 518 320 432 554 474 480 0 6 376 164
videos.hw01/06_frame/335.jpg 80 8 122 8 182 258 600 246 448 594 472 620 76 0 272 236
videos.hw01/06_frame/336.jpg 144 0 0 4 184 296 448 226 332 622 438 486 0 2 334 274
videos.hw01/06_frame/337.jpg 38 76 218 72 160 380 446 254 346 598 556 490 170 80 140 252
videos.hw01/06_frame/338.jpg 108 8 158 142 214 272 336 314 200 586 456 758 80 0 222 206
videos.hw01/06_frame/339.jpg 34 0 62 8 242 78 254 182 230 332 306 474 0 0 48 298
videos.hw01/06_frame/340.jpg 4 0 32 0 18 132 516 186 76 258 420 398 0 196 12 230
videos.hw01/06_frame/341.jpg 42 0 10 0 0 60 252 216 370 416 312 640 38 226 98 342
videos.hw01/06_frame/342.jpg 50 16 202 282 90 18 314 214 334 504 346 436 70 184 90 422
videos.hw01/06_frame/343.jpg 0 8 10 260 8 10 306 216 310 432 316 442 82 230 204 192
videos.hw01/06_frame/344.jpg 90 0 282 204 0 88 176 188 282 244 298 486 100 300 158 472
videos.hw01/06_frame/345.jpg 80 30 28 122 0 182 336 132 286 314 336 322 52 260 212 644
videos.hw01/06_frame/346.jpg 40 114 338 156 0 8 256 210 254 314 416 502 48 50 292 870
videos.hw01/06_frame/347.jpg 50 0 262 112 48 168 104 198 316 256 336 340 22 78 586 338
videos.hw01/06_frame/348.jpg 8 202 156 126 10 44 216 90 204 286 236 602 30 208 108 356
videos.hw01/06_frame/349.jpg 66 134 292 100 2 388 126 148 106 258 324 412 160 302 288 212
videos.hw01/06_frame/350.jpg 40 16 172 28 0 158 218 124 94 254 274 432 50 120 118 302
videos.hw01/06_frame/351.jpg 0 168 76 78 0 26 200 66 252 268 318 286 104 194 436 440
videos.hw01/06_frame/352.jpg 40 80 192 188 10 148 626 188 422 252 494 214 42 122 168 338
videos.hw01/06_frame/353.jpg 0 16 64 98 46 48 244 168 270 480 402 342 72 138 640 368
videos.hw01/06_frame/354.jpg 112 236 128 178 0 162 444 220 296 350 502 360 40 120 552 378
videos.hw01/06_frame/355.jpg 0 18 132 258 86 84 184 226 362 220 424 278 18 234 292 254
videos.hw01/06_frame/356.jpg 10 50 32 210 66 128 490 202 452 308 556 426 0 182 242 190
videos.hw01/06_frame/357.jpg 0 0 342 388 102 166 256 98 334 446 466 372 0 164 206 210
videos.hw01/06_frame/358.jpg 40 130 80 276 102 278 366 226 424 464 684 332 0 226 206 456
videos.hw01/06_frame/359.jpg 0 180 298 286 180 382 400 252 480 544 430 552 0 54 80 162
videos.hw01/06_frame/360.jpg 0 0 152 234 372 456 122 316 154 540 650 318 130 112 196 86
videos.hw01/06_frame/361.jpg 72 208 162 462 198 360 186 398 324 552 698 498 90 404 344 180
videos.hw01/06_frame/362.jpg 98 72 10 288 244 524 172 470 266 630 550 358 80 102 52 128
videos.hw01/06_frame/363.jpg 74 72 362 180 284 380 366 454 378 484 712 236 0 178 100 498
videos.hw01/06_frame/364.jpg 0 16 196 544 302 360 418 434 234 454 428 368 0 142 50 218
videos.hw01/06_frame/365.jpg 198 460 296 260 370 414 436 372 360 342 438 450 0 378 364 324
videos.hw01/06_frame/366.jpg 0 32 70 160 352 300 466 366 306 522 470 446 40 146 24 350
videos.hw01/06_frame/367.jpg 0 0 40 184 300 202 462 308 334 344 464 580 0 10 100 572
videos.hw01/06_frame/368.jpg 0 24 202 198 378 228 524 296 226 394 346 656 0 16 250 716
videos.hw01/06_frame/369.jpg 0 112 130 360 296 362 570 124 214 246 446 682 0 210 332 816
videos.hw01/06_frame/370.jpg 78 366 158 340 296 254 652 210 246 324 434 668 90 214 48 806
videos.hw01/06_frame/371.jpg 128 60 24 216 138 132 540 246 174 318 484 688 0 206 86 748
videos.hw01/06_frame/372.jpg 90 8 108 210 132 222 406 266 262 244 218 524 40 208 180 262
videos.hw01/06_frame/373.jpg 80 146 142 218 102 152 270 292 232 252 270 502 50 336 160 214
videos.hw01/06_frame/374.jpg 84 246 18 186 164 216 70 72 286 378 372 370 0 64 128 112
videos.hw01/06_frame/375.jpg 10 106 10 124 214 154 282 244 206 470 366 664 0 124 294 68
videos.hw01/06_frame/376.jpg 144 82 84 132 206 260 512 132 224 406 356 542 0 260 426 374
videos.hw01/06_frame/377.jpg 2 74 272 144 274 274 510 54 182 458 622 468 0 514 226 366
videos.hw01/06_frame/378.jpg 78 194 170 156 312 394 664 246 390 564 668 764 80 182 122 230
videos.hw01/06_frame/379.jpg 8 0 2 166 360 336 424 130 240 778 572 570 10 58 270 256
videos.hw01/06_frame/380.jpg 0 66 28 294 334 366 490 156 302 366 416 346 10 348 42 328
videos.hw01/06_frame/381.jpg 0 90 60 278 282 394 452 210 252 478 532 468 0 216 72 426
videos.hw01/06_frame/382.jpg 8 178 208 228 374 372 348 126 240 450 468 454 0 256 20 352
videos.hw01/06_frame/383.jpg 90 48 150 104 226 388 244 106 480 388 364 502 0 116 92 170
videos.hw01/06_frame/384.jpg 0 0 44 108 198 368 256 194 312 290 416 516 80 80 12 352
videos.hw01/06_frame/385.jpg 116 120 10 120 152 478 236 90 404 478 292 518 0 528 66 322
videos.hw01/06_frame/386.jpg 194 254 248 502 70 404 186 134 232 276 356 486 0 308 50 268
videos.hw01/06_frame/387.jpg 16 156 48 78 60 154 356 288 306 322 272 478 0 130 54 136
videos.hw01/06_frame/388.jpg 0 0 0 86 56 174 296 826 218 396 350 562 0 0 40 218
videos.hw01/06_frame/389.jpg 0 0 0 92 84 86 268 1502 158 450 400 726 170 378 150 220
videos.hw01/06_frame/390.jpg 92 42 88 218 100 122 270 1570 222 360 312 734 50 88 96 346
videos.hw01/06_frame/391.jpg 80 28 134 138 96 232 174 1204 338 390 456 652 40 530 98 310
videos.hw01/06_frame/392.jpg 8 134 42 92 86 186 294 758 234 396 438 568 20 126 122 202
videos.hw01/06_frame/393.jpg 40 2 24 252 96 206 838 1028 314 148 410 392 50 180 42 134
videos.hw01/06_frame/394.jpg 38 50 234 130 56 148 906 1200 308 182 418 384 0 194 88 184
videos.hw01/06_frame/395.jpg 32 0 0 84 102 176 750 944 294 244 406 344 0 40 66 134
videos.hw01/06_frame/396.jpg 0 0 120 58 144 184 576 676 292 282 384 470 8 140 144 120
videos.hw01/06_frame/397.jpg 104 300 280 92 140 308 476 660 322 240 602 534 10 296 142 286
videos.hw01/06_frame/398.jpg 122 242 136 96 80 364 388 442 480 294 412 666 18 170 458 326
videos.hw01/06_frame/399.jpg 24 40 50 214 78 236 500 412 434 434 442 546 0 284 170 238
videos.hw01/06_frame/400.jpg 24 0 54 152 148 226 376 338 362 440 544 558 0 72 182 242
videos.hw01/06_frame/401.jpg 0 0 202 378 148 312 470 236 410 546 520 662 0 26 484 210
videos.hw01/06_frame/402.jpg 294 180 420 188 218 396 294 268 436 384 632 642 0 260 130 270
videos.hw01/06_frame/403.jpg 0 0 10 238 92 440 474 366 254 384 482 592 0 112 116 166
videos.hw01/06_frame/404.jpg 0 8 162 220 116 344 492 340 254 442 432 780 0 118 200 350
videos.hw01/06_frame/405.jpg 0 90 220 336 248 354 626 320 226 576 532 916 0 322 212 344
videos.hw01/06_frame/406.jpg 16 116 104 238 322 332 692 766 296 658 540 894 40 204 128 228
videos.hw01/06_frame/407.jpg 98 16 122 328 244 324 674 796 222 332 596 834 0 690 174 338
videos.hw01/06_frame/408.jpg 6 40 136 280 146 380 474 840 96 364 528 1076 8 204 296 290
videos.hw01/06_frame/409.jpg 102 16 154 396 148 316 374 414 172 426 448 556 2 194 280 346
videos.hw01/06_frame/410.jpg 194 118 234 448 100 358 466 476 192 426 354 452 6 64 270 340
videos.hw01/06_frame/411.jpg 64 22 150 272 48 164 404 438 138 254 422 296 0 0 192 222
videos.hw01/06_frame/412.jpg 0 90 258 222 40 136 304 310 202 216 300 280 0 94 114 170
videos.hw01/06_frame/413.jpg 0 80 204 140 88 160 274 260 82 178 514 168 0 10 346 220
videos.hw01/06_frame/414.jpg 0 88 176 276 162 164 320 332 116 138 224 300 6 64 158 170
videos.hw01/06_frame/415.jpg 0 84 118 294 104 234 320 230 118 154 190 270 6 170 120 190
videos.hw01/06_frame/416.jpg 64 152 218 222 158 226 234 294 138 204 272 248 8 606 248 144
videos.hw01/06_frame/417.jpg 90 24 120 200 174 216 202 390 118 394 280 336 0 30 10 100
videos.hw01/06_frame/418.jpg 0 0 284 158 192 208 336 388 124 190 388 358 0 0 62 172
videos.hw01/06_frame/419.jpg 0 42 176 156 224 352 386 282 122 200 634 298 0 42 336 78
videos.hw01/06_frame/420.jpg 10 56 86 518 176 336 336 244 162 200 662 452 8 170 24 226
videos.hw01/06_frame/421.jpg 90 226 344 288 266 364 316 330 248 410 620 530 164 360 452 106
videos.hw01/06_frame/422.jpg 34 138 230 362 194 348 342 286 170 330 450 306 174 456 28 226
videos.hw01/06_frame/423.jpg 36 140 206 294 272 342 382 364 156 336 864 198 26 72 20 148
videos.hw01/06_frame/424.jpg 122 192 128 266 234 286 570 214 568 236 402 408 94 340 232 146
videos.hw01/06_frame/425.jpg 0 0 116 254 224 220 288 254 200 372 438 326 24 0 82 128
videos.hw01/06_frame/426.jpg 4 0 62 282 152 206 420 184 276 206 400 346 0 0 50 80
videos.hw01/06_frame/427.jpg 0 8 232 396 180 218 344 178 150 250 390 518 8 32 170 128
videos.hw01/06_frame/428.jpg 16 170 214 416 86 340 368 174 90 316 460 556 80 228 130 172
videos.hw01/06_frame/429.jpg 138 432 342 368 72 504 290 490 320 404 828 708 472 190 300 270
videos.hw01/06_frame/430.jpg 206 62 222 336 276 388 326 470 214 190 666 548 76 244 528 242
videos.hw01/06_frame/431.jpg 42 82 220 440 156 244 368 480 202 190 462 700 32 30 148 194
videos.hw01/06_frame/432.jpg 150 220 210 264 92 330 332 512 204 174 524 420 54 98 350 206
videos.hw01/06_frame/433.jpg 482 280 292 266 128 380 490 480 492 252 308 512 836 44 454 146
videos.hw01/06_frame/434.jpg 130 98 162 346 34 262 328 510 334 100 438 248 460 364 264 166
videos.hw01/06_frame/435.jpg 88 244 364 314 38 308 330 348 186 272 232 336 130 60 12 318
videos.hw01/06_frame/436.jpg 2 182 164 290 96 362 308 522 296 360 248 316 78 166 140 300
videos.hw01/06_frame/437.jpg 58 322 180 250 236 222 306 482 172 266 288 372 124 274 200 220
videos.hw01/06_frame/438.jpg 72 162 176 264 92 180 230 452 338 384 242 204 80 28 296 304
videos.hw01/06_frame/439.jpg 0 394 160 214 68 238 258 460 202 308 428 410 0 72 206 318
videos.hw01/06_frame/440.jpg 158 250 292 270 8 202 266 374 172 232 342 284 98 60 386 530
videos.hw01/06_frame/441.jpg 250 160 166 242 102 524 176 344 220 282 418 290 180 192 380 356
videos.hw01/06_frame/442.jpg 16 208 190 90 170 482 146 322 430 238 714 268 170 246 490 256
videos.hw01/06_frame/443.jpg 140 104 320 56 212 200 192 372 150 250 370 342 250 174 304 208
videos.hw01/06_frame/444.jpg 114 316 336 54 90 366 246 372 230 344 402 276 260 8 404 180
videos.hw01/06_frame/445.jpg 354 156 322 38 82 328 270 404 256 376 358 230 96 106 262 178
videos.hw01/06_frame/446.jpg 26 134 330 18 36 356 228 364 82 324 434 256 76 24 306 190
videos.hw01/06_frame/447.jpg 0 418 422 2 84 338 198 362 136 328 358 256 242 146 130 78
videos.hw01/06_frame/448.jpg 276 158 228 0 42 260 294 270 286 316 274 428 120 204 170 12
videos.hw01/06_frame/449.jpg 292 112 182 0 30 194 248 212 500 230 498 346 90 236 286 10
videos.hw01/06_frame/450.jpg 48 282 312 0 348 322 198 218 68 418 310 288 186 218 482 4
videos.hw01/06_frame/451.jpg 206 148 184 0 518 420 210 150 244 234 408 232 164 298 228 0
videos.hw01/06_frame/452.jpg 40 74 220 0 22 148 360 126 188 344 334 168 18 258 122 0
videos.hw01/06_frame/453.jpg 8 256 198 6 112 328 244 120 72 246 404 228 22 242 202 0
videos.hw01/06_frame/454.jpg 70 108 562 6 54 334 282 104 84 262 246 186 70 54 394 0
videos.hw01/06_frame/455.jpg 180 142 228 0 266 260 158 162 198 170 368 306 116 170 168 0
videos.hw01/06_frame/456.jpg 178 58 202 0 38 226 266 116 120 328 370 240 6 130 68 0
videos.hw01/06_frame/457.jpg 178 176 164 0 150 320 238 62 202 148 238 202 110 302 32 0
videos.hw01/06_frame/458.jpg 90 74 326 0 300 258 188 80 100 356 286 220 118 360 336 0
videos.hw01/06_frame/459.jpg 128 330 166 0 160 360 222 80 166 146 194 134 300 240 194 0
videos.hw01/06_frame/460.jpg 12 130 306 0 80 320 262 86 110 158 300 234 146 40 116 0
videos.hw01/06_frame/461.jpg 42 94 338 0 148 262 210 100 102 536 316 138 42 548 162 0
videos.hw01/06_frame/462.jpg 196 66 312 0 46 244 224 68 128 232 286 374 128 350 152 0
videos.hw01/06_frame/463.jpg 42 94 176 0 216 302 282 46 80 232 272 358 170 188 18 0
videos.hw01/06_frame/464.jpg 92 100 230 0 18 282 240 54 108 210 312 220 142 188 288 0
videos.hw01/06_frame/465.jpg 132 142 252 0 146 206 232 44 84 412 282 232 24 276 304 0
videos.hw01/06_frame/466.jpg 140 300 240 0 330 562 162 28 466 198 248 216 86 560 12 0
videos.hw01/06_frame/467.jpg 200 224 298 0 266 242 204 26 244 432 262 182 110 126 104 0
videos.hw01/06_frame/468.jpg 48 122 204 0 36 376 190 26 46 202 228 192 32 78 74 0
videos.hw01/06_frame/469.jpg 40 260 80 0 76 146 304 16 170 334 204 278 106 284 0 0
videos.hw01/06_frame/470.jpg 188 192 424 0 98 208 472 16 120 204 260 286 0 80 136 0
videos.hw01/06_frame/471.jpg 150 132 262 0 146 270 200 12 172 276 370 220 90 144 168 0
videos.hw01/06_frame/472.jpg 0 80 218 0 92 164 218 10 118 164 258 178 0 90 154 0
videos.hw01/06_frame/473.jpg 10 48 170 0 0 110 214 4 114 294 294 200 0 58 148 0
videos.hw01/06_frame/474.jpg 106 168 252 0 38 160 118 4 68 458 200 126 8 260 74 0
videos.hw01/06_frame/475.jpg 72 16 80 0 118 164 182 10 34 282 256 126 0 200 120 0
videos.hw01/06_frame/476.jpg 80 80 238 0 78 200 222 4 30 200 190 176 0 206 76 0
videos.hw01/06_frame/477.jpg 122 210 178 0 50 204 306 20 108 220 268 224 0 154 94 0
videos.hw01/06_frame/478.jpg 18 96 334 0 0 190 212 4 144 270 324 226 2 272 150 0
videos.hw01/06_frame/479.jpg 76 204 194 0 252 144 240 10 132 408 254 166 176 384 128 0
videos.hw01/06_frame/480.jpg 140 62 362 0 30 126 240 12 64 400 208 150 142 2 310 0
videos.hw01/06_frame/481.jpg 114 210 200 0 130 206 218 8 250 342 260 256 300 210 42 0
videos.hw01/06_frame/482.jpg 210 206 236 0 148 134 202 6 182 278 284 194 250 192 118 0
videos.hw01/06_frame/483.jpg 6 246 156 0 8 120 162 0 64 270 190 212 250 66 42 0
videos.hw01/06_frame/484.jpg 48 104 208 0 36 110 116 0 152 184 184 360 90 0 0 0
videos.hw01/06_frame/485.jpg 16 118 200 0 94 270 194 0 142 242 240 194 96 284 312 0
videos.hw01/06_frame/486.jpg 192 98 142 0 40 92 286 0 94 120 168 254 220 72 50 0
videos.hw01/06_frame/487.jpg 258 182 166 0 136 244 182 0 124 326 230 206 216 82 202 0
videos.hw01/06_frame/488.jpg 32 116 172 0 70 188 242 0 184 192 176 232 162 82 70 0
videos.hw01/06_frame/489.jpg 80 164 84 0 40 90 160 0 214 360 252 234 18 72 140 0
videos.hw01/06_frame/490.jpg 144 272 262 0 134 156 104 0 142 160 174 332 80 302 26 0
videos.hw01/06_frame/491.jpg 56 250 182 0 48 222 110 0 114 232 232 198 80 114 126 0
videos.hw01/06_frame/492.jpg 46 138 274 0 126 216 150 0 66 172 236 166 66 34 204 0
videos.hw01/06_frame/493.jpg 90 198 202 0 142 334 248 0 96 186 186 232 170 152 124 0
videos.hw01/06_frame/494.jpg 114 210 178 0 130 128 164 0 150 170 240 174 150 420 246 0
videos.hw01/06_frame/495.jpg 50 74 244 0 66 280 124 0 138 132 294 216 26 4 100 0
videos.hw01/06_frame/496.jpg 34 322 30 0 204 440 66 0 104 214 216 174 90 166 26 0
videos.hw01/06_frame/497.jpg 134 94 184 0 38 246 164 0 162 152 210 202 80 240 132 0
videos.hw01/06_frame/498.jpg 26 170 108 0 46 156 158 0 206 188 174 226 330 128 10 0
videos.hw01/06_frame/499.jpg 88 304 126 0 160 168 134 0 356 322 288 272 80 326 208 0
videos.hw01/06_frame/500.jpg 24 276 344 0 154 108 220 0 118 232 236 142 114 128 254 0
videos.hw01/06_frame/501.jpg 90 208 160 0 36 106 160 0 170 170 314 258 188 104 138 0
videos.hw01/06_frame/502.jpg 508 114 48 0 66 152 156 0 158 244 276 284 112 100 142 0
videos.hw01/06_frame/503.jpg 110 108 248 0 120 312 60 0 260 222 270 164 220 68 50 0
videos.hw01/06_frame/504.jpg 118 180 160 0 164 242 228 0 30 290 272 156 466 88 160 0
videos.hw01/06_frame/505.jpg 154 280 208 0 116 258 54 0 260 264 198 190 142 160 136 0
videos.hw01/06_frame/506.jpg 120 106 176 0 72 258 160 0 246 228 232 150 208 182 68 0
videos.hw01/06_frame/507.jpg 120 180 226 0 96 148 164 0 128 236 132 102 6 216 270 0
videos.hw01/06_frame/508.jpg 226 266 36 0 102 172 2 0 136 140 164 166 26 60 6 0
videos.hw01/06_frame/509.jpg 146 260 0 0 224 150 0 0 70 170 172 116 142 70 0 0
videos.hw01/06_frame/510.jpg 102 218 0 0 84 164 0 0 174 278 150 166 72 64 0 0
videos.hw01/06_frame/511.jpg 50 202 0 0 250 170 0 0 184 198 146 138 182 208 0 0
videos.hw01/06_frame/512.jpg 206 140 0 0 86 172 0 0 80 174 226 170 36 250 0 0
videos.hw01/06_frame/513.jpg 72 164 0 0 80 118 0 0 128 172 176 150 34 194 0 0
videos.hw01/06_frame/514.jpg 96 178 0 0 56 228 0 0 234 268 124 98 16 106 0 0
videos.hw01/06_frame/515.jpg 64 302 0 0 94 188 0 0 150 238 138 124 64 262 0 0
videos.hw01/06_frame/516.jpg 80 184 0 0 118 164 0 0 110 148 126 154 26 408 0 0
videos.hw01/06_frame/517.jpg 24 434 0 0 192 526 0 0 154 220 194 136 296 272 0 0
videos.hw01/06_frame/518.jpg 124 334 0 0 114 218 0 0 38 240 148 124 80 278 0 0
videos.hw01/06_frame/519.jpg 96 298 0 0 252 218 0 0 146 308 110 72 64 98 0 0
videos.hw01/06_frame/520.jpg 148 322 0 0 238 142 0 0 202 290 124 128 72 176 0 0
videos.hw01/06_frame/521.jpg 72 4 0 0 10 86 0 0 72 154 138 82 26 160 0 0
videos.hw01/06_frame/522.jpg 76 476 0 0 126 240 0 0 96 256 172 70 216 154 0 14
videos.hw01/06_frame/523.jpg 154 220 0 0 170 362 0 0 334 154 148 48 106 308 0 42
videos.hw01/06_frame/524.jpg 110 376 0 0 94 252 0 0 284 244 152 48 484 228 0 60
videos.hw01/06_frame/525.jpg 66 46 0 0 168 78 0 0 98 184 136 114 124 90 0 94
videos.hw01/06_frame/526.jpg 186 342 0 0 304 120 0 0 316 166 174 108 178 342 0 86
videos.hw01/06_frame/527.jpg 78 212 0 0 176 174 0 0 198 144 106 88 80 160 0 108
videos.hw01/06_frame/528.jpg 172 384 0 0 136 316 0 0 172 222 72 84 224 226 0 136
videos.hw01/06_frame/529.jpg 84 338 0 0 120 208 0 0 98 238 144 84 58 212 0 118
videos.hw01/06_frame/530.jpg 172 112 0 0 8 332 0 0 142 206 88 24 40 178 0 152
videos.hw01/06_frame/531.jpg 48 346 0 0 8 146 0 0 42 132 96 84 0 246 0 204
videos.hw01/06_frame/532.jpg 50 168 0 0 148 32 0 0 174 232 70 82 8 120 0 190
videos.hw01/06_frame/533.jpg 90 192 0 0 82 166 0 0 86 172 132 60 88 56 0 166
videos.hw01/06_frame/534.jpg 56 164 0 0 82 32 0 0 130 136 120 52 56 32 0 212
videos.hw01/06_frame/535.jpg 18 98 0 0 148 116 0 0 46 162 128 38 106 116 0 254
videos.hw01/06_frame/536.jpg 140 298 0 0 200 180 0 0 374 200 110 76 110 128 0 168
videos.hw01/06_frame/537.jpg 46 188 0 0 34 30 0 0 46 104 186 74 50 218 0 108
videos.hw01/06_frame/538.jpg 8 32 0 0 40 208 0 0 114 322 86 74 26 34 0 196
videos.hw01/06_frame/539.jpg 160 104 0 0 68 50 0 0 18 128 100 38 6 142 0 194
videos.hw01/06_frame/540.jpg 80 248 0 0 96 112 0 0 222 248 86 84 14 140 0 252
videos.hw01/06_frame/541.jpg 70 150 0 0 32 186 0 0 72 214 82 60 76 120 0 118
videos.hw01/06_frame/542.jpg 184 252 0 0 40 190 0 0 48 252 84 60 170 194 0 168
videos.hw01/06_frame/543.jpg 40 168 0 0 112 76 0 0 68 264 74 84 238 76 0 212
videos.hw01/06_frame/544.jpg 166 98 0 0 130 116 0 0 78 224 74 128 212 178 0 126
videos.hw01/06_frame/545.jpg 8 304 0 0 46 70 0 0 24 178 122 160 16 118 0 136
videos.hw01/06_frame/546.jpg 6 70 0 0 120 196 0 0 76 142 114 150 122 18 0 126
videos.hw01/06_frame/547.jpg 192 176 0 0 126 70 0 0 294 206 136 126 260 180 0 114
videos.hw01/06_frame/548.jpg 0 220 0 0 60 12 0 0 122 250 80 140 40 68 0 68
videos.hw01/06_frame/549.jpg 0 98 0 0 28 228 0 0 124 358 168 148 8 52 0 184
videos.hw01/06_frame/550.jpg 60 366 0 0 16 64 0 0 10 330 160 120 0 112 0 126
videos.hw01/06_frame/551.jpg 0 234 0 0 22 90 0 0 18 208 174 138 0 100 0 108
videos.hw01/06_frame/552.jpg 18 112 0 0 20 166 0 0 50 228 182 152 0 0 0 82
videos.hw01/06_frame/553.jpg 134 76 0 0 106 76 0 0 88 338 146 100 48 206 0 178
videos.hw01/06_frame/554.jpg 68 260 0 0 86 146 0 0 172 370 78 88 18 66 0 96
videos.hw01/06_frame/555.jpg 68 208 0 0 52 140 0 0 52 254 110 86 0 186 0 144
videos.hw01/06_frame/556.jpg 106 270 0 0 170 368 0 0 82 162 206 148 160 256 0 96
videos.hw01/06_frame/557.jpg 140 326 0 0 206 124 0 0 102 358 136 132 104 102 0 164
videos.hw01/06_frame/558.jpg 46 232 0 0 32 128 0 0 48 186 118 142 144 298 0 166
videos.hw01/06_frame/559.jpg 110 126 0 0 106 72 0 0 152 202 188 110 60 148 0 82
videos.hw01/06_frame/560.jpg 150 146 0 0 40 126 0 0 202 162 96 94 32 170 0 78
videos.hw01/06_frame/561.jpg 92 180 0 0 72 78 0 0 86 172 94 142 72 208 0 164
videos.hw01/06_frame/562.jpg 20 122 0 0 64 102 0 0 326 306 114 140 12 76 0 84
videos.hw01/06_frame/563.jpg 122 428 0 0 136 256 0 0 158 152 102 98 108 88 0 112
videos.hw01/06_frame/564.jpg 110 170 0 0 32 44 0 0 80 134 118 152 22 46 0 60
videos.hw01/06_frame/565.jpg 102 158 0 0 32 84 0 0 68 256 158 78 64 62 0 80
videos.hw01/06_frame/566.jpg 128 170 0 0 102 46 0 0 104 232 118 72 16 74 0 88
videos.hw01/06_frame/567.jpg 56 194 0 0 40 64 0 0 12 126 134 132 80 50 0 44
videos.hw01/06_frame/568.jpg 32 18 0 0 16 0 0 0 42 154 56 92 18 32 0 58
videos.hw01/06_frame/569.jpg 0 118 0 0 90 62 0 0 24 166 88 90 26 22 0 86
videos.hw01/06_frame/570.jpg 0 94 0 0 0 2 0 0 22 94 84 94 24 40 0 52
videos.hw01/06_frame/571.jpg 48 84 0 0 292 154 0 0 190 236 68 92 4 304 0 130
videos.hw01/06_frame/572.jpg 78 140 0 0 10 116 0 0 70 174 142 70 8 18 0 114
videos.hw01/06_frame/573.jpg 16 62 0 0 0 260 0 0 28 120 104 92 0 42 0 136
videos.hw01/06_frame/574.jpg 46 10 0 0 2 196 0 0 52 98 122 76 16 26 0 108
videos.hw01/06_frame/575.jpg 0 100 0 0 42 130 0 0 88 132 102 50 0 28 0 96
videos.hw01/06_frame/576.jpg 0 20 0 0 12 58 0 0 32 332 78 140 0 86 0 78
videos.hw01/06_frame/577.jpg 42 140 0 0 86 112 0 0 106 256 70 58 130 102 0 132
videos.hw01/06_frame/578.jpg 40 122 0 0 108 46 0 0 52 60 78 88 60 10 0 118
videos.hw01/06_frame/579.jpg 8 166 0 0 50 162 0 0 58 196 92 78 8 24 0 134
videos.hw01/06_frame/580.jpg 32 68 0 0 10 70 0 0 18 272 50 46 12 30 0 100
videos.hw01/06_frame/581.jpg 0 4 0 0 0 62 0 0 18 164 72 94 12 16 0 40
videos.hw01/06_frame/582.jpg 0 48 0 0 22 116 0 0 116 114 46 106 24 0 0 54
videos.hw01/06_frame/583.jpg 10 14 0 0 96 176 0 0 30 136 102 86 82 8 0 40
videos.hw01/06_frame/584.jpg 182 78 0 0 72 110 0 0 92 208 82 66 146 148 0 106
videos.hw01/06_frame/585.jpg 98 18 0 0 50 58 0 0 114 132 128 70 114 16 0 134
videos.hw01/06_frame/586.jpg 154 208 0 0 276 66 0 0 116 298 98 70 170 144 0 80
videos.hw01/06_frame/587.jpg 170 18 0 0 104 28 0 0 66 212 104 72 224 74 0 108
videos.hw01/06_frame/588.jpg 22 36 0 0 28 94 0 0 28 160 82 98 18 20 0 106
videos.hw01/06_frame/589.jpg 96 76 0 0 190 50 0 0 124 92 90 58 110 84 0 112
videos.hw01/06_frame/590.jpg 112 128 0 0 24 156 0 0 76 126 86 78 158 20 0 84
videos.hw01/06_frame/591.jpg 0 8 0 0 8 64 0 0 14 168 64 68 32 46 2 72
videos.hw01/06_frame/592.jpg 66 116 0 0 0 110 0 0 12 110 100 52 8 68 4 110
videos.hw01/06_frame/593.jpg 40 94 0 0 56 96 0 0 6 140 54 68 32 30 10 128
videos.hw01/06_frame/594.jpg 12 20 0 0 72 84 0 0 18 120 60 66 0 22 16 86
videos.hw01/06_frame/595.jpg 66 48 0 0 76 98 0 0 32 164 66 68 54 152 16 132
videos.hw01/06_frame/596.jpg 32 36 0 0 0 34 0 0 2 176 72 52 0 82 22 76
videos.hw01/06_frame/597.jpg 0 24 0 0 0 26 0 0 0 96 76 68 0 24 42 100
videos.hw01/06_frame/598.jpg 0 32 0 0 0 18 0 0 4 128 86 30 6 10 20 92
videos.hw01/06_frame/599.jpg 80 80 0 0 8 74 0 0 58 162 74 46 152 72 28 74
videos.hw01/06_frame/600.jpg 0 72 0 0 0 30 0 0 0 200 92 66 132 40 34 60
videos.hw01/06_frame/601.jpg 56 62 0 0 180 198 0 0 88 176 76 42 154 148 16 96
videos.hw01/06_frame/602.jpg 44 70 0 0 168 30 0 0 58 144 34 52 76 268 26 64
videos.hw01/06_frame/603.jpg 40 82 0 0 128 42 0 0 12 142 64 58 40 112 44 70
videos.hw01/06_frame/604.jpg 72 46 0 0 0 4 0 0 6 164 104 48 0 174 40 52
videos.hw01/06_frame/605.jpg 64 90 0 0 100 26 0 0 50 102 40 50 82 88 30 82
videos.hw01/06_frame/606.jpg 56 200 0 0 32 134 0 0 212 244 68 54 86 98 46 84
videos.hw01/06_frame/607.jpg 32 14 0 0 22 32 0 0 16 102 58 48 74 26 38 68
videos.hw01/06_frame/608.jpg 48 196 0 0 0 0 0 0 72 130 58 44 24 72 46 62
videos.hw01/06_frame/609.jpg 122 74 0 0 138 22 0 0 20 88 66 44 40 56 46 102
videos.hw01/06_frame/610.jpg 50 0 0 0 48 8 0 0 114 108 98 38 62 62 16 60
videos.hw01/06_frame/611.jpg 16 0 0 0 0 18 0 0 24 146 64 32 38 38 34 78
videos.hw01/06_frame/612.jpg 24 38 0 0 8 10 0 0 16 100 100 46 10 30 26 44
videos.hw01/06_frame/613.jpg 96 128 0 0 176 116 0 0 244 140 100 44 128 118 44 68
videos.hw01/06_frame/614.jpg 126 236 0 0 126 82 0 0 90 122 98 52 128 132 16 58
videos.hw01/06_frame/615.jpg 32 108 0 0 54 14 0 0 0 110 48 74 14 92 60 46
videos.hw01/06_frame/616.jpg 138 504 0 0 378 68 0 0 132 156 110 44 102 66 106 28
videos.hw01/06_frame/617.jpg 46 10 0 0 160 38 0 0 166 124 76 26 120 34 56 72
videos.hw01/06_frame/618.jpg 82 120 0 0 110 10 0 0 0 104 68 44 24 14 68 56
videos.hw01/06_frame/619.jpg 6 38 0 0 44 8 0 0 16 96 82 74 86 102 14 46
videos.hw01/06_frame/620.jpg 0 40 0 0 74 26 0 0 98 190 68 58 126 30 22 44
videos.hw01/06_frame/621.jpg 0 0 0 0 0 0 0 0 0 82 114 52 2 18 74 32
videos.hw01/06_frame/622.jpg 0 2 0 0 130 32 0 0 90 92 78 36 98 18 62 24
videos.hw01/06_frame/623.jpg 50 0 0 0 32 8 0 0 8 90 80 54 48 20 30 44
videos.hw01/06_frame/624.jpg 16 88 0 0 72 0 0 0 80 62 68 34 68 10 22 48
videos.hw01/06_frame/625.jpg 76 160 0 0 146 70 0 0 148 178 68 30 216 100 26 52
videos.hw01/06_frame/626.jpg 14 78 0 0 22 86 0 0 16 94 92 34 128 96 28 24
videos.hw01/06_frame/627.jpg 106 44 0 0 48 30 0 0 0 100 108 32 0 50 20 26
videos.hw01/06_frame/628.jpg 14 20 0 0 0 12 0 0 0 236 36 34 0 82 62 40
videos.hw01/06_frame/629.jpg 24 62 0 0 18 2 0 0 0 82 86 24 58 14 22 82
videos.hw01/06_frame/630.jpg 46 220 0 0 110 34 0 0 2 86 42 52 76 36 64 92
videos.hw01/06_frame/631.jpg 24 74 0 0 20 110 0 0 8 162 42 44 38 56 50 72
videos.hw01/06_frame/632.jpg 6 20 0 0 148 22 0 0 16 92 34 50 40 16 26 44
videos.hw01/06_frame/633.jpg 8 30 0 0 120 0 0 0 18 82 42 34 78 46 18 38
videos.hw01/06_frame/634.jpg 32 24 0 0 14 14 0 0 0 130 52 34 48 20 42 28
videos.hw01/06_frame/635.jpg 70 82 0 0 4 2 0 0 0 98 38 46 0 22 22 26
videos.hw01/06_frame/636.jpg 16 46 0 0 8 98 0 0 18 82 66 54 68 38 36 32
videos.hw01/06_frame/637.jpg 14 104 0 0 190 48 0 0 22 64 54 42 108 70 32 28
videos.hw01/06_frame/638.jpg 40 368 0 0 28 42 0 0 16 40 76 48 188 20 42 40
videos.hw01/06_frame/639.jpg 32 176 0 0 70 32 0 0 0 44 106 36 8 26 20 36
videos.hw01/06_frame/640.jpg 8 78 0 0 48 94 0 0 0 134 122 36 136 92 50 38
videos.hw01/06_frame/641.jpg 36 50 0 0 10 126 0 0 16 74 126 60 16 30 20 54
videos.hw01/06_frame/642.jpg 0 4 0 0 0 0 0 0 66 58 100 54 0 22 8 28
videos.hw01/06_frame/643.jpg 8 116 0 0 16 0 0 0 0 100 90 32 50 24 10 34
videos.hw01/06_frame/644.jpg 130 18 0 0 186 0 0 0 0 64 84 54 0 112 50 44
videos.hw01/06_frame/645.jpg 10 38 0 0 0 0 0 0 14 94 100 52 6 14 6 62
videos.hw01/06_frame/646.jpg 60 58 0 0 238 60 0 0 126 222 94 50 382 156 28 64
videos.hw01/06_frame/647.jpg 98 132 0 0 0 36 0 0 44 62 66 58 18 14 26 64
videos.hw01/06_frame/648.jpg 40 40 0 0 58 8 0 0 82 150 40 20 12 18 20 18
videos.hw01/06_frame/649.jpg 68 392 0 0 28 108 0 0 16 130 64 44 344 44 66 78
videos.hw01/06_frame/650.jpg 70 48 0 0 96 34 0 0 18 114 84 42 0 66 12 34
videos.hw01/06_frame/651.jpg 0 24 0 0 18 8 0 0 66 118 66 48 108 18 52 40
videos.hw01/06_frame/652.jpg 0 240 0 0 74 48 0 0 8 136 82 38 0 36 42 54
videos.hw01/06_frame/653.jpg 32 24 0 0 116 10 0 0 0 108 52 36 8 26 38 22
videos.hw01/06_frame/654.jpg 8 14 0 0 48 16 0 0 0 170 30 42 204 42 38 66
videos.hw01/06_frame/655.jpg 0 28 0 0 140 26 0 0 0 154 50 30 30 52 38 54
videos.hw01/06_frame/656.jpg 0 30 0 0 2 34 0 0 0 96 22 36 16 64 38 28
videos.hw01/06_frame/657.jpg 50 18 0 0 46 0 0 0 10 150 64 56 34 42 28 50
videos.hw01/06_frame/658.jpg 0 36 0 0 0 0 0 0 0 172 80 34 78 60 32 46
videos.hw01/06_frame/659.jpg 42 42 0 0 0 8 0 0 0 146 52 42 8 36 30 60
videos.hw01/06_frame/660.jpg 18 68 0 0 10 2 0 0 0 70 82 34 0 34 32 52
videos.hw01/06_frame/661.jpg 36 110 0 0 104 84 0 0 32 134 66 42 254 48 36 56
videos.hw01/06_frame/662.jpg 102 106 0 0 80 56 0 0 18 186 60 24 120 84 42 46
videos.hw01/06_frame/663.jpg 0 20 0 0 2 44 0 0 92 178 148 44 0 86 50 42
videos.hw01/06_frame/664.jpg 24 8 0 0 124 6 0 0 0 184 86 36 18 92 46 88
videos.hw01/06_frame/665.jpg 100 54 0 0 36 54 0 0 70 100 88 46 82 118 50 60
videos.hw01/06_frame/666.jpg 20 86 0 0 44 16 0 0 0 118 104 56 54 74 42 54
videos.hw01/06_frame/667.jpg 36 48 0 0 54 14 0 0 56 130 154 30 88 72 24 96
videos.hw01/06_frame/668.jpg 34 74 0 0 122 50 0 0 0 126 112 40 174 54 70 76
videos.hw01/06_frame/669.jpg 32 26 0 0 68 0 0 0 8 100 72 34 0 84 44 60
videos.hw01/06_frame/670.jpg 0 0 0 0 34 0 0 0 0 110 120 60 0 52 40 44
videos.hw01/06_frame/671.jpg 8 8 0 0 42 4 0 0 0 80 102 60 0 68 88 96
videos.hw01/06_frame/672.jpg 10 26 0 0 56 0 0 0 98 102 110 52 0 64 38 72
videos.hw01/06_frame/673.jpg 124 266 0 0 188 42 0 0 38 154 68 44 138 52 82 92
videos.hw01/06_frame/674.jpg 80 318 0 0 66 12 0 0 10 84 100 46 22 106 34 90
videos.hw01/06_frame/675.jpg 64 162 0 0 68 28 0 0 22 110 118 58 100 50 56 144
videos.hw01/06_frame/676.jpg 52 112 0 0 96 68 0 0 194 270 62 50 110 82 58 68
videos.hw01/06_frame/677.jpg 28 32 0 0 76 12 0 0 42 112 76 32 24 74 34 36
videos.hw01/06_frame/678.jpg 28 70 0 0 60 22 0 0 40 64 84 64 62 72 36 84
videos.hw01/06_frame/679.jpg 0 12 0 0 48 24 0 0 36 64 90 60 34 54 84 40
videos.hw01/06_frame/680.jpg 72 28 0 0 0 28 0 0 24 62 48 40 52 116 22 68
videos.hw01/06_frame/681.jpg 6 2 0 0 40 0 0 0 36 36 48 20 40 42 56 104
videos.hw01/06_frame/682.jpg 0 22 0 0 8 30 0 0 0 78 56 28 6 38 38 46
videos.hw01/06_frame/683.jpg 114 0 0 0 0 20 0 0 56 276 58 26 38 40 58 66
videos.hw01/06_frame/684.jpg 48 128 0 0 248 2 0 0 114 102 30 26 22 84 50 82
videos.hw01/06_frame/685.jpg 108 208 0 0 112 32 0 0 166 164 60 24 128 92 88 18
videos.hw01/06_frame/686.jpg 152 20 0 0 80 36 0 0 142 80 44 16 160 104 78 68
videos.hw01/06_frame/687.jpg 50 8 0 0 104 22 0 0 100 42 62 22 66 78 94 56
videos.hw01/06_frame/688.jpg 0 0 0 0 16 24 0 0 0 86 72 30 0 64 58 86
videos.hw01/06_frame/689.jpg 16 0 0 0 32 0 0 0 68 72 68 36 56 66 34 92
videos.hw01/06_frame/690.jpg 138 0 0 0 90 0 0 0 0 52 50 34 8 52 46 102
videos.hw01/06_frame/691.jpg 38 4 0 0 78 18 0 0 114 206 50 30 16 150 90 132
videos.hw01/06_frame/692.jpg 0 48 0 0 64 88 0 0 34 146 42 24 108 70 86 66
videos.hw01/06_frame/693.jpg 234 58 0 0 42 74 0 0 8 84 42 24 32 62 30 96
videos.hw01/06_frame/694.jpg 152 66 0 0 32 128 0 0 82 118 38 26 8 132 38 76
videos.hw01/06_frame/695.jpg 14 126 0 0 38 82 0 0 162 92 28 20 40 48 48 44
videos.hw01/06_frame/696.jpg 70 72 0 0 154 12 0 0 8 188 24 14 26 46 58 102
videos.hw01/06_frame/697.jpg 158 284 0 0 108 48 0 0 130 68 48 22 132 88 38 72
videos.hw01/06_frame/698.jpg 34 56 0 0 64 130 0 0 150 90 44 22 150 46 90 68
videos.hw01/06_frame/699.jpg 16 18 0 0 70 44 0 0 12 74 36 12 42 82 116 90
videos.hw01/06_frame/700.jpg 114 72 0 0 114 40 0 0 8 56 64 12 30 100 82 52
videos.hw01/06_frame/701.jpg 14 10 0 0 8 12 0 0 2 58 36 10 102 112 126 126
videos.hw01/06_frame/702.jpg 58 58 0 0 0 146 0 0 0 56 56 14 32 120 144 68
videos.hw01/06_frame/703.jpg 0 40 0 0 8 8 0 0 10 48 48 8 0 88 78 88
videos.hw01/06_frame/704.jpg 74 18 0 0 96 2 0 0 32 98 38 14 16 42 82 64
videos.hw01/06_frame/705.jpg 0 0 0 0 202 4 0 0 0 32 50 14 40 68 92 120
videos.hw01/06_frame/706.jpg 130 100 0 0 332 144 0 0 110 74 48 10 378 100 100 104
videos.hw01/06_frame/707.jpg 42 70 0 0 118 22 0 0 42 42 66 14 82 52 56 134
videos.hw01/06_frame/708.jpg 78 106 0 0 82 64 0 0 4 134 50 14 74 96 66 138
videos.hw01/06_frame/709.jpg 236 74 0 0 60 48 0 0 104 60 142 22 88 72 84 100
videos.hw01/06_frame/710.jpg 60 86 0 0 60 28 0 0 42 108 86 10 218 98 68 86
videos.hw01/06_frame/711.jpg 40 6 0 0 22 10 0 0 38 48 62 18 96 84 60 112
videos.hw01/06_frame/712.jpg 72 14 0 0 68 92 0 0 16 72 48 14 28 50 102 142
videos.hw01/06_frame/713.jpg 68 34 0 0 216 52 0 0 12 50 34 26 32 68 122 120
videos.hw01/06_frame/714.jpg 50 20 0 0 36 12 0 0 218 12 38 22 26 142 126 78
videos.hw01/06_frame/715.jpg 0 162 0 0 84 2 0 0 2 8 22 20 32 50 132 96
videos.hw01/06_frame/716.jpg 16 76 0 0 146 152 0 0 62 72 34 10 0 74 90 152
videos.hw01/06_frame/717.jpg 66 8 0 0 0 8 0 0 0 2 32 26 0 60 104 94
videos.hw01/06_frame/718.jpg 36 40 0 0 0 4 0 0 4 20 50 32 74 70 40 108
videos.hw01/06_frame/719.jpg 90 144 0 0 0 32 0 0 0 190 10 22 152 76 82 158
videos.hw01/06_frame/720.jpg 62 100 0 0 94 58 0 0 46 118 24 18 104 78 84 76
videos.hw01/06_frame/721.jpg 62 234 0 0 48 52 0 0 64 252 36 14 88 70 78 130
videos.hw01/06_frame/722.jpg 72 84 0 0 104 62 0 0 4 100 18 8 88 92 114 82
videos.hw01/06_frame/723.jpg 10 96 0 0 42 16 0 0 26 98 38 22 116 136 42 74
videos.hw01/06_frame/724.jpg 182 270 0 0 94 138 0 0 6 166 22 14 72 96 134 138
videos.hw01/06_frame/725.jpg 90 174 0 0 26 92 0 0 68 176 38 14 94 144 82 172
videos.hw01/06_frame/726.jpg 50 110 0 0 148 44 0 0 34 34 34 8 102 96 74 110
videos.hw01/06_frame/727.jpg 90 34 0 0 84 0 0 0 104 138 18 8 220 46 82 94
videos.hw01/06_frame/728.jpg 0 0 0 0 20 6 0 0 8 118 8 4 40 56 82 98
videos.hw01/06_frame/729.jpg 6434 6838 9600 6690 5568 2882 2654 2220 7746 3644 2782 4508 5444 4762 8530 8558
videos.hw01/06_frame/730.jpg 154 82 570 110 528 454 536 502 946 832 386 456 136 446 1092 578
videos.hw01/06_frame/731.jpg 760 130 478 282 888 390 526 536 952 938 1540 408 434 398 688 562
videos.hw01/06_frame/732.jpg 894 98 386 236 912 490 648 632 762 672 1016 978 420 232 190 764
videos.hw01/06_frame/733.jpg 554 268 530 474 726 328 518 492 588 718 738 1092 224 428 286 708
videos.hw01/06_frame/734.jpg 794 588 492 888 872 238 324 14 794 532 940 766 48 664 64 1104
videos.hw01/06_frame/735.jpg 816 388 636 1444 656 568 106 42 1300 528 600 372 1576 666 176 1024
videos.hw01/06_frame/736.jpg 1058 1632 238 1056 840 582 118 52 630 400 800 1174 1638 226 624 866
videos.hw01/06_frame/737.jpg 556 678 626 322 866 540 112 268 1246 398 636 586 926 884 678 1350
videos.hw01/06_frame/738.jpg 974 564 446 248 542 578 140 522 574 520 384 198 448 940 174 704
videos.hw01/06_frame/739.jpg 1106 1620 222 136 678 700 90 314 676 632 532 344 384 554 708 838
videos.hw01/06_frame/740.jpg 738 1606 226 238 718 712 204 238 1340 968 538 348 892 1624 662 244
videos.hw01/06_frame/741.jpg 836 1076 530 126 446 606 182 254 956 426 642 352 852 372 236 96
videos.hw01/06_frame/742.jpg 390 388 206 236 624 662 192 316 736 600 292 242 968 554 682 134
videos.hw01/06_frame/743.jpg 976 674 812 242 740 892 236 194 808 1062 598 374 1074 756 570 28
videos.hw01/06_frame/744.jpg 712 450 454 316 628 842 250 94 804 822 536 466 254 338 54 12
videos.hw01/06_frame/745.jpg 402 442 906 204 648 918 202 232 642 404 362 576 490 162 174 130
videos.hw01/06_frame/746.jpg 208 420 194 108 872 956 422 156 688 576 668 456 260 298 42 268
videos.hw01/06_frame/747.jpg 206 1102 496 156 844 602 488 228 482 584 612 916 640 1128 368 304
videos.hw01/06_frame/748.jpg 104 270 454 308 368 438 622 210 346 600 408 406 182 324 212 306
videos.hw01/06_frame/749.jpg 132 484 164 198 396 328 652 238 362 426 324 488 216 56 80 476
videos.hw01/06_frame/750.jpg 118 652 632 194 382 470 612 100 254 264 284 1086 428 104 48 466
videos.hw01/06_frame/751.jpg 150 446 988 306 426 290 446 202 378 352 288 390 472 48 616 464
videos.hw01/06_frame/752.jpg 30 586 48 172 358 444 330 320 508 382 308 176 280 72 320 618
videos.hw01/06_frame/753.jpg 92 474 304 184 344 338 344 374 324 484 370 208 358 292 40 148
videos.hw01/06_frame/754.jpg 28 544 334 104 310 442 296 200 308 382 332 304 224 60 436 258
videos.hw01/06_frame/755.jpg 136 188 142 114 326 540 410 432 286 456 326 588 112 8 298 158
videos.hw01/06_frame/756.jpg 44 564 570 116 290 490 428 410 312 370 288 818 550 112 206 188
videos.hw01/06_frame/757.jpg 204 274 204 230 352 538 558 448 492 524 500 622 716 326 1004 186
videos.hw01/06_frame/758.jpg 196 498 324 360 380 508 670 648 310 630 390 1046 68 528 814 288
videos.hw01/06_frame/759.jpg 330 298 414 130 394 732 796 638 572 744 378 548 724 302 1122 352
videos.hw01/06_frame/760.jpg 122 354 52 62 370 530 690 780 402 430 502 886 462 92 726 288
videos.hw01/06_frame/761.jpg 32 566 168 182 446 480 828 552 420 560 598 646 232 32 1394 444
videos.hw01/06_frame/762.jpg 62 80 280 176 426 682 846 520 464 580 316 888 540 86 508 312
videos.hw01/06_frame/763.jpg 170 256 108 122 354 408 674 566 376 520 412 1214 240 260 636 308
videos.hw01/06_frame/764.jpg 152 684 180 226 302 430 524 790 316 584 202 256 504 24 484 296
videos.hw01/06_frame/765.jpg 74 272 168 134 324 312 536 540 340 912 338 562 222 352 816 362
videos.hw01/06_frame/766.jpg 124 434 306 298 320 540 824 548 598 594 520 892 100 42 980 590
videos.hw01/06_frame/767.jpg 32 264 378 244 160 426 296 260 684 692 482 360 180 242 482 412
videos.hw01/06_frame/768.jpg 88 516 144 318 104 394 228 240 726 628 958 846 170 134 1668 1060
videos.hw01/06_frame/769.jpg 30 168 246 136 162 208 142 266 628 520 836 170 140 382 544 696
videos.hw01/06_frame/770.jpg 18 214 224 168 42 290 52 118 440 556 680 398 222 128 556 722
videos.hw01/06_frame/771.jpg 22 402 312 160 70 298 38 410 436 362 440 476 20 68 204 512
videos.hw01/06_frame/772.jpg 40 262 272 180 58 398 56 474 324 318 522 372 116 232 172 258
videos.hw01/06_frame/773.jpg 120 160 320 110 22 314 124 248 126 288 340 406 90 8 86 474
videos.hw01/06_frame/774.jpg 28 52 94 28 32 162 114 432 120 182 192 248 48 8 398 382
videos.hw01/06_frame/775.jpg 208 122 218 90 14 288 104 228 82 190 238 322 24 180 114 134
videos.hw01/06_frame/776.jpg 2 26 198 44 46 210 82 198 54 188 360 172 2 6 118 272
videos.hw01/06_frame/777.jpg 2 274 122 22 46 482 122 182 100 152 398 360 34 82 116 200
videos.hw01/06_frame/778.jpg 6 304 336 424 52 526 86 276 240 300 468 298 0 152 140 422
videos.hw01/06_frame/779.jpg 10 314 44 168 68 602 88 100 336 400 336 176 18 92 76 440
videos.hw01/06_frame/780.jpg 12 378 122 254 100 420 20 100 284 270 406 190 82 4 230 532
videos.hw01/06_frame/781.jpg 80 318 182 112 148 444 138 446 386 262 458 142 8 164 226 480
videos.hw01/06_frame/782.jpg 0 324 24 224 58 312 130 176 234 292 324 196 88 112 348 306
videos.hw01/06_frame/783.jpg 0 358 96 48 34 554 164 408 74 244 432 398 22 66 476 1052
videos.hw01/06_frame/784.jpg 0 370 74 262 60 436 88 436 122 354 290 722 126 156 414 322
videos.hw01/06_frame/785.jpg 0 416 60 248 66 308 128 574 152 258 326 354 16 64 288 474
videos.hw01/06_frame/786.jpg 128 372 40 136 74 190 62 314 182 394 570 354 32 164 412 444
videos.hw01/06_frame/787.jpg 0 246 322 308 26 88 134 512 282 434 586 406 124 318 288 486
videos.hw01/06_frame/788.jpg 0 16 400 88 94 358 58 438 372 584 600 432 192 368 366 896
videos.hw01/06_frame/789.jpg 436 50 148 72 72 152 184 478 400 480 644 316 168 442 234 986
videos.hw01/06_frame/790.jpg 9242 9600 9600 6398 8920 9600 9598 8816 7604 8576 5890 2980 8592 9600 7764 8688
videos.hw01/06_frame/791.jpg 220 190 0 160 144 20 10 160 246 104 186 114 68 72 70 152
videos.hw01/06_frame/792.jpg 288 120 0 0 234 60 4 0 260 172 114 0 98 30 74 0
videos.hw01/06_frame/793.jpg 190 86 0 0 362 18 0 0 150 176 124 0 116 56 62 0
videos.hw01/06_frame/794.jpg 136 146 0 0 174 108 0 0 160 146 98 0 64 94 56 0
videos.hw01/06_frame/795.jpg 208 50 0 0 84 82 0 0 94 130 76 0 114 66 46 0
videos.hw01/06_frame/796.jpg 72 72 0 0 138 60 0 0 256 124 148 0 80 26 104 0
videos.hw01/06_frame/797.jpg 86 0 0 0 80 8 0 0 154 122 192 0 98 64 130 0
videos.hw01/06_frame/798.jpg 24 42 0 0 76 44 0 0 224 132 254 0 76 98 182 0
videos.hw01/06_frame/799.jpg 172 52 0 0 228 58 0 0 112 158 104 0 84 10 82 0
videos.hw01/06_frame/800.jpg 70 56 0 0 126 34 0 0 172 172 106 6 126 18 132 0
videos.hw01/06_frame/801.jpg 204 58 0 0 98 24 0 0 176 108 108 22 292 26 102 0
videos.hw01/06_frame/802.jpg 216 136 0 0 56 54 0 0 80 140 226 56 40 90 94 0
videos.hw01/06_frame/803.jpg 38 26 0 0 98 96 0 0 146 164 136 74 128 6 70 0
videos.hw01/06_frame/804.jpg 40 36 0 0 96 8 0 0 136 132 98 28 126 80 68 0
videos.hw01/06_frame/805.jpg 156 206 0 0 90 320 0 0 150 142 120 54 188 106 74 0
videos.hw01/06_frame/806.jpg 96 84 0 0 88 230 0 0 126 172 114 34 102 14 116 8
videos.hw01/06_frame/807.jpg 38 14 0 0 78 4 0 0 154 106 108 74 100 88 74 10
videos.hw01/06_frame/808.jpg 332 86 0 0 224 74 0 0 64 104 98 98 98 46 102 16
videos.hw01/06_frame/809.jpg 286 42 0 0 222 90 0 0 164 174 96 66 106 14 140 54
videos.hw01/06_frame/810.jpg 106 128 0 0 88 50 0 0 42 136 74 36 38 0 72 42
videos.hw01/06_frame/811.jpg 116 180 0 0 68 160 0 0 242 176 110 112 180 116 116 76
videos.hw01/06_frame/812.jpg 100 82 0 0 72 378 0 0 442 272 194 158 222 40 128 126
videos.hw01/06_frame/813.jpg 58 88 0 0 142 44 0 0 304 96 102 50 124 44 144 104
videos.hw01/06_frame/814.jpg 122 114 0 0 272 126 0 0 512 160 68 52 248 52 152 136
videos.hw01/06_frame/815.jpg 294 84 0 0 298 180 0 0 632 172 114 142 266 226 138 130
videos.hw01/06_frame/816.jpg 58 248 0 0 178 122 0 0 222 136 166 106 18 36 52 70
videos.hw01/06_frame/817.jpg 176 86 0 0 178 98 0 0 234 178 114 100 386 142 48 114
videos.hw01/06_frame/818.jpg 350 190 0 0 250 90 0 0 250 150 108 168 188 120 56 98
videos.hw01/06_frame/819.jpg 108 110 0 0 326 202 0 0 278 130 164 84 172 152 14 72
videos.hw01/06_frame/820.jpg 40 80 0 0 126 46 0 0 108 126 90 156 74 80 4 74
videos.hw01/06_frame/821.jpg 118 60 0 0 228 44 0 0 124 206 78 104 114 44 0 74
videos.hw01/06_frame/822.jpg 10 44 0 0 70 62 0 0 46 118 84 90 56 16 0 66
videos.hw01/06_frame/823.jpg 32 24 0 0 80 24 0 0 32 102 96 140 58 70 0 48
videos.hw01/06_frame/824.jpg 16 0 0 0 108 24 0 0 82 104 104 72 152 18 0 94
videos.hw01/06_frame/825.jpg 52 38 0 0 174 44 0 0 56 126 138 56 78 112 0 78
videos.hw01/06_frame/826.jpg 62 170 0 0 208 88 0 0 44 142 158 72 128 26 0 70
videos.hw01/06_frame/827.jpg 128 36 0 0 34 4 0 0 58 92 68 82 34 58 0 72
videos.hw01/06_frame/828.jpg 0 16 0 0 94 10 0 0 112 78 116 78 44 16 0 108
videos.hw01/06_frame/829.jpg 340 76 0 0 202 118 0 0 74 150 54 60 88 96 0 92
videos.hw01/06_frame/830.jpg 32 38 0 0 96 134 0 0 94 82 76 62 26 28 0 62
videos.hw01/06_frame/831.jpg 28 20 0 0 80 80 0 0 70 172 92 54 8 2 0 102
videos.hw01/06_frame/832.jpg 108 170 0 0 230 80 0 0 84 112 128 70 50 16 0 110
videos.hw01/06_frame/833.jpg 32 0 0 0 30 2 0 0 88 80 124 70 104 30 0 82
videos.hw01/06_frame/834.jpg 16 0 0 0 26 8 0 0 106 210 82 88 138 10 0 58
videos.hw01/06_frame/835.jpg 110 28 0 0 52 8 0 0 158 68 76 80 96 26 0 54
videos.hw01/06_frame/836.jpg 104 66 0 0 90 32 0 0 44 94 114 100 12 8 0 100
videos.hw01/06_frame/837.jpg 98 8 0 0 144 90 0 0 84 98 136 118 128 74 0 70
videos.hw01/06_frame/838.jpg 96 4 0 0 124 80 0 0 60 96 196 76 88 6 0 74
videos.hw01/06_frame/839.jpg 50 10 0 0 62 0 0 0 44 80 116 72 80 8 0 110
videos.hw01/06_frame/840.jpg 70 6 0 0 70 38 0 0 104 178 132 118 72 6 0 60
videos.hw01/06_frame/841.jpg 118 14 0 0 160 150 0 0 154 162 132 90 140 122 0 138
videos.hw01/06_frame/842.jpg 148 64 0 0 176 86 0 0 146 116 126 142 140 30 0 120
videos.hw01/06_frame/843.jpg 156 100 0 0 194 16 0 0 88 96 98 146 60 26 0 122
videos.hw01/06_frame/844.jpg 134 0 0 0 98 36 0 0 74 136 190 86 74 24 0 66
videos.hw01/06_frame/845.jpg 180 212 0 0 284 134 0 0 154 240 166 112 58 28 0 118
videos.hw01/06_frame/846.jpg 146 72 0 0 148 34 0 0 260 110 138 126 90 12 0 66
videos.hw01/06_frame/847.jpg 32 72 0 0 68 4 0 0 90 332 106 88 88 12 0 88
videos.hw01/06_frame/848.jpg 428 84 0 0 220 94 0 0 144 120 120 96 146 42 0 78
videos.hw01/06_frame/849.jpg 228 160 0 0 324 268 0 0 194 156 130 66 132 12 0 50
videos.hw01/06_frame/850.jpg 66 90 0 0 164 10 0 0 102 122 196 60 48 82 0 86
videos.hw01/06_frame/851.jpg 272 110 0 0 168 76 0 0 242 252 200 80 188 16 0 62
videos.hw01/06_frame/852.jpg 236 360 0 0 128 58 0 0 136 228 100 82 104 42 0 126
videos.hw01/06_frame/853.jpg 216 144 0 0 192 120 0 0 150 110 118 60 114 82 0 76
videos.hw01/06_frame/854.jpg 282 112 0 0 348 116 0 0 196 218 158 62 154 98 0 98
videos.hw01/06_frame/855.jpg 142 124 0 0 196 76 0 0 162 88 84 56 90 82 0 114
videos.hw01/06_frame/856.jpg 114 40 0 0 94 46 0 0 194 268 236 98 104 70 0 36
videos.hw01/06_frame/857.jpg 198 122 0 0 106 64 0 0 342 176 160 96 178 30 0 140
videos.hw01/06_frame/858.jpg 144 128 0 0 92 80 0 0 90 192 206 56 66 18 0 138
videos.hw01/06_frame/859.jpg 164 4 0 0 78 40 0 0 68 114 138 94 40 24 0 134
videos.hw01/06_frame/860.jpg 54 120 0 0 100 52 0 0 98 112 228 104 154 18 0 152
videos.hw01/06_frame/861.jpg 110 0 0 0 88 8 0 0 86 130 202 120 98 106 0 76
videos.hw01/06_frame/862.jpg 286 6 0 0 220 70 0 0 186 158 102 134 380 22 0 168
videos.hw01/06_frame/863.jpg 200 112 0 0 176 214 0 0 226 114 180 128 180 148 0 150
videos.hw01/06_frame/864.jpg 90 8 0 0 250 32 0 0 218 224 168 124 398 30 0 64
videos.hw01/06_frame/865.jpg 144 210 0 0 228 50 0 0 278 152 88 210 130 156 0 96
videos.hw01/06_frame/866.jpg 118 68 0 0 100 18 0 0 326 114 124 98 100 36 0 70
videos.hw01/06_frame/867.jpg 80 128 0 0 102 22 0 0 150 180 66 102 198 40 0 92
videos.hw01/06_frame/868.jpg 136 120 0 0 106 84 0 0 264 178 134 98 166 24 0 92
videos.hw01/06_frame/869.jpg 120 86 0 0 196 46 0 0 330 136 74 72 246 84 0 58
videos.hw01/06_frame/870.jpg 172 56 0 0 200 122 0 0 222 60 72 62 118 18 0 78
videos.hw01/06_frame/871.jpg 222 140 0 0 314 134 0 0 250 108 96 96 218 98 0 108
videos.hw01/06_frame/872.jpg 32 8 0 0 52 82 0 0 156 84 70 76 164 152 0 74
videos.hw01/06_frame/873.jpg 64 122 0 0 130 16 0 0 176 210 84 76 80 40 0 74
videos.hw01/06_frame/874.jpg 106 206 0 0 330 22 0 0 202 124 116 74 192 62 0 84
videos.hw01/06_frame/875.jpg 184 170 0 0 152 36 0 0 120 134 116 74 174 32 0 80
videos.hw01/06_frame/876.jpg 94 124 0 0 256 140 0 0 214 128 180 66 178 180 0 78
videos.hw01/06_frame/877.jpg 104 130 0 0 266 92 0 0 132 104 160 76 124 156 0 146
videos.hw01/06_frame/878.jpg 32 42 0 0 190 122 0 0 222 92 90 68 182 38 0 84
videos.hw01/06_frame/879.jpg 144 532 0 0 314 466 0 0 196 124 114 80 288 154 0 42
videos.hw01/06_frame/880.jpg 152 54 0 0 142 204 0 0 190 160 112 104 186 50 0 82
videos.hw01/06_frame/881.jpg 74 84 0 0 232 62 0 0 152 186 92 90 102 62 0 70
videos.hw01/06_frame/882.jpg 82 114 0 0 222 124 0 0 234 160 66 80 310 58 0 74
videos.hw01/06_frame/883.jpg 156 172 0 0 326 272 0 0 458 152 124 38 114 34 0 122
videos.hw01/06_frame/884.jpg 50 38 0 0 220 278 0 0 144 112 164 74 266 44 0 56
videos.hw01/06_frame/885.jpg 154 112 0 0 266 236 0 0 388 174 76 52 200 84 0 128
videos.hw01/06_frame/886.jpg 64 136 0 0 284 120 0 0 224 234 114 86 222 288 0 58
videos.hw01/06_frame/887.jpg 130 126 0 0 114 146 0 0 376 116 158 70 38 162 0 68
videos.hw01/06_frame/888.jpg 34 92 0 0 170 104 0 0 392 186 88 56 200 40 0 88
videos.hw01/06_frame/889.jpg 266 108 0 0 280 156 0 0 324 242 90 68 112 28 0 52
videos.hw01/06_frame/890.jpg 94 132 0 0 248 136 0 0 190 126 88 54 184 100 0 64
videos.hw01/06_frame/891.jpg 190 64 0 0 384 108 0 0 196 134 80 52 212 190 0 76
videos.hw01/06_frame/892.jpg 470 166 0 0 184 32 0 0 186 300 124 58 378 56 0 66
videos.hw01/06_frame/893.jpg 116 202 0 0 152 12 0 0 88 166 98 42 196 174 0 96
videos.hw01/06_frame/894.jpg 134 80 0 0 352 56 0 0 218 148 102 70 222 246 0 66
videos.hw01/06_frame/895.jpg 256 220 0 0 118 192 0 0 330 246 102 46 402 18 0 38
videos.hw01/06_frame/896.jpg 94 60 0 0 296 68 0 0 198 182 122 76 84 150 0 84
videos.hw01/06_frame/897.jpg 162 108 0 0 172 24 0 0 192 154 160 46 96 16 0 98
videos.hw01/06_frame/898.jpg 122 178 0 0 192 92 0 0 110 112 108 44 190 26 0 98
videos.hw01/06_frame/899.jpg 168 168 0 0 56 36 0 0 140 110 86 60 160 24 0 62
videos.hw01/06_frame/900.jpg 84 14 0 0 44 16 0 0 14 128 116 64 78 48 0 116
videos.hw01/06_frame/901.jpg 134 102 0 0 102 106 0 0 186 116 162 36 170 34 0 136
videos.hw01/06_frame/902.jpg 128 32 0 0 104 90 0 0 284 62 116 64 64 6 0 132
videos.hw01/06_frame/903.jpg 116 28 0 0 50 80 0 0 162 106 134 86 50 2 0 78
videos.hw01/06_frame/904.jpg 124 0 0 0 130 32 0 0 136 86 132 102 122 30 0 104
videos.hw01/06_frame/905.jpg 64 96 0 0 56 40 0 0 164 114 132 116 156 22 0 98
videos.hw01/06_frame/906.jpg 486 38 0 0 218 34 0 0 294 70 102 110 192 6 0 104
videos.hw01/06_frame/907.jpg 276 10 0 0 114 2 0 0 112 74 96 90 92 16 0 74
videos.hw01/06_frame/908.jpg 74 22 0 0 80 12 0 0 50 86 78 72 342 0 0 112
videos.hw01/06_frame/909.jpg 194 370 0 0 184 34 0 0 164 146 124 88 394 38 0 70
videos.hw01/06_frame/910.jpg 238 186 0 0 94 38 0 0 62 122 136 94 158 18 0 124
videos.hw01/06_frame/911.jpg 62 30 0 0 104 24 0 0 90 92 134 66 184 6 0 76
videos.hw01/06_frame/912.jpg 222 6 0 0 26 8 0 0 54 80 94 74 98 6 0 76
videos.hw01/06_frame/913.jpg 210 54 0 0 168 50 0 0 346 132 128 46 280 54 0 86
videos.hw01/06_frame/914.jpg 78 14 0 0 82 50 0 0 228 90 104 48 226 16 0 72
videos.hw01/06_frame/915.jpg 24 0 0 0 52 0 0 0 76 106 88 78 120 0 0 44
videos.hw01/06_frame/916.jpg 178 34 0 0 92 250 0 0 284 160 64 68 88 0 0 40
videos.hw01/06_frame/917.jpg 140 238 0 0 124 56 0 0 236 96 96 64 128 0 0 86
videos.hw01/06_frame/918.jpg 42 6 0 0 42 18 0 0 36 64 156 76 196 0 0 70
videos.hw01/06_frame/919.jpg 78 146 0 0 144 154 0 0 208 124 112 80 318 48 0 62
videos.hw01/06_frame/920.jpg 238 66 0 0 64 162 0 0 276 294 134 64 98 32 0 72
videos.hw01/06_frame/921.jpg 118 46 0 0 80 34 0 0 88 58 110 42 84 6 0 112
videos.hw01/06_frame/922.jpg 300 120 0 0 130 136 0 0 230 78 144 64 108 36 0 114
videos.hw01/06_frame/923.jpg 214 48 0 0 130 106 0 0 280 72 78 56 172 46 0 90
videos.hw01/06_frame/924.jpg 140 46 0 0 36 6 0 0 38 58 72 50 10 0 0 86
videos.hw01/06_frame/925.jpg 132 64 0 0 136 164 0 0 98 94 88 54 164 26 0 92
videos.hw01/06_frame/926.jpg 330 92 0 0 154 84 0 0 174 90 122 64 180 10 0 70
videos.hw01/06_frame/927.jpg 232 64 0 0 102 48 0 0 24 70 170 60 32 34 0 78
videos.hw01/06_frame/928.jpg 162 78 0 0 124 132 0 0 154 218 160 70 226 102 0 104
videos.hw01/06_frame/929.jpg 108 118 0 0 62 58 0 0 34 124 70 36 54 48 0 100
videos.hw01/06_frame/930.jpg 66 22 0 2 56 104 0 0 44 152 112 88 240 8 0 76
videos.hw01/06_frame/931.jpg 302 136 0 2 372 494 0 0 418 192 92 82 618 176 0 70
videos.hw01/06_frame/932.jpg 84 106 0 0 64 162 0 0 106 152 84 40 146 218 0 64
videos.hw01/06_frame/933.jpg 56 6 0 0 116 36 0 0 140 118 160 60 196 24 0 106
videos.hw01/06_frame/934.jpg 170 84 0 0 56 72 0 0 148 176 114 64 98 110 0 88
videos.hw01/06_frame/935.jpg 142 72 0 0 28 56 0 0 142 224 76 48 184 54 0 86
videos.hw01/06_frame/936.jpg 10 18 0 0 64 40 0 0 90 72 84 44 332 22 64 80
videos.hw01/06_frame/937.jpg 122 84 0 0 216 64 0 0 76 166 140 54 306 188 70 68
videos.hw01/06_frame/938.jpg 202 156 0 0 134 82 0 0 46 136 138 54 188 88 70 130
videos.hw01/06_frame/939.jpg 112 40 0 0 162 164 0 0 110 92 112 42 58 56 102 58
videos.hw01/06_frame/940.jpg 68 124 0 0 198 194 0 0 64 80 132 32 110 214 54 74
videos.hw01/06_frame/941.jpg 138 176 0 0 136 150 0 0 86 132 176 38 434 230 46 130
videos.hw01/06_frame/942.jpg 48 2 0 0 104 134 0 0 260 142 76 56 278 136 68 52
videos.hw01/06_frame/943.jpg 138 138 0 0 20 94 0 0 154 82 46 76 152 110 98 76
videos.hw01/06_frame/944.jpg 168 130 0 0 48 136 0 0 272 246 76 78 230 162 66 68
videos.hw01/06_frame/945.jpg 26 18 0 0 122 74 0 0 114 56 90 50 64 34 74 128
videos.hw01/06_frame/946.jpg 84 12 0 0 148 32 0 0 52 88 50 54 18 62 114 90
videos.hw01/06_frame/947.jpg 236 80 0 0 40 218 0 0 94 172 78 44 378 18 50 86
videos.hw01/06_frame/948.jpg 306 46 0 0 138 64 0 0 72 108 108 34 38 68 22 94
videos.hw01/06_frame/949.jpg 206 36 0 0 90 70 0 0 220 64 78 62 132 60 44 116
videos.hw01/06_frame/950.jpg 188 120 0 0 104 86 0 0 50 150 100 94 68 64 42 124
videos.hw01/06_frame/951.jpg 82 32 0 0 76 58 0 0 84 52 82 70 146 102 60 66
videos.hw01/06_frame/952.jpg 490 1698 4946 1168 1350 2640 8506 1154 12 62 74 50 8 30 42 98
videos.hw01/06_frame/953.jpg 86 148 110 130 180 158 182 68 84 96 128 56 108 20 34 90
videos.hw01/06_frame/954.jpg 268 54 58 54 70 50 74 24 18 56 52 76 70 36 32 96
videos.hw01/06_frame/955.jpg 158 64 54 42 32 72 146 22 18 44 100 74 106 14 26 108
videos.hw01/06_frame/956.jpg 106 58 122 88 72 64 144 38 10 48 98 58 52 40 12 84
videos.hw01/06_frame/957.jpg 190 92 62 32 56 38 114 34 68 96 54 36 160 22 26 90
videos.hw01/06_frame/958.jpg 162 52 144 22 116 68 174 64 88 66 76 30 182 38 24 50
videos.hw01/06_frame/959.jpg 58 44 40 36 72 40 140 46 12 36 40 56 14 10 32 58
videos.hw01/06_frame/960.jpg 132 56 38 16 68 54 58 8 138 130 54 44 92 68 44 92
videos.hw01/06_frame/961.jpg 278 72 206 96 144 138 274 114 286 178 40 54 368 66 20 102
videos.hw01/06_frame/962.jpg 30 18 76 30 24 28 84 18 54 74 56 26 52 26 16 70
videos.hw01/06_frame/963.jpg 104 50 16 16 52 46 58 2 126 194 42 30 36 72 40 54
videos.hw01/06_frame/964.jpg 216 48 10 6 38 24 18 2 124 52 100 44 24 30 34 122
videos.hw01/06_frame/965.jpg 192 72 80 100 110 62 168 42 224 92 90 52 194 146 72 100
videos.hw01/06_frame/966.jpg 88 62 48 18 66 50 74 30 68 90 28 68 114 108 44 24
videos.hw01/06_frame/967.jpg 86 82 24 0 64 10 40 14 120 116 94 28 148 58 84 72
videos.hw01/06_frame/968.jpg 106 18 16 0 150 40 54 6 142 88 82 28 282 144 56 124
videos.hw01/06_frame/969.jpg 136 50 16 0 26 42 106 2 146 198 102 28 96 118 48 86
videos.hw01/06_frame/970.jpg 28 20 16 0 160 28 34 4 246 162 70 44 88 28 112 154
videos.hw01/06_frame/971.jpg 60 20 2 0 52 18 60 8 58 132 108 76 12 126 48 112
videos.hw01/06_frame/972.jpg 160 40 4 0 152 26 38 6 90 122 128 52 258 164 44 148
videos.hw01/06_frame/973.jpg 50 66 56 38 176 52 236 32 186 124 138 38 168 172 78 124
videos.hw01/06_frame/974.jpg 90 54 82 44 54 54 100 22 288 116 76 58 30 88 58 104
videos.hw01/06_frame/975.jpg 48 16 48 8 12 32 62 4 124 84 126 42 50 44 52 50
videos.hw01/06_frame/976.jpg 264 68 136 48 136 60 194 24 370 50 48 26 158 96 44 70
videos.hw01/06_frame/977.jpg 54 24 54 22 24 32 62 16 86 96 76 36 24 176 80 100
videos.hw01/06_frame/978.jpg 56 10 46 20 6 26 58 18 116 54 122 28 106 24 66 56
videos.hw01/06_frame/979.jpg 118 4 48 6 68 28 40 10 82 102 62 18 78 20 64 70
videos.hw01/06_frame/980.jpg 46 2 54 2 46 42 18 6 110 76 52 30 60 56 80 100
videos.hw01/06_frame/981.jpg 86 2 26 0 144 30 50 0 60 28 48 26 8 80 48 76
videos.hw01/06_frame/982.jpg 140 24 36 22 90 36 138 12 72 26 74 48 56 28 38 52
videos.hw01/06_frame/983.jpg 114 24 56 2 104 24 40 10 98 46 90 32 64 22 62 64
videos.hw01/06_frame/984.jpg 90 20 60 2 62 28 94 12 162 66 50 26 52 42 50 66
videos.hw01/06_frame/985.jpg 140 44 106 60 66 62 178 36 112 66 84 18 168 86 62 124
videos.hw01/06_frame/986.jpg 154 40 40 16 56 64 102 4 36 80 34 28 122 60 88 64
videos.hw01/06_frame/987.jpg 124 26 24 10 130 22 54 12 132 74 42 14 196 176 76 72
videos.hw01/06_frame/988.jpg 122 4 26 22 94 14 34 6 142 96 56 54 168 136 74 102
videos.hw01/06_frame/989.jpg 140 46 34 16 42 10 20 10 38 40 56 50 56 84 100 112
videos.hw01/06_frame/990.jpg 44 32 14 0 60 40 88 20 98 52 34 42 76 54 70 74
videos.hw01/06_frame/991.jpg 244 106 202 84 394 98 178 54 58 50 78 96 60 46 46 126
videos.hw01/06_frame/992.jpg 38 16 40 18 86 24 54 22 104 54 70 62 42 86 36 198
videos.hw01/06_frame/993.jpg 46 16 14 0 74 12 6 4 30 100 38 82 24 106 46 142
videos.hw01/06_frame/994.jpg 80 0 0 0 64 2 0 4 78 64 78 108 36 56 68 114
videos.hw01/06_frame/995.jpg 4 38 12 6 34 20 28 0 60 50 50 70 92 8 44 90
videos.hw01/06_frame/996.jpg 226 68 12 8 56 44 44 0 44 114 32 50 50 94 52 140
videos.hw01/06_frame/997.jpg 108 82 136 56 98 98 200 44 280 106 38 66 166 26 36 118
videos.hw01/06_frame/998.jpg 56 36 122 30 34 40 84 24 56 104 50 74 74 26 56 72
videos.hw01/06_frame/999.jpg 154 58 34 32 44 28 56 12 96 66 76 32 72 20 58 80
videos.hw01/06_frame/1000.jpg 22 6 8 6 30 8 30 6 98 24 52 24 10 28 82 76
videos.hw01/06_frame/1001.jpg 142 20 0 0 76 14 16 8 118 24 58 58 132 56 64 78
videos.hw01/06_frame/1002.jpg 100 38 0 0 78 18 10 6 122 54 64 40 66 14 74 26
videos.hw01/06_frame/1003.jpg 106 52 8 6 32 0 6 16 100 18 70 22 2 16 74 54
videos.hw01/06_frame/1004.jpg 20 18 0 16 66 4 22 4 6 4 50 40 0 14 70 90
videos.hw01/06_frame/1005.jpg 22 26 0 0 22 58 2 0 46 36 38 24 24 40 80 92
videos.hw01/06_frame/1006.jpg 44 32 90 16 138 82 152 32 228 20 42 26 66 20 52 58
videos.hw01/06_frame/1007.jpg 64 12 24 0 42 18 52 12 90 30 40 16 0 66 34 92
videos.hw01/06_frame/1008.jpg 158 34 60 14 58 10 28 10 92 8 26 26 60 20 54 70
videos.hw01/06_frame/1009.jpg 90 90 128 50 156 82 164 28 86 130 54 52 130 20 66 122
videos.hw01/06_frame/1010.jpg 224 50 70 26 162 46 90 16 80 78 48 24 178 82 46 72
videos.hw01/06_frame/1011.jpg 208 42 18 8 46 14 44 12 102 58 56 20 62 22 76 124
videos.hw01/06_frame/1012.jpg 90 30 18 4 100 20 28 12 28 106 24 40 204 54 88 130
videos.hw01/06_frame/1013.jpg 50 50 28 0 86 38 14 0 146 86 38 24 70 116 72 132
videos.hw01/06_frame/1014.jpg 122 12 28 0 6 26 14 0 32 40 46 50 28 18 48 86
videos.hw01/06_frame/1015.jpg 64 8 20 0 182 18 20 0 120 92 16 30 0 54 54 112
videos.hw01/06_frame/1016.jpg 234 4 20 4 100 58 18 4 110 42 54 34 58 32 60 96
videos.hw01/06_frame/1017.jpg 98 0 26 4 74 4 16 6 156 18 52 52 126 68 44 82
videos.hw01/06_frame/1018.jpg 208 12 38 10 54 14 32 2 148 64 90 36 92 98 104 74
videos.hw01/06_frame/1019.jpg 128 10 30 12 54 4 18 8 22 48 70 28 68 38 92 94
videos.hw01/06_frame/1020.jpg 100 4 14 0 46 16 40 0 52 46 28 34 4 52 34 76
videos.hw01/06_frame/1021.jpg 258 44 130 50 264 88 218 58 338 84 48 34 52 326 50 124
videos.hw01/06_frame/1022.jpg 88 24 100 8 30 42 84 16 78 32 40 16 34 20 60 38
videos.hw01/06_frame/1023.jpg 2 12 20 12 14 26 42 14 8 0 54 12 88 34 28 84
videos.hw01/06_frame/1024.jpg 100 44 92 18 48 92 92 14 138 8 42 0 54 22 80 114
videos.hw01/06_frame/1025.jpg 28 14 20 8 72 32 22 16 102 0 40 0 62 18 62 110
videos.hw01/06_frame/1026.jpg 120 8 6 18 28 18 16 6 112 2 58 0 98 26 52 78
videos.hw01/06_frame/1027.jpg 58 6 18 8 50 16 42 4 0 34 32 0 6 24 92 86
videos.hw01/06_frame/1028.jpg 52 12 8 18 60 36 16 24 46 54 38 0 88 140 96 62
videos.hw01/06_frame/1029.jpg 66 4 40 14 12 10 8 16 112 48 38 0 28 24 66 50
videos.hw01/06_frame/1030.jpg 112 16 46 30 110 30 116 8 126 20 32 0 18 60 76 58
videos.hw01/06_frame/1031.jpg 64 18 48 34 80 34 48 4 96 66 26 0 24 24 96 120
videos.hw01/06_frame/1032.jpg 70 20 34 4 40 8 48 0 32 12 12 0 0 20 72 76
videos.hw01/06_frame/1033.jpg 162 106 78 62 48 68 130 26 136 54 12 0 98 26 64 50
videos.hw01/06_frame/1034.jpg 116 36 54 24 8 38 92 18 24 22 10 0 212 34 52 108
videos.hw01/06_frame/1035.jpg 24 4 32 2 36 40 32 16 62 16 14 0 26 30 98 84
videos.hw01/06_frame/1036.jpg 178 74 132 16 28 94 108 56 40 88 20 0 182 38 70 130
videos.hw01/06_frame/1037.jpg 84 8 30 2 48 18 90 24 76 40 4 0 146 84 50 86
videos.hw01/06_frame/1038.jpg 60 18 36 18 54 32 50 16 132 94 4 0 156 76 40 90
videos.hw01/06_frame/1039.jpg 250 4 22 2 106 28 48 8 282 80 0 0 174 218 80 74
videos.hw01/06_frame/1040.jpg 176 26 30 0 66 16 50 8 248 94 0 0 100 46 58 96
videos.hw01/06_frame/1041.jpg 248 48 52 2 88 28 70 6 232 92 0 0 166 62 66 70
videos.hw01/06_frame/1042.jpg 102 14 26 2 48 22 50 6 62 136 0 0 78 130 44 110
videos.hw01/06_frame/1043.jpg 230 12 26 2 62 20 52 8 96 92 0 0 126 70 44 94
videos.hw01/06_frame/1044.jpg 138 14 30 0 40 18 40 4 334 52 0 0 106 92 60 46
videos.hw01/06_frame/1045.jpg 174 48 130 26 64 86 244 34 282 120 0 0 270 118 60 96
videos.hw01/06_frame/1046.jpg 412 32 60 20 98 38 146 14 340 112 0 0 58 120 56 78
videos.hw01/06_frame/1047.jpg 226 14 38 22 104 12 48 8 108 24 0 0 60 26 56 74
videos.hw01/06_frame/1048.jpg 290 20 26 10 94 10 32 12 244 54 0 0 322 80 50 62
videos.hw01/06_frame/1049.jpg 444 12 36 36 128 42 56 4 96 44 0 0 126 82 68 126
videos.hw01/06_frame/1050.jpg 152 6 32 32 106 46 40 0 98 24 0 0 102 44 122 92
videos.hw01/06_frame/1051.jpg 288 48 104 30 414 96 186 60 500 18 0 0 138 200 40 118
videos.hw01/06_frame/1052.jpg 118 28 30 18 244 18 62 22 140 0 0 0 176 112 94 166
videos.hw01/06_frame/1053.jpg 120 8 4 18 44 14 32 4 138 0 0 0 128 10 50 92
videos.hw01/06_frame/1054.jpg 114 0 0 32 166 12 24 2 242 0 0 0 86 46 64 132
videos.hw01/06_frame/1055.jpg 102 0 0 2 118 12 16 12 296 0 0 0 118 42 46 80
videos.hw01/06_frame/1056.jpg 88 0 2 8 70 2 8 18 108 0 0 0 50 20 60 76
videos.hw01/06_frame/1057.jpg 42 34 58 44 26 92 244 44 340 0 0 0 52 22 62 66
videos.hw01/06_frame/1058.jpg 104 10 38 20 158 30 88 34 108 0 0 0 118 20 66 102
videos.hw01/06_frame/1059.jpg 40 12 46 20 142 28 54 14 12 0 0 0 66 16 76 86
videos.hw01/06_frame/1060.jpg 26 8 2 2 32 10 6 14 46 0 0 0 48 22 48 102
videos.hw01/06_frame/1061.jpg 96 4 4 12 30 16 12 6 62 0 0 0 72 16 66 110
videos.hw01/06_frame/1062.jpg 12 14 4 6 10 16 56 18 60 0 0 0 156 20 36 96
videos.hw01/06_frame/1063.jpg 72 0 4 14 116 6 4 6 28 0 0 0 10 20 82 104
videos.hw01/06_frame/1064.jpg 56 0 2 12 10 14 4 8 26 0 0 0 10 26 42 76
videos.hw01/06_frame/1065.jpg 8 0 18 4 62 18 4 10 64 0 0 0 18 4 60 134
videos.hw01/06_frame/1066.jpg 60 2 38 38 62 10 60 34 88 0 0 0 256 28 78 110
videos.hw01/06_frame/1067.jpg 88 2 2 10 94 6 4 4 26 0 0 0 16 16 66 68
videos.hw01/06_frame/1068.jpg 24 0 2 4 14 4 0 6 132 0 0 0 54 16 80 162
videos.hw01/06_frame/1069.jpg 80 24 76 54 252 40 86 34 162 0 0 0 72 14 40 114
videos.hw01/06_frame/1070.jpg 64 16 44 28 112 40 72 34 148 0 0 0 60 10 68 48
videos.hw01/06_frame/1071.jpg 106 14 30 4 160 28 86 14 92 0 0 0 68 6 60 60
videos.hw01/06_frame/1072.jpg 66 4 2 2 64 12 26 6 92 0 0 0 122 10 80 72
videos.hw01/06_frame/1073.jpg 34 0 6 50 52 4 16 12 26 0 0 0 0 10 74 54
videos.hw01/06_frame/1074.jpg 80 6 2 28 74 10 42 6 8 0 0 0 40 10 82 62
videos.hw01/06_frame/1075.jpg 86 16 8 16 108 22 18 0 256 0 0 0 12 18 64 98
videos.hw01/06_frame/1076.jpg 26 0 2 8 56 6 36 6 8 0 0 0 2 8 62 86
videos.hw01/06_frame/1077.jpg 78 2 4 36 58 4 28 24 88 0 0 0 36 56 74 72
videos.hw01/06_frame/1078.jpg 88 0 2 0 126 10 16 12 172 0 0 0 74 58 64 132
videos.hw01/06_frame/1079.jpg 60 0 2 16 90 4 34 10 74 0 0 0 26 10 80 140
videos.hw01/06_frame/1080.jpg 108 6 10 2 4 2 18 4 50 0 0 0 78 24 64 94
videos.hw01/06_frame/1081.jpg 172 58 126 62 212 94 236 54 248 0 0 0 352 46 62 88
videos.hw01/06_frame/1082.jpg 78 64 316 76 104 90 610 86 144 0 0 0 42 14 52 110
videos.hw01/06_frame/1083.jpg 128 82 590 184 234 140 1138 66 276 0 0 0 58 18 60 90
videos.hw01/06_frame/1084.jpg 96 96 522 94 126 108 1048 108 78 0 0 0 78 32 62 68
videos.hw01/06_frame/1085.jpg 126 74 488 88 38 148 886 90 88 0 0 0 98 6 66 92
videos.hw01/06_frame/1086.jpg 110 120 398 160 76 124 562 70 76 0 0 0 264 50 54 78
videos.hw01/06_frame/1087.jpg 132 98 398 72 76 120 566 104 134 18 0 0 98 40 20 78
videos.hw01/06_frame/1088.jpg 78 144 398 56 56 192 864 86 116 0 0 0 90 16 52 62
videos.hw01/06_frame/1089.jpg 166 84 688 106 416 180 1050 78 136 16 0 0 96 10 58 50
videos.hw01/06_frame/1090.jpg 76 126 854 76 54 250 1534 116 62 10 0 0 76 92 62 92
videos.hw01/06_frame/1091.jpg 112 240 908 180 96 162 1810 88 30 8 0 0 320 6 48 60
videos.hw01/06_frame/1092.jpg 236 136 860 108 68 134 1444 80 82 0 0 0 72 40 56 76
videos.hw01/06_frame/1093.jpg 196 126 456 98 208 390 636 184 246 14 0 0 100 62 66 86
videos.hw01/06_frame/1094.jpg 94 94 324 82 98 190 472 98 150 0 0 0 128 0 60 64
videos.hw01/06_frame/1095.jpg 158 154 412 50 230 200 766 60 38 10 0 0 26 0 68 82
videos.hw01/06_frame/1096.jpg 74 470 656 122 110 240 1134 100 100 0 0 0 140 14 70 104
videos.hw01/06_frame/1097.jpg 150 114 1384 182 88 300 2006 120 112 10 0 0 146 56 82 68
videos.hw01/06_frame/1098.jpg 172 146 2882 184 266 262 4864 90 36 8 0 0 96 10 98 140
videos.hw01/06_frame/1099.jpg 198 432 1344 0 92 1006 1348 10 102 18 0 0 46 8 64 66
videos.hw01/06_frame/1100.jpg 110 20 0 0 220 32 20 0 176 0 0 2 374 164 64 78
videos.hw01/06_frame/1101.jpg 76 0 0 0 264 10 0 0 192 0 0 2 94 114 68 66
videos.hw01/06_frame/1102.jpg 134 0 0 0 296 0 0 0 292 0 0 0 266 52 82 66
videos.hw01/06_frame/1103.jpg 56 0 0 0 152 0 0 0 260 0 0 0 586 78 60 68
videos.hw01/06_frame/1104.jpg 64 0 0 0 118 0 0 0 142 0 0 10 324 52 92 76
videos.hw01/06_frame/1105.jpg 116 0 0 0 238 0 0 0 282 16 0 8 458 32 50 86
videos.hw01/06_frame/1106.jpg 98 0 0 0 148 0 0 0 410 16 0 2 590 6 82 66
videos.hw01/06_frame/1107.jpg 44 0 0 0 352 0 0 0 176 0 0 0 150 18 64 54
videos.hw01/06_frame/1108.jpg 70 0 0 0 94 0 0 0 156 16 0 0 254 162 58 62
videos.hw01/06_frame/1109.jpg 24 0 0 0 24 0 0 0 282 16 0 0 228 6 74 76
videos.hw01/06_frame/1110.jpg 14 0 0 0 58 0 0 0 238 0 0 0 420 4 82 68
videos.hw01/06_frame/1111.jpg 68 0 0 0 136 0 0 0 478 46 0 0 644 476 68 82
videos.hw01/06_frame/1112.jpg 22 0 0 0 28 0 0 0 48 0 0 0 114 20 44 58
videos.hw01/06_frame/1113.jpg 70 0 0 0 26 0 0 0 126 14 0 0 282 82 66 128
videos.hw01/06_frame/1114.jpg 42 0 0 0 10 0 0 0 150 128 0 0 60 4 44 66
videos.hw01/06_frame/1115.jpg 120 0 0 0 42 0 0 0 68 2 0 0 20 94 96 56
videos.hw01/06_frame/1116.jpg 20 0 0 0 48 0 0 0 76 44 0 0 58 134 72 50
videos.hw01/06_frame/1117.jpg 56 0 0 0 286 0 0 0 92 104 0 0 334 166 96 108
videos.hw01/06_frame/1118.jpg 122 0 0 0 108 0 0 0 136 20 0 0 134 16 64 78
videos.hw01/06_frame/1119.jpg 24 0 0 0 106 0 0 0 110 78 0 0 160 36 46 92
videos.hw01/06_frame/1120.jpg 26 0 0 0 82 0 0 0 74 0 0 0 172 46 54 66
videos.hw01/06_frame/1121.jpg 62 0 0 0 132 0 0 0 134 0 0 0 180 66 56 86
videos.hw01/06_frame/1122.jpg 62 0 0 0 144 0 0 0 104 0 0 0 102 14 82 82
videos.hw01/06_frame/1123.jpg 94 0 0 0 6 0 0 0 34 8 0 0 38 10 64 96
videos.hw01/06_frame/1124.jpg 32 0 0 0 26 0 0 0 50 0 0 0 24 64 44 96
videos.hw01/06_frame/1125.jpg 18 0 0 0 24 0 0 0 48 8 0 0 64 154 40 82
videos.hw01/06_frame/1126.jpg 36 0 0 0 32 0 0 0 106 0 0 0 116 114 36 68
videos.hw01/06_frame/1127.jpg 20 0 0 0 12 0 0 0 106 0 0 0 54 38 50 62
videos.hw01/06_frame/1128.jpg 64 0 0 0 0 0 0 0 74 0 0 0 168 92 50 120
videos.hw01/06_frame/1129.jpg 110 0 0 0 148 0 0 0 112 0 0 0 252 64 62 70
videos.hw01/06_frame/1130.jpg 78 0 0 0 88 0 0 0 70 0 0 0 254 104 64 74
videos.hw01/06_frame/1131.jpg 42 0 0 0 26 0 0 0 132 16 0 0 102 114 56 56
videos.hw01/06_frame/1132.jpg 68 0 0 0 56 0 0 0 84 0 0 0 110 76 40 98
videos.hw01/06_frame/1133.jpg 88 0 0 0 130 0 0 0 110 74 0 0 68 94 32 90
videos.hw01/06_frame/1134.jpg 136 0 0 0 14 0 0 0 68 0 0 0 136 76 48 50
videos.hw01/06_frame/1135.jpg 60 0 0 0 42 0 0 0 34 8 0 0 84 122 60 50
videos.hw01/06_frame/1136.jpg 54 0 0 0 118 0 0 0 56 10 0 0 314 380 84 60
videos.hw01/06_frame/1137.jpg 20 0 0 0 118 0 0 0 184 46 0 0 326 330 66 96
videos.hw01/06_frame/1138.jpg 26 0 0 0 94 0 0 0 146 0 0 0 588 562 68 48
videos.hw01/06_frame/1139.jpg 66 0 0 0 134 0 0 0 184 8 0 0 162 474 70 70
videos.hw01/06_frame/1140.jpg 138 0 0 0 234 0 0 0 282 122 0 0 348 570 74 100
videos.hw01/06_frame/1141.jpg 394 0 0 0 140 0 0 0 356 146 0 0 560 664 48 122
videos.hw01/06_frame/1142.jpg 178 0 0 0 152 0 0 0 162 50 0 0 292 196 70 106
videos.hw01/06_frame/1143.jpg 150 0 0 0 150 0 0 0 244 40 0 0 560 136 70 62
videos.hw01/06_frame/1144.jpg 132 0 0 0 120 0 0 0 30 50 0 0 154 56 58 66
videos.hw01/06_frame/1145.jpg 30 0 0 0 66 0 0 0 144 170 0 0 248 316 122 54
videos.hw01/06_frame/1146.jpg 96 0 0 0 122 0 0 0 156 18 0 0 218 186 90 54
videos.hw01/06_frame/1147.jpg 86 0 0 0 130 0 0 0 170 0 0 0 184 284 56 94
videos.hw01/06_frame/1148.jpg 44 0 0 0 62 0 0 0 78 32 0 0 60 96 62 40
videos.hw01/06_frame/1149.jpg 42 0 0 0 26 0 0 0 18 0 0 0 10 8 80 32
videos.hw01/06_frame/1150.jpg 18 0 0 0 20 0 0 0 192 0 0 0 62 158 68 52
videos.hw01/06_frame/1151.jpg 4 0 0 0 110 0 0 0 74 90 0 0 188 268 92 64
videos.hw01/06_frame/1152.jpg 26 0 0 0 88 0 0 0 28 32 0 0 40 84 52 74
videos.hw01/06_frame/1153.jpg 68 0 0 0 186 0 0 0 138 40 0 0 134 210 72 36
videos.hw01/06_frame/1154.jpg 58 0 0 0 68 0 0 0 122 10 0 0 126 104 56 54
videos.hw01/06_frame/1155.jpg 36 0 0 0 16 0 0 0 24 0 0 0 158 62 66 76
videos.hw01/06_frame/1156.jpg 116 0 0 0 70 0 0 0 34 50 0 0 158 248 82 74
videos.hw01/06_frame/1157.jpg 118 0 0 0 106 0 0 0 30 0 0 0 130 122 32 52
videos.hw01/06_frame/1158.jpg 26 0 0 0 32 0 0 0 34 88 0 0 240 174 102 42
videos.hw01/06_frame/1159.jpg 132 0 0 0 52 0 0 0 14 0 0 0 78 130 96 32
videos.hw01/06_frame/1160.jpg 282 0 0 0 130 0 0 0 56 82 0 0 178 122 68 70
videos.hw01/06_frame/1161.jpg 84 0 0 0 78 0 0 0 40 0 0 0 116 204 48 40
videos.hw01/06_frame/1162.jpg 88 0 0 0 56 0 0 0 118 58 0 0 124 82 58 46
videos.hw01/06_frame/1163.jpg 198 0 0 0 30 0 0 0 104 18 0 0 72 100 86 68
videos.hw01/06_frame/1164.jpg 62 0 0 0 30 0 0 0 36 0 0 0 126 86 74 32
videos.hw01/06_frame/1165.jpg 102 0 0 0 48 0 0 0 182 18 0 0 310 114 50 64
videos.hw01/06_frame/1166.jpg 318 0 0 0 36 0 0 0 16 40 0 0 74 58 72 84
videos.hw01/06_frame/1167.jpg 46 0 0 0 34 0 0 0 142 90 0 0 188 220 106 74
videos.hw01/06_frame/1168.jpg 28 0 0 0 16 0 0 0 108 40 0 0 202 128 78 42
videos.hw01/06_frame/1169.jpg 34 0 0 0 0 0 0 0 32 32 0 0 240 72 66 30
videos.hw01/06_frame/1170.jpg 76 0 0 0 88 0 0 0 4 0 0 0 64 84 64 54
videos.hw01/06_frame/1171.jpg 192 0 0 0 76 0 0 0 362 8 0 0 914 176 78 48
videos.hw01/06_frame/1172.jpg 8 0 0 0 52 0 0 0 42 0 0 0 180 56 44 56
videos.hw01/06_frame/1173.jpg 110 0 0 0 134 0 0 0 46 0 0 0 34 8 50 52
videos.hw01/06_frame/1174.jpg 60 0 0 0 62 0 0 0 30 0 0 0 0 12 92 44
videos.hw01/06_frame/1175.jpg 118 0 0 0 36 0 0 0 16 0 0 0 42 78 82 66
videos.hw01/06_frame/1176.jpg 380 0 0 0 174 0 0 0 24 0 0 0 268 88 118 36
videos.hw01/06_frame/1177.jpg 170 0 0 0 388 0 0 0 58 0 0 0 234 148 56 38
videos.hw01/06_frame/1178.jpg 9600 9600 9600 9600 9600 9600 9600 9600 9600 9600 9600 9600 9600 9600 9564 9572
videos.hw01/06_frame/1179.jpg 0 0 0 0 0 0 0 0 0 0 0 0 0 0 0 0
videos.hw01/06_frame/1180.jpg 0 0 0 0 0 0 0 0 0 0 0 0 0 0 0 0
videos.hw01/06_frame/1181.jpg 0 0 0 0 0 0 0 0 0 0 0 0 0 0 0 0
videos.hw01/06_frame/1182.jpg 0 0 0 0 0 0 0 0 0 0 0 0 0 0 0 0
videos.hw01/06_frame/1183.jpg 0 0 0 0 0 0 0 0 0 0 0 0 0 0 0 0
videos.hw01/06_frame/1184.jpg 0 0 0 0 0 0 0 0 0 0 0 0 0 0 0 0
videos.hw01/06_frame/1185.jpg 0 0 0 0 0 0 0 0 0 0 0 0 0 0 0 0
videos.hw01/06_frame/1186.jpg 0 0 0 0 0 0 0 0 0 0 0 0 0 0 0 0
videos.hw01/06_frame/1187.jpg 0 0 0 0 0 0 0 0 0 0 0 0 0 0 0 0
videos.hw01/06_frame/1188.jpg 0 0 0 0 0 0 0 0 0 0 0 0 0 0 0 0
videos.hw01/06_frame/1189.jpg 0 0 0 0 0 0 0 0 0 0 0 0 0 0 0 0
videos.hw01/06_frame/1190.jpg 0 0 0 0 0 0 0 0 0 0 0 0 0 0 0 0
