videos.hw01/06_frame/1.jpg 0 0 0 0 0 0 0 0 0 0 0 0 0 0 0 0
videos.hw01/06_frame/2.jpg 114 138 137 279 262 220 884 610 182 37 243 311 166 48 63 459
videos.hw01/06_frame/3.jpg 94 154 282 164 109 258 705 447 160 85 204 253 210 114 107 171
videos.hw01/06_frame/4.jpg 173 129 317 246 268 291 977 208 299 61 111 347 259 83 21 63
videos.hw01/06_frame/5.jpg 207 122 370 281 293 249 500 287 173 102 48 294 223 113 26 221
videos.hw01/06_frame/6.jpg 174 71 310 115 364 65 181 212 143 5 109 170 255 117 110 44
videos.hw01/06_frame/7.jpg 210 49 250 147 371 142 444 173 169 49 36 291 178 16 20 47
videos.hw01/06_frame/8.jpg 99 42 180 100 339 163 241 200 413 89 102 230 185 92 34 223
videos.hw01/06_frame/9.jpg 131 70 67 112 392 189 357 338 251 49 22 52 203 155 10 273
videos.hw01/06_frame/10.jpg 63 86 85 235 282 135 346 241 179 6 118 282 318 81 27 146
videos.hw01/06_frame/11.jpg 178 58 127 86 262 130 209 242 248 70 356 161 152 27 44 230
videos.hw01/06_frame/12.jpg 180 128 239 71 174 153 281 305 100 72 49 103 274 31 29 55
videos.hw01/06_frame/13.jpg 152 91 196 169 324 142 269 328 108 12 182 27 171 143 74 349
videos.hw01/06_frame/14.jpg 101 55 268 257 144 131 222 305 161 19 79 64 104 58 17 181
videos.hw01/06_frame/15.jpg 52 51 157 273 201 73 203 276 110 10 64 275 199 1 45 102
videos.hw01/06_frame/16.jpg 79 50 148 366 292 114 382 385 200 44 10 41 150 118 32 70
videos.hw01/06_frame/17.jpg 428 62 214 94 254 119 529 548 96 13 165 312 104 9 20 129
videos.hw01/06_frame/18.jpg 123 139 262 265 220 199 443 445 124 25 15 113 233 44 24 78
videos.hw01/06_frame/19.jpg 395 182 207 84 229 293 224 645 163 8 132 260 107 98 65 45
videos.hw01/06_frame/20.jpg 364 157 206 135 414 167 296 398 76 0 180 128 114 32 42 178
videos.hw01/06_frame/21.jpg 193 122 247 108 328 152 205 244 301 0 216 61 144 21 108 73
videos.hw01/06_frame/22.jpg 276 178 93 196 823 208 172 256 423 0 274 125 246 175 117 71
videos.hw01/06_frame/23.jpg 107 218 34 243 492 269 344 331 312 84 305 78 102 89 74 100
videos.hw01/06_frame/24.jpg 134 70 54 312 716 501 375 426 290 150 116 48 166 95 90 95
videos.hw01/06_frame/25.jpg 128 65 3 234 422 459 467 546 218 120 231 95 196 272 132 136
videos.hw01/06_frame/26.jpg 128 98 14 119 255 255 609 614 701 80 50 85 274 146 50 29
videos.hw01/06_frame/27.jpg 215 41 36 319 179 204 280 359 136 174 186 169 132 129 140 77
videos.hw01/06_frame/28.jpg 167 57 8 79 250 210 295 274 171 104 25 253 282 276 120 139
videos.hw01/06_frame/29.jpg 99 27 11 126 226 442 131 300 215 144 328 174 276 165 62 119
videos.hw01/06_frame/30.jpg 97 49 14 274 131 274 137 353 221 231 71 49 164 84 112 151
videos.hw01/06_frame/31.jpg 249 24 18 268 311 103 84 363 327 142 45 176 276 161 17 98
videos.hw01/06_frame/32.jpg 90 83 10 167 146 149 180 535 220 167 94 88 250 249 141 44
videos.hw01/06_frame/33.jpg 106 17 6 202 151 153 186 385 278 203 147 147 184 221 181 118
videos.hw01/06_frame/34.jpg 100 47 3 230 724 184 163 412 312 309 194 209 78 224 31 30
videos.hw01/06_frame/35.jpg 191 64 6 165 287 167 120 316 188 188 24 115 294 165 45 32
videos.hw01/06_frame/36.jpg 161 39 8 246 192 100 188 300 176 194 90 103 288 192 111 77
videos.hw01/06_frame/37.jpg 97 24 24 251 129 214 122 274 144 225 195 257 310 78 231 97
videos.hw01/06_frame/38.jpg 68 28 6 115 429 141 107 229 222 293 55 392 212 95 193 76
videos.hw01/06_frame/39.jpg 102 42 19 67 222 170 152 271 214 115 50 228 20 119 157 126
videos.hw01/06_frame/40.jpg 144 51 14 159 268 523 102 315 102 166 16 263 314 194 144 73
videos.hw01/06_frame/41.jpg 99 15 28 25 1034 834 266 644 193 249 1 189 188 221 72 146
videos.hw01/06_frame/42.jpg 40 18 1 116 180 271 294 908 211 108 27 103 82 102 21 71
videos.hw01/06_frame/43.jpg 135 30 8 53 331 323 561 603 164 122 17 391 30 122 153 63
videos.hw01/06_frame/44.jpg 56 31 2 54 513 722 263 505 296 222 39 181 196 157 56 58
videos.hw01/06_frame/45.jpg 89 38 4 106 413 1087 184 492 252 57 34 156 128 53 44 46
videos.hw01/06_frame/46.jpg 105 31 17 68 291 204 536 427 382 409 24 134 424 202 143 271
videos.hw01/06_frame/47.jpg 154 99 1 40 380 218 733 458 320 179 79 99 414 112 69 213
videos.hw01/06_frame/48.jpg 70 58 12 104 342 286 246 841 310 317 232 71 4 147 43 205
videos.hw01/06_frame/49.jpg 84 23 16 276 317 523 464 979 326 313 250 104 384 188 151 61
videos.hw01/06_frame/50.jpg 87 24 6 167 355 541 616 1026 390 261 249 142 214 73 92 23
videos.hw01/06_frame/51.jpg 63 61 7 185 181 400 372 258 140 391 238 283 130 69 14 132
videos.hw01/06_frame/52.jpg 69 9 7 100 105 242 445 383 270 321 310 371 46 68 52 103
videos.hw01/06_frame/53.jpg 48 88 5 169 212 560 281 257 310 214 242 506 40 124 259 98
videos.hw01/06_frame/54.jpg 40 205 9 409 154 311 247 518 244 295 274 266 378 224 13 70
videos.hw01/06_frame/55.jpg 31 76 8 154 218 282 245 521 184 120 269 427 90 130 16 53
videos.hw01/06_frame/56.jpg 54 31 9 170 143 158 284 599 150 192 311 195 168 101 51 49
videos.hw01/06_frame/57.jpg 39 92 4 154 142 83 265 335 172 126 323 223 116 93 84 35
videos.hw01/06_frame/58.jpg 46 72 9 93 169 92 202 249 100 129 467 199 56 97 48 74
videos.hw01/06_frame/59.jpg 18 53 4 46 174 74 216 323 148 180 160 272 34 121 57 22
videos.hw01/06_frame/60.jpg 7 33 8 71 170 47 139 325 140 326 295 347 408 396 3 46
videos.hw01/06_frame/61.jpg 42 72 48 327 307 142 563 379 576 183 297 333 446 98 6 95
videos.hw01/06_frame/62.jpg 41 66 10 18 228 115 134 159 274 69 210 300 150 56 5 81
videos.hw01/06_frame/63.jpg 45 83 14 22 142 158 208 114 328 145 218 737 86 125 15 147
videos.hw01/06_frame/64.jpg 100 48 0 100 300 246 160 116 404 141 383 890 408 163 10 90
videos.hw01/06_frame/65.jpg 59 45 6 86 462 475 378 398 316 158 444 928 330 64 69 133
videos.hw01/06_frame/66.jpg 100 38 9 129 288 670 506 242 290 107 408 561 30 92 63 254
videos.hw01/06_frame/67.jpg 58 24 10 67 329 739 289 195 764 134 396 672 774 378 264 108
videos.hw01/06_frame/68.jpg 26 52 2 131 316 381 236 401 270 183 262 503 160 92 108 130
videos.hw01/06_frame/69.jpg 3 63 7 178 281 194 331 447 170 281 678 321 26 134 120 93
videos.hw01/06_frame/70.jpg 89 38 6 227 485 379 372 551 320 171 367 763 0 47 7 66
videos.hw01/06_frame/71.jpg 44 76 26 261 380 597 465 712 254 194 349 517 170 82 201 38
videos.hw01/06_frame/72.jpg 131 119 21 245 525 699 860 881 276 414 484 502 70 181 206 91
videos.hw01/06_frame/73.jpg 22 26 16 210 138 754 1348 863 184 254 468 340 154 177 318 24
videos.hw01/06_frame/74.jpg 58 76 38 135 191 135 155 422 214 137 286 155 340 108 22 82
videos.hw01/06_frame/75.jpg 27 51 24 274 240 124 415 664 82 253 115 87 0 189 165 46
videos.hw01/06_frame/76.jpg 57 42 14 164 331 76 241 513 240 174 5 131 80 195 281 72
videos.hw01/06_frame/77.jpg 35 44 24 39 280 244 265 298 352 160 40 198 156 205 56 201
videos.hw01/06_frame/78.jpg 52 19 10 84 534 90 362 232 370 157 55 236 42 196 3 244
videos.hw01/06_frame/79.jpg 73 39 30 13 254 74 274 222 276 149 14 154 160 277 222 282
videos.hw01/06_frame/80.jpg 27 42 16 162 359 260 324 200 436 265 28 155 8 234 77 340
videos.hw01/06_frame/81.jpg 62 56 7 17 485 295 316 150 502 237 19 125 352 192 19 220
videos.hw01/06_frame/82.jpg 149 17 11 248 274 138 40 212 90 206 67 325 590 311 98 118
videos.hw01/06_frame/83.jpg 133 73 0 117 325 160 104 182 420 266 2 61 12 208 283 97
videos.hw01/06_frame/84.jpg 128 121 0 178 340 209 260 176 224 221 18 187 512 301 58 279
videos.hw01/06_frame/85.jpg 155 83 0 158 110 398 288 251 504 189 0 504 404 425 174 323
videos.hw01/06_frame/86.jpg 152 70 0 48 716 375 247 172 362 204 16 26 594 154 44 18
videos.hw01/06_frame/87.jpg 76 124 0 54 443 481 337 372 322 121 16 330 2 208 187 22
videos.hw01/06_frame/88.jpg 213 213 64 140 619 364 353 644 262 361 0 61 398 406 131 69
videos.hw01/06_frame/89.jpg 206 249 173 68 410 244 343 1097 176 119 0 116 4 192 43 53
videos.hw01/06_frame/90.jpg 184 226 168 94 472 218 224 677 204 172 0 321 0 237 32 79
videos.hw01/06_frame/91.jpg 234 184 136 54 319 602 831 425 272 168 0 332 242 199 48 242
videos.hw01/06_frame/92.jpg 211 168 130 197 862 171 221 561 356 228 0 213 0 325 17 229
videos.hw01/06_frame/93.jpg 227 161 80 137 2141 759 297 868 238 178 0 57 38 192 3 160
videos.hw01/06_frame/94.jpg 359 597 787 220 2373 4904 1490 2504 346 142 0 64 30 143 319 249
videos.hw01/06_frame/95.jpg 792 929 395 187 3643 2024 3929 3805 260 393 0 1298 4 276 182 592
videos.hw01/06_frame/96.jpg 731 207 319 377 469 474 296 1229 170 219 0 533 328 183 7 747
videos.hw01/06_frame/97.jpg 471 241 143 202 317 147 216 1181 288 205 4 298 12 234 81 200
videos.hw01/06_frame/98.jpg 391 298 166 277 187 472 592 1162 290 262 33 90 10 98 75 62
videos.hw01/06_frame/99.jpg 449 298 227 227 64 164 808 686 306 367 204 213 308 71 82 102
videos.hw01/06_frame/100.jpg 410 394 150 486 293 302 561 349 308 272 192 400 132 151 79 117
videos.hw01/06_frame/101.jpg 715 174 95 103 194 140 548 187 466 495 176 521 194 161 114 84
videos.hw01/06_frame/102.jpg 487 182 29 247 176 300 172 407 342 361 182 447 142 179 41 95
videos.hw01/06_frame/103.jpg 567 221 0 26 338 160 107 302 526 403 179 409 30 226 82 67
videos.hw01/06_frame/104.jpg 584 185 0 112 260 242 208 218 276 378 130 221 84 164 150 192
videos.hw01/06_frame/105.jpg 594 176 0 60 170 207 263 211 152 350 132 300 0 126 115 110
videos.hw01/06_frame/106.jpg 653 203 0 201 120 279 169 167 202 268 197 464 342 90 131 145
videos.hw01/06_frame/107.jpg 557 199 0 227 62 215 188 149 188 290 154 177 62 115 145 197
videos.hw01/06_frame/108.jpg 425 198 0 193 398 510 71 239 420 189 267 347 46 189 167 169
videos.hw01/06_frame/109.jpg 383 156 24 282 396 997 347 166 228 348 134 420 110 508 193 259
videos.hw01/06_frame/110.jpg 552 485 198 30 114 112 262 210 250 261 203 236 34 554 92 136
videos.hw01/06_frame/111.jpg 500 467 212 220 228 325 447 354 222 220 186 283 42 152 135 189
videos.hw01/06_frame/112.jpg 798 276 167 322 472 410 172 270 144 262 215 189 344 200 185 215
videos.hw01/06_frame/113.jpg 302 262 128 435 160 486 873 729 484 362 192 419 40 41 29 24
videos.hw01/06_frame/114.jpg 138 116 140 243 118 372 685 903 354 286 112 211 110 281 67 57
videos.hw01/06_frame/115.jpg 406 332 133 244 52 333 713 922 202 100 54 128 48 179 162 249
videos.hw01/06_frame/116.jpg 496 127 176 371 224 425 1073 240 250 192 57 306 2 142 172 231
videos.hw01/06_frame/117.jpg 178 181 181 323 70 535 749 2420 278 167 77 278 2 74 127 127
videos.hw01/06_frame/118.jpg 236 233 96 257 52 233 334 2093 260 349 49 106 0 78 72 25
videos.hw01/06_frame/119.jpg 596 157 194 230 106 151 522 590 234 292 86 87 92 280 103 213
videos.hw01/06_frame/120.jpg 122 275 83 161 362 100 361 162 244 299 77 101 106 112 69 92
videos.hw01/06_frame/121.jpg 716 150 119 257 64 148 407 205 356 266 88 112 556 572 105 86
videos.hw01/06_frame/122.jpg 316 246 264 148 104 138 223 150 342 387 47 36 22 84 124 110
videos.hw01/06_frame/123.jpg 276 351 186 195 116 290 115 125 316 416 104 316 42 110 154 168
videos.hw01/06_frame/124.jpg 504 189 292 224 86 44 507 347 163 353 105 182 56 92 135 303
videos.hw01/06_frame/125.jpg 198 251 225 236 78 235 447 138 266 164 118 47 16 152 61 100
videos.hw01/06_frame/126.jpg 280 378 269 428 74 68 152 158 272 230 85 45 2 158 118 48
videos.hw01/06_frame/127.jpg 476 334 290 828 268 126 124 393 238 196 118 195 34 126 119 79
videos.hw01/06_frame/128.jpg 296 216 225 265 156 354 274 213 277 338 110 91 132 36 67 195
videos.hw01/06_frame/129.jpg 150 203 384 329 348 44 93 129 307 234 53 17 130 126 42 62
videos.hw01/06_frame/130.jpg 128 157 537 504 38 48 223 290 192 173 82 14 178 98 168 295
videos.hw01/06_frame/131.jpg 224 228 553 385 266 373 103 123 325 188 39 73 164 150 80 210
videos.hw01/06_frame/132.jpg 332 190 222 388 70 230 231 181 254 243 191 54 112 138 181 44
videos.hw01/06_frame/133.jpg 240 108 228 225 324 273 360 190 202 259 108 47 42 122 48 135
videos.hw01/06_frame/134.jpg 424 468 567 195 136 454 266 246 349 181 76 30 54 138 152 52
videos.hw01/06_frame/135.jpg 446 308 283 109 474 640 267 74 225 138 111 74 16 90 97 119
videos.hw01/06_frame/136.jpg 540 280 379 251 168 454 293 523 169 210 161 44 222 158 79 79
videos.hw01/06_frame/137.jpg 92 208 489 166 130 63 1330 2024 224 205 75 63 88 28 79 75
videos.hw01/06_frame/138.jpg 344 230 263 270 142 167 271 846 184 153 84 45 52 116 114 126
videos.hw01/06_frame/139.jpg 198 226 246 122 608 490 1186 745 313 203 49 46 170 240 118 136
videos.hw01/06_frame/140.jpg 82 196 235 524 982 315 325 1931 213 316 34 75 254 328 44 105
videos.hw01/06_frame/141.jpg 190 208 513 1298 98 345 236 417 112 150 95 61 44 14 43 145
videos.hw01/06_frame/142.jpg 70 228 414 1003 374 212 362 597 162 182 88 44 182 22 138 59
videos.hw01/06_frame/143.jpg 102 362 336 426 100 216 267 632 177 145 79 116 124 252 154 83
videos.hw01/06_frame/144.jpg 516 312 503 350 144 204 120 479 215 167 104 42 258 390 138 9
videos.hw01/06_frame/145.jpg 330 244 474 219 218 152 44 186 187 507 93 113 528 196 62 102
videos.hw01/06_frame/146.jpg 284 356 235 150 214 108 450 1126 1035 647 71 119 296 52 88 38
videos.hw01/06_frame/147.jpg 342 264 152 177 112 222 154 425 1195 1157 77 61 356 100 81 68
videos.hw01/06_frame/148.jpg 152 76 130 165 1130 486 490 961 3004 1473 549 105 364 350 69 55
videos.hw01/06_frame/149.jpg 410 310 293 92 2908 3226 3744 1806 2321 1591 671 104 380 386 149 18
videos.hw01/06_frame/150.jpg 144 1208 1027 276 1978 3640 2988 2331 1079 861 415 109 362 186 130 68
videos.hw01/06_frame/151.jpg 782 948 1667 481 1414 1116 1392 2859 518 443 367 65 488 312 44 92
videos.hw01/06_frame/152.jpg 228 114 288 155 228 416 188 445 211 178 115 113 230 187 48 11
videos.hw01/06_frame/153.jpg 346 270 191 179 542 520 296 448 177 89 199 205 228 34 52 24
videos.hw01/06_frame/154.jpg 284 230 236 257 408 470 400 692 226 179 165 272 246 207 87 19
videos.hw01/06_frame/155.jpg 312 560 297 213 426 218 396 30 133 197 351 199 166 56 40 43
videos.hw01/06_frame/156.jpg 752 496 535 298 438 288 220 652 346 154 197 150 106 118 41 16
videos.hw01/06_frame/157.jpg 522 564 1887 630 602 758 384 316 351 213 145 48 94 105 136 41
videos.hw01/06_frame/158.jpg 324 648 544 590 402 554 1342 1874 204 144 139 58 182 55 54 23
videos.hw01/06_frame/159.jpg 598 380 339 330 254 164 665 898 460 191 165 128 236 124 119 30
videos.hw01/06_frame/160.jpg 256 370 302 260 190 640 470 368 377 116 106 155 300 274 74 57
videos.hw01/06_frame/161.jpg 350 330 221 269 240 574 1040 630 305 116 318 157 302 251 174 42
videos.hw01/06_frame/162.jpg 196 434 766 357 172 556 984 949 234 91 301 160 220 228 78 47
videos.hw01/06_frame/163.jpg 388 476 737 303 252 676 670 375 114 158 205 159 564 205 130 30
videos.hw01/06_frame/164.jpg 248 630 606 382 380 754 342 363 167 94 191 418 326 502 61 35
videos.hw01/06_frame/165.jpg 404 586 438 458 610 320 530 387 231 250 175 206 314 382 86 36
videos.hw01/06_frame/166.jpg 36 734 394 318 1058 1190 284 243 15 194 67 535 359 323 123 18
videos.hw01/06_frame/167.jpg 60 264 432 370 844 1668 155 175 180 416 82 259 406 380 74 7
videos.hw01/06_frame/168.jpg 54 76 226 292 556 712 281 220 417 307 60 208 278 437 44 60
videos.hw01/06_frame/169.jpg 14 58 239 279 32 252 336 340 148 173 227 224 349 248 200 11
videos.hw01/06_frame/170.jpg 60 48 261 330 456 326 306 190 302 186 304 142 191 322 156 40
videos.hw01/06_frame/171.jpg 82 60 225 274 308 268 185 134 133 131 228 67 316 646 338 61
videos.hw01/06_frame/172.jpg 6 426 246 198 126 590 148 243 90 205 228 67 335 568 373 65
videos.hw01/06_frame/173.jpg 58 160 121 233 268 192 315 130 118 145 130 236 241 394 257 26
videos.hw01/06_frame/174.jpg 48 104 151 252 516 246 206 70 173 244 268 133 246 314 215 54
videos.hw01/06_frame/175.jpg 108 180 286 394 242 388 249 223 208 200 121 110 170 420 150 125
videos.hw01/06_frame/176.jpg 88 210 679 488 376 264 245 84 129 102 52 80 269 294 307 29
videos.hw01/06_frame/177.jpg 1002 824 618 761 718 706 458 199 265 217 82 188 110 196 270 104
videos.hw01/06_frame/178.jpg 754 144 331 730 716 844 1585 208 507 415 250 207 406 338 307 6
videos.hw01/06_frame/179.jpg 858 0 122 1039 1762 3334 2805 2078 907 1261 1719 1149 1054 654 404 91
videos.hw01/06_frame/180.jpg 1540 94 454 829 250 1208 270 1336 257 120 247 88 456 412 428 11
videos.hw01/06_frame/181.jpg 1074 104 378 559 1682 2032 1732 1146 709 1399 1693 918 591 935 179 45
videos.hw01/06_frame/182.jpg 0 188 146 256 698 1138 980 413 540 350 323 358 281 1155 163 77
videos.hw01/06_frame/183.jpg 12 226 750 1040 1302 1272 685 588 220 459 297 298 570 1200 82 26
videos.hw01/06_frame/184.jpg 472 1198 1262 1762 1036 1178 1244 1064 151 466 301 178 662 954 87 97
videos.hw01/06_frame/185.jpg 106 1406 368 942 1086 642 268 287 305 589 379 76 694 824 70 97
videos.hw01/06_frame/186.jpg 564 1378 215 705 1330 40 236 179 403 400 269 42 1216 132 104 58
videos.hw01/06_frame/187.jpg 718 354 208 437 78 50 129 166 517 174 105 17 998 12 86 26
videos.hw01/06_frame/188.jpg 642 190 714 518 10 60 86 588 551 121 136 56 508 4 107 33
videos.hw01/06_frame/189.jpg 392 542 739 275 122 96 219 170 1072 88 172 34 64 66 86 61
videos.hw01/06_frame/190.jpg 894 526 396 226 338 140 223 102 592 98 160 35 171 40 18 27
videos.hw01/06_frame/191.jpg 180 514 218 97 120 202 254 272 86 124 46 25 68 194 64 30
videos.hw01/06_frame/192.jpg 280 876 660 220 270 96 200 260 333 120 14 20 115 258 166 86
videos.hw01/06_frame/193.jpg 8818 4841 4800 4881 4777 2953 3391 5010 3538 4599 2771 1721 5507 4790 1304 477
videos.hw01/06_frame/194.jpg 337 20 0 89 293 495 580 210 455 493 558 357 206 2 0 145
videos.hw01/06_frame/195.jpg 367 11 0 0 325 657 1428 251 412 284 442 310 382 0 0 134
videos.hw01/06_frame/196.jpg 285 122 0 0 286 351 761 181 675 157 678 127 376 17 0 87
videos.hw01/06_frame/197.jpg 400 319 0 0 357 331 197 176 492 296 257 134 288 17 0 62
videos.hw01/06_frame/198.jpg 787 306 0 0 306 385 159 414 287 654 275 162 258 0 0 43
videos.hw01/06_frame/199.jpg 996 284 0 0 309 308 136 240 560 315 272 88 258 106 0 21
videos.hw01/06_frame/200.jpg 973 274 0 3 586 508 300 241 608 420 503 155 457 23 0 7
videos.hw01/06_frame/201.jpg 461 315 0 3 722 413 280 227 524 1052 687 284 620 317 0 4
videos.hw01/06_frame/202.jpg 647 280 0 0 428 583 472 196 263 470 747 429 389 118 0 8
videos.hw01/06_frame/203.jpg 432 256 0 0 499 485 593 191 292 313 771 367 631 331 0 0
videos.hw01/06_frame/204.jpg 537 236 0 0 328 936 364 282 260 874 798 299 616 449 0 0
videos.hw01/06_frame/205.jpg 633 188 0 0 287 737 410 206 104 734 274 191 397 59 0 4
videos.hw01/06_frame/206.jpg 516 298 0 0 205 680 250 249 694 529 172 196 733 222 0 4
videos.hw01/06_frame/207.jpg 837 156 0 0 156 332 228 159 381 296 262 240 543 238 0 0
videos.hw01/06_frame/208.jpg 375 188 0 0 232 264 387 267 564 446 295 287 388 213 0 0
videos.hw01/06_frame/209.jpg 374 74 0 0 110 182 247 324 226 290 123 209 492 105 0 0
videos.hw01/06_frame/210.jpg 411 321 0 0 110 162 194 327 291 274 192 286 132 288 0 0
videos.hw01/06_frame/211.jpg 469 177 0 0 121 193 197 273 206 216 256 223 605 271 0 0
videos.hw01/06_frame/212.jpg 438 98 0 0 102 97 240 280 234 193 102 322 471 174 0 0
videos.hw01/06_frame/213.jpg 232 151 0 0 106 219 162 264 195 209 278 205 401 125 0 0
videos.hw01/06_frame/214.jpg 566 297 0 0 260 247 215 191 234 181 104 387 254 146 0 0
videos.hw01/06_frame/215.jpg 333 254 0 0 124 127 271 167 229 157 335 315 129 169 0 0
videos.hw01/06_frame/216.jpg 320 246 0 0 206 70 139 138 165 142 207 338 405 220 0 0
videos.hw01/06_frame/217.jpg 706 214 0 0 115 94 197 216 124 229 352 362 472 155 0 0
videos.hw01/06_frame/218.jpg 418 360 9 0 179 100 117 142 139 273 306 339 430 141 0 0
videos.hw01/06_frame/219.jpg 54 129 166 0 306 100 173 90 237 232 683 384 749 258 0 0
videos.hw01/06_frame/220.jpg 740 621 145 0 198 116 170 140 214 303 399 461 482 96 0 0
videos.hw01/06_frame/221.jpg 198 70 140 0 163 144 239 192 235 231 613 253 1127 236 8 0
videos.hw01/06_frame/222.jpg 420 326 156 0 214 165 232 85 355 338 739 502 320 374 14 0
videos.hw01/06_frame/223.jpg 398 426 183 0 489 195 210 168 178 557 722 94 735 82 27 0
videos.hw01/06_frame/224.jpg 286 198 100 0 137 147 123 136 170 335 243 555 211 166 39 0
videos.hw01/06_frame/225.jpg 804 182 138 0 193 58 210 109 206 187 301 363 380 305 80 0
videos.hw01/06_frame/226.jpg 1242 533 193 0 194 99 261 201 425 322 193 320 335 189 52 0
videos.hw01/06_frame/227.jpg 596 429 110 0 133 74 233 304 543 130 594 275 795 125 80 0
videos.hw01/06_frame/228.jpg 256 770 112 0 312 36 241 298 586 521 382 324 528 373 47 0
videos.hw01/06_frame/229.jpg 580 222 189 0 553 94 151 233 534 357 218 245 780 458 48 0
videos.hw01/06_frame/230.jpg 212 416 93 0 517 129 116 265 428 276 251 407 878 199 111 0
videos.hw01/06_frame/231.jpg 544 308 95 0 474 158 63 122 536 371 307 290 988 347 86 0
videos.hw01/06_frame/232.jpg 578 471 140 0 177 88 71 86 360 187 300 362 458 226 151 0
videos.hw01/06_frame/233.jpg 126 499 80 0 253 94 147 84 262 243 581 385 382 60 113 0
videos.hw01/06_frame/234.jpg 340 441 89 0 237 132 145 118 236 157 334 270 852 388 60 0
videos.hw01/06_frame/235.jpg 734 861 240 0 324 81 236 175 287 152 283 179 368 544 208 0
videos.hw01/06_frame/236.jpg 282 497 98 0 470 105 59 182 415 194 110 501 112 148 197 2
videos.hw01/06_frame/237.jpg 328 430 142 0 179 71 178 156 406 352 189 347 490 520 54 2
videos.hw01/06_frame/238.jpg 598 1064 164 0 162 80 140 153 212 188 348 205 698 462 213 0
videos.hw01/06_frame/239.jpg 438 913 166 0 171 72 92 232 305 283 219 233 784 342 198 0
videos.hw01/06_frame/240.jpg 546 308 199 0 227 64 140 131 243 180 410 160 438 404 100 0
videos.hw01/06_frame/241.jpg 740 1235 122 0 442 116 194 202 754 259 303 437 478 398 244 0
videos.hw01/06_frame/242.jpg 210 388 151 0 256 90 87 165 291 168 139 109 444 118 153 0
videos.hw01/06_frame/243.jpg 372 368 137 0 295 188 129 172 289 387 566 223 354 166 63 0
videos.hw01/06_frame/244.jpg 720 555 274 0 303 106 109 228 485 254 151 351 1672 338 147 0
videos.hw01/06_frame/245.jpg 890 395 143 0 733 81 131 138 574 431 283 361 944 370 190 0
videos.hw01/06_frame/246.jpg 212 373 136 10 973 164 118 235 456 214 237 369 980 102 37 0
videos.hw01/06_frame/247.jpg 590 964 164 19 1089 144 81 156 444 451 311 384 1120 734 264 0
videos.hw01/06_frame/248.jpg 608 878 218 6 773 162 84 117 318 292 220 236 324 94 142 0
videos.hw01/06_frame/249.jpg 682 752 165 4 416 137 60 136 730 343 212 274 760 428 232 0
videos.hw01/06_frame/250.jpg 724 417 455 103 810 161 140 154 976 319 156 247 1070 482 249 9
videos.hw01/06_frame/251.jpg 418 497 215 186 620 285 126 70 1010 278 116 352 450 144 196 9
videos.hw01/06_frame/252.jpg 818 1480 367 179 524 219 114 126 1424 281 158 339 962 500 395 8
videos.hw01/06_frame/253.jpg 402 948 292 207 487 418 246 247 166 209 194 204 660 248 157 15
videos.hw01/06_frame/254.jpg 568 782 623 187 596 232 109 149 536 515 216 160 650 530 343 20
videos.hw01/06_frame/255.jpg 316 524 425 221 285 255 152 62 506 177 231 265 318 612 270 67
videos.hw01/06_frame/256.jpg 792 594 433 181 1314 324 48 100 608 386 290 545 278 982 221 34
videos.hw01/06_frame/257.jpg 678 424 403 218 1182 366 53 84 442 319 193 472 378 1122 332 77
videos.hw01/06_frame/258.jpg 446 510 508 224 594 365 134 49 418 407 246 386 604 1016 315 49
videos.hw01/06_frame/259.jpg 366 752 338 236 686 261 142 57 650 408 296 382 816 920 428 115
videos.hw01/06_frame/260.jpg 302 1348 556 146 318 194 24 82 534 360 159 295 330 658 335 188
videos.hw01/06_frame/261.jpg 170 404 252 179 206 173 74 144 644 341 203 273 392 626 198 50
videos.hw01/06_frame/262.jpg 212 314 194 161 387 164 86 122 492 244 141 227 962 1020 83 224
videos.hw01/06_frame/263.jpg 230 578 226 128 691 580 88 119 310 287 203 205 716 352 203 129
videos.hw01/06_frame/264.jpg 110 164 254 111 351 333 32 141 658 216 99 132 442 336 345 99
videos.hw01/06_frame/265.jpg 124 512 80 85 928 426 62 66 878 330 222 255 208 648 510 99
videos.hw01/06_frame/266.jpg 238 1194 470 278 549 478 141 45 798 235 214 166 318 716 186 291
videos.hw01/06_frame/267.jpg 60 190 34 241 382 369 122 83 574 292 54 198 582 80 102 113
videos.hw01/06_frame/268.jpg 2 182 292 53 297 346 89 53 534 419 176 133 518 50 104 74
videos.hw01/06_frame/269.jpg 8 40 54 104 404 467 141 104 334 414 171 149 384 202 115 132
videos.hw01/06_frame/270.jpg 364 382 292 186 490 402 87 170 902 438 155 221 800 890 685 250
videos.hw01/06_frame/271.jpg 270 466 356 345 526 622 86 132 512 401 185 177 382 538 314 73
videos.hw01/06_frame/272.jpg 98 220 316 85 437 411 175 97 592 614 123 123 164 554 324 239
videos.hw01/06_frame/273.jpg 30 332 129 149 582 356 86 117 326 419 124 125 786 218 140 75
videos.hw01/06_frame/274.jpg 30 248 263 142 391 754 105 143 530 301 108 166 128 792 116 46
videos.hw01/06_frame/275.jpg 98 552 425 245 281 730 131 106 448 375 104 162 108 296 566 163
videos.hw01/06_frame/276.jpg 418 1028 358 256 397 1033 106 86 484 503 191 179 858 620 378 145
videos.hw01/06_frame/277.jpg 116 928 162 124 514 1184 121 170 276 351 107 164 314 1064 246 5
videos.hw01/06_frame/278.jpg 140 460 390 103 165 938 154 88 444 315 125 392 544 282 338 125
videos.hw01/06_frame/279.jpg 188 196 187 175 234 248 189 140 450 214 169 92 362 436 418 110
videos.hw01/06_frame/280.jpg 410 482 434 205 358 480 123 235 214 340 242 303 758 234 190 141
videos.hw01/06_frame/281.jpg 50 10 252 111 167 367 135 146 380 292 124 154 184 16 114 161
videos.hw01/06_frame/282.jpg 40 122 114 244 229 339 90 151 492 594 119 157 718 590 370 82
videos.hw01/06_frame/283.jpg 0 120 258 186 267 327 148 87 342 892 222 223 180 408 240 195
videos.hw01/06_frame/284.jpg 8 270 192 166 381 391 209 117 222 578 193 424 560 332 262 88
videos.hw01/06_frame/285.jpg 90 18 85 200 333 346 186 121 248 650 197 383 266 274 276 33
videos.hw01/06_frame/286.jpg 274 166 239 78 501 587 151 168 360 614 269 465 264 254 230 53
videos.hw01/06_frame/287.jpg 4 146 63 156 382 408 224 89 284 282 213 539 240 320 64 24
videos.hw01/06_frame/288.jpg 0 8 137 194 382 807 253 118 312 412 256 363 276 94 144 66
videos.hw01/06_frame/289.jpg 118 94 107 143 425 1570 348 107 396 624 512 302 584 436 272 21
videos.hw01/06_frame/290.jpg 112 372 269 400 434 688 331 144 266 910 468 247 502 500 154 153
videos.hw01/06_frame/291.jpg 0 180 98 145 344 395 392 213 430 372 356 281 56 74 30 48
videos.hw01/06_frame/292.jpg 128 40 88 143 381 318 411 158 358 482 335 113 196 130 220 97
videos.hw01/06_frame/293.jpg 0 296 0 108 371 633 353 107 312 326 271 238 50 286 356 157
videos.hw01/06_frame/294.jpg 30 24 40 132 281 499 342 189 328 546 283 282 396 314 78 342
videos.hw01/06_frame/295.jpg 60 66 144 114 310 894 404 169 508 418 320 254 24 192 476 328
videos.hw01/06_frame/296.jpg 2 92 0 22 386 878 208 251 454 485 297 335 14 260 116 345
videos.hw01/06_frame/297.jpg 10 166 144 72 280 310 303 263 373 491 357 225 182 52 52 233
videos.hw01/06_frame/298.jpg 118 244 176 0 296 1461 112 236 400 513 368 381 110 28 287 418
videos.hw01/06_frame/299.jpg 8 78 12 0 156 310 131 198 445 523 295 236 80 140 1039 278
videos.hw01/06_frame/300.jpg 178 8 14 208 212 323 278 224 433 584 235 154 174 136 210 183
videos.hw01/06_frame/301.jpg 116 340 294 42 552 1968 136 160 294 334 238 431 838 1000 906 297
videos.hw01/06_frame/302.jpg 2 88 434 30 162 376 64 170 271 263 341 173 166 130 319 357
videos.hw01/06_frame/303.jpg 0 0 0 2 22 264 104 131 465 338 236 251 14 106 134 316
videos.hw01/06_frame/304.jpg 80 0 0 0 0 22 75 156 358 163 212 238 162 142 160 191
videos.hw01/06_frame/305.jpg 0 0 0 0 40 2 80 76 146 277 165 413 0 576 412 113
videos.hw01/06_frame/306.jpg 88 90 90 98 90 238 215 60 98 161 63 401 0 210 110 176
videos.hw01/06_frame/307.jpg 2 116 6 4 12 244 177 68 95 217 209 94 10 0 67 152
videos.hw01/06_frame/308.jpg 90 6 72 8 376 466 80 152 104 282 122 184 72 16 105 124
videos.hw01/06_frame/309.jpg 174 76 40 0 86 470 96 103 256 408 210 103 192 418 90 96
videos.hw01/06_frame/310.jpg 50 34 8 0 192 50 131 92 152 234 185 94 198 158 124 103
videos.hw01/06_frame/311.jpg 244 130 18 296 198 964 97 87 255 307 238 147 124 1518 188 125
videos.hw01/06_frame/312.jpg 50 56 44 42 212 260 68 83 307 300 316 139 398 414 189 186
videos.hw01/06_frame/313.jpg 350 208 56 112 234 463 335 114 376 429 228 167 166 276 418 142
videos.hw01/06_frame/314.jpg 68 120 16 88 260 400 88 134 311 302 328 168 238 106 276 151
videos.hw01/06_frame/315.jpg 18 40 0 2 118 598 192 133 296 291 185 82 274 40 112 152
videos.hw01/06_frame/316.jpg 6 132 146 82 290 1168 135 177 194 270 183 162 362 180 315 224
videos.hw01/06_frame/317.jpg 174 42 26 60 211 279 180 131 256 597 163 152 44 56 70 137
videos.hw01/06_frame/318.jpg 92 8 86 44 315 361 189 164 383 385 202 158 338 210 182 102
videos.hw01/06_frame/319.jpg 80 154 70 76 266 455 218 165 380 351 170 211 220 100 174 163
videos.hw01/06_frame/320.jpg 78 304 48 100 238 370 318 103 250 661 175 216 260 16 283 177
videos.hw01/06_frame/321.jpg 104 40 166 176 215 417 239 111 222 398 155 205 12 170 86 287
videos.hw01/06_frame/322.jpg 316 6 98 88 176 91 303 149 322 330 324 187 200 532 208 93
videos.hw01/06_frame/323.jpg 58 10 26 48 99 280 218 104 172 152 148 125 90 20 87 182
videos.hw01/06_frame/324.jpg 122 122 56 116 127 304 347 116 180 256 341 313 10 382 159 253
videos.hw01/06_frame/325.jpg 36 136 46 194 172 465 266 71 228 538 248 385 310 80 91 355
videos.hw01/06_frame/326.jpg 80 160 208 100 105 340 279 169 190 172 408 210 14 280 145 286
videos.hw01/06_frame/327.jpg 82 80 224 58 193 357 174 40 200 240 346 284 356 218 215 290
videos.hw01/06_frame/328.jpg 474 40 202 24 218 411 221 103 400 606 311 238 484 274 160 422
videos.hw01/06_frame/329.jpg 0 30 160 24 196 651 131 91 377 491 203 205 24 0 133 360
videos.hw01/06_frame/330.jpg 0 0 8 19 333 556 87 107 282 316 411 242 0 0 43 417
videos.hw01/06_frame/331.jpg 168 136 712 220 207 600 375 130 286 570 322 512 768 178 491 228
videos.hw01/06_frame/332.jpg 16 32 34 159 213 233 264 93 240 764 281 181 410 104 67 186
videos.hw01/06_frame/333.jpg 10 46 38 34 232 159 240 79 403 556 459 408 296 0 71 157
videos.hw01/06_frame/334.jpg 0 2 0 0 284 502 390 152 426 667 393 185 40 78 82 122
videos.hw01/06_frame/335.jpg 30 44 160 14 194 429 377 120 419 429 226 216 194 28 86 190
videos.hw01/06_frame/336.jpg 156 48 162 2 334 636 246 144 412 647 410 346 162 194 97 166
videos.hw01/06_frame/337.jpg 136 70 162 226 222 1078 376 159 458 515 297 166 76 400 273 221
videos.hw01/06_frame/338.jpg 94 104 166 46 220 355 323 137 308 426 205 145 150 114 128 175
videos.hw01/06_frame/339.jpg 2 178 0 2 82 378 176 70 235 244 136 197 0 162 136 166
videos.hw01/06_frame/340.jpg 10 178 0 26 114 172 310 96 220 169 198 207 112 368 180 186
videos.hw01/06_frame/341.jpg 0 40 0 110 60 668 112 99 234 360 157 161 136 460 468 197
videos.hw01/06_frame/342.jpg 72 90 32 132 86 90 185 96 244 443 301 153 100 192 118 277
videos.hw01/06_frame/343.jpg 40 80 24 118 4 14 184 107 391 364 138 268 84 198 320 321
videos.hw01/06_frame/344.jpg 16 2 66 140 0 50 237 101 352 199 233 141 100 154 92 208
videos.hw01/06_frame/345.jpg 8 64 392 136 2 176 157 63 262 321 122 219 152 136 298 443
videos.hw01/06_frame/346.jpg 88 88 146 280 158 484 99 77 218 387 240 258 194 234 202 327
videos.hw01/06_frame/347.jpg 26 0 22 94 70 234 114 95 277 173 175 285 140 466 359 175
videos.hw01/06_frame/348.jpg 88 340 106 154 0 372 300 48 207 351 177 307 68 320 442 270
videos.hw01/06_frame/349.jpg 68 384 76 114 60 236 423 168 102 185 146 217 130 300 621 131
videos.hw01/06_frame/350.jpg 72 48 58 66 40 72 73 32 198 139 219 163 306 162 213 174
videos.hw01/06_frame/351.jpg 0 66 124 70 0 52 223 45 211 146 187 140 214 246 74 288
videos.hw01/06_frame/352.jpg 0 98 126 110 90 192 195 106 217 291 211 84 60 182 167 233
videos.hw01/06_frame/353.jpg 0 0 0 64 10 32 338 28 319 412 222 91 84 308 218 218
videos.hw01/06_frame/354.jpg 0 112 148 129 90 174 206 42 276 287 219 225 90 402 231 169
videos.hw01/06_frame/355.jpg 38 10 88 63 116 238 314 51 323 225 303 113 232 550 533 89
videos.hw01/06_frame/356.jpg 0 18 72 84 82 364 269 80 349 214 246 183 40 88 387 86
videos.hw01/06_frame/357.jpg 0 42 76 248 140 306 475 86 290 520 244 174 100 148 153 136
videos.hw01/06_frame/358.jpg 2 262 260 137 94 656 233 147 280 484 389 238 2 414 192 249
videos.hw01/06_frame/359.jpg 0 440 284 53 146 652 267 65 244 684 286 251 156 350 236 128
videos.hw01/06_frame/360.jpg 0 18 94 131 260 378 358 140 278 588 200 109 74 622 219 137
videos.hw01/06_frame/361.jpg 450 268 322 323 676 800 337 144 272 609 407 193 416 432 645 104
videos.hw01/06_frame/362.jpg 40 240 80 86 290 294 256 192 384 542 318 227 80 74 314 74
videos.hw01/06_frame/363.jpg 50 40 76 79 308 384 227 211 420 472 214 129 336 50 305 36
videos.hw01/06_frame/364.jpg 0 28 286 245 286 410 221 212 322 443 369 162 2 220 459 136
videos.hw01/06_frame/365.jpg 72 346 314 88 318 834 177 183 211 363 127 184 46 286 62 70
videos.hw01/06_frame/366.jpg 80 24 40 102 336 394 251 193 247 346 147 317 10 198 95 176
videos.hw01/06_frame/367.jpg 0 0 56 295 324 439 329 171 314 436 245 279 0 40 131 377
videos.hw01/06_frame/368.jpg 0 0 220 69 456 274 375 120 324 399 252 261 100 176 23 685
videos.hw01/06_frame/369.jpg 0 80 274 123 254 450 307 71 198 426 192 181 18 300 346 680
videos.hw01/06_frame/370.jpg 182 970 280 111 284 1705 355 36 274 492 275 233 430 1370 56 577
videos.hw01/06_frame/371.jpg 64 516 58 127 166 259 220 60 450 445 172 308 172 136 42 782
videos.hw01/06_frame/372.jpg 12 64 78 83 182 439 249 67 278 257 214 427 340 546 186 152
videos.hw01/06_frame/373.jpg 118 356 202 94 152 553 105 125 334 336 368 529 326 404 112 74
videos.hw01/06_frame/374.jpg 30 16 8 113 304 265 81 36 185 280 421 435 190 188 165 60
videos.hw01/06_frame/375.jpg 38 96 16 14 192 198 127 35 183 268 333 503 244 166 220 89
videos.hw01/06_frame/376.jpg 76 80 32 86 210 445 221 17 577 380 262 439 100 258 288 149
videos.hw01/06_frame/377.jpg 16 200 220 93 260 440 332 20 560 428 363 323 44 276 284 116
videos.hw01/06_frame/378.jpg 72 354 146 101 282 639 300 107 394 450 675 98 66 510 82 100
videos.hw01/06_frame/379.jpg 0 0 90 38 254 482 311 49 426 472 464 350 18 60 284 120
videos.hw01/06_frame/380.jpg 0 152 184 114 334 650 422 69 364 610 311 217 60 344 372 331
videos.hw01/06_frame/381.jpg 0 72 82 205 370 418 303 25 234 392 376 513 2 196 128 238
videos.hw01/06_frame/382.jpg 90 42 80 15 266 793 212 52 517 600 163 348 16 264 132 142
videos.hw01/06_frame/383.jpg 10 68 80 247 290 701 233 72 405 369 324 232 730 288 468 159
videos.hw01/06_frame/384.jpg 0 30 40 101 154 555 156 128 269 300 155 225 98 244 12 268
videos.hw01/06_frame/385.jpg 56 258 212 255 162 637 157 38 396 292 156 211 86 50 20 335
videos.hw01/06_frame/386.jpg 90 164 142 80 100 782 85 48 432 473 269 178 6 254 102 262
videos.hw01/06_frame/387.jpg 80 34 40 47 50 306 197 83 317 169 167 200 0 42 18 166
videos.hw01/06_frame/388.jpg 0 170 0 19 66 312 173 388 279 303 249 175 0 18 45 108
videos.hw01/06_frame/389.jpg 0 0 0 26 128 322 125 610 528 369 222 229 50 210 180 181
videos.hw01/06_frame/390.jpg 20 234 52 118 238 270 118 671 175 332 243 293 314 34 109 297
videos.hw01/06_frame/391.jpg 132 234 126 125 218 428 118 563 315 322 350 510 366 856 151 220
videos.hw01/06_frame/392.jpg 40 88 66 44 232 116 233 352 215 135 209 355 22 84 253 103
videos.hw01/06_frame/393.jpg 6 56 98 23 120 503 357 532 361 404 305 252 222 30 37 120
videos.hw01/06_frame/394.jpg 14 32 194 48 358 220 388 589 327 435 202 119 90 26 52 113
videos.hw01/06_frame/395.jpg 0 0 0 45 66 197 197 455 251 213 330 210 6 16 27 79
videos.hw01/06_frame/396.jpg 0 0 84 62 298 277 252 330 249 266 231 400 170 70 30 221
videos.hw01/06_frame/397.jpg 74 180 160 53 128 125 310 259 369 289 247 271 228 76 384 313
videos.hw01/06_frame/398.jpg 208 26 88 88 160 258 253 175 436 550 338 207 40 226 322 202
videos.hw01/06_frame/399.jpg 0 8 40 39 144 330 295 129 397 282 329 295 2 8 166 209
videos.hw01/06_frame/400.jpg 94 6 2 37 128 248 317 160 418 362 225 298 0 14 156 121
videos.hw01/06_frame/401.jpg 0 170 46 123 122 218 250 94 382 364 354 313 0 72 349 252
videos.hw01/06_frame/402.jpg 192 140 240 171 192 306 372 133 269 312 283 214 210 240 175 228
videos.hw01/06_frame/403.jpg 50 10 14 193 180 401 287 222 161 371 243 268 42 188 123 154
videos.hw01/06_frame/404.jpg 8 48 164 113 146 333 355 228 164 439 366 512 56 342 128 108
videos.hw01/06_frame/405.jpg 0 242 118 225 242 512 370 204 231 391 420 594 0 528 309 147
videos.hw01/06_frame/406.jpg 16 346 206 250 373 296 411 290 425 368 439 873 256 154 261 281
videos.hw01/06_frame/407.jpg 62 14 64 279 173 317 407 463 252 284 356 875 12 278 126 255
videos.hw01/06_frame/408.jpg 0 188 200 267 136 184 330 436 269 337 248 776 120 232 15 157
videos.hw01/06_frame/409.jpg 62 352 64 305 101 253 274 257 171 525 344 363 514 390 205 169
videos.hw01/06_frame/410.jpg 28 296 133 127 188 329 167 230 242 328 208 243 26 354 137 183
videos.hw01/06_frame/411.jpg 90 34 187 200 126 198 104 247 190 311 256 229 80 202 17 125
videos.hw01/06_frame/412.jpg 10 8 94 147 43 176 131 220 410 419 163 185 114 202 73 79
videos.hw01/06_frame/413.jpg 0 16 83 142 61 116 165 137 213 87 192 205 8 264 176 72
videos.hw01/06_frame/414.jpg 0 98 149 80 94 133 158 155 278 254 186 88 40 296 76 75
videos.hw01/06_frame/415.jpg 0 88 58 118 135 160 159 180 137 230 106 209 0 468 93 216
videos.hw01/06_frame/416.jpg 50 466 88 74 244 254 109 264 424 567 187 175 32 498 29 109
videos.hw01/06_frame/417.jpg 0 42 49 83 196 181 200 250 144 228 188 190 8 268 8 43
videos.hw01/06_frame/418.jpg 0 0 136 78 218 196 154 237 111 70 192 121 0 18 8 42
videos.hw01/06_frame/419.jpg 0 198 50 132 130 176 210 264 439 192 259 211 26 170 136 33
videos.hw01/06_frame/420.jpg 0 78 141 262 206 290 231 278 137 288 301 150 0 182 145 48
videos.hw01/06_frame/421.jpg 46 660 325 197 360 272 254 155 153 131 243 327 814 610 169 66
videos.hw01/06_frame/422.jpg 60 102 248 252 250 181 206 115 300 462 153 255 336 120 47 13
videos.hw01/06_frame/423.jpg 34 42 89 169 162 341 200 200 138 400 292 337 2 402 118 48
videos.hw01/06_frame/424.jpg 126 130 184 191 186 312 146 232 160 260 205 230 86 220 88 26
videos.hw01/06_frame/425.jpg 0 0 50 165 224 194 167 171 196 199 136 339 12 12 47 38
videos.hw01/06_frame/426.jpg 0 0 59 145 144 299 170 266 195 174 205 155 10 90 100 35
videos.hw01/06_frame/427.jpg 0 152 208 161 142 327 270 72 122 148 211 314 10 170 96 90
videos.hw01/06_frame/428.jpg 58 28 157 137 132 261 228 102 212 363 311 385 160 420 265 87
videos.hw01/06_frame/429.jpg 164 264 191 145 364 286 221 738 250 257 317 382 156 152 94 108
videos.hw01/06_frame/430.jpg 82 142 155 136 308 498 131 237 140 311 308 323 46 484 100 125
videos.hw01/06_frame/431.jpg 110 180 74 123 162 169 121 180 518 311 278 434 392 274 84 99
videos.hw01/06_frame/432.jpg 50 136 192 107 188 340 152 248 242 282 262 299 194 184 167 117
videos.hw01/06_frame/433.jpg 192 566 386 95 276 591 84 299 1082 277 191 328 158 378 247 168
videos.hw01/06_frame/434.jpg 74 326 67 134 128 508 97 181 268 126 213 280 336 402 199 112
videos.hw01/06_frame/435.jpg 96 930 213 70 184 351 122 192 122 243 339 239 374 552 42 92
videos.hw01/06_frame/436.jpg 56 434 110 154 692 408 140 296 306 291 303 169 300 104 110 117
videos.hw01/06_frame/437.jpg 178 1214 228 80 208 295 336 232 244 265 344 133 186 202 156 150
videos.hw01/06_frame/438.jpg 86 294 79 135 14 290 270 288 336 365 139 154 64 448 116 106
videos.hw01/06_frame/439.jpg 0 754 207 144 18 565 184 239 318 202 231 224 10 456 296 150
videos.hw01/06_frame/440.jpg 40 406 55 129 324 197 169 205 260 431 207 326 210 492 160 127
videos.hw01/06_frame/441.jpg 178 482 187 44 188 304 201 179 492 222 207 252 392 416 54 129
videos.hw01/06_frame/442.jpg 20 352 117 48 472 429 179 154 536 569 275 270 566 498 118 124
videos.hw01/06_frame/443.jpg 260 320 165 28 256 536 191 210 252 344 367 252 210 448 153 116
videos.hw01/06_frame/444.jpg 144 320 36 25 170 398 212 220 230 301 133 121 168 368 152 89
videos.hw01/06_frame/445.jpg 686 494 108 16 842 514 188 202 240 366 355 271 204 548 241 74
videos.hw01/06_frame/446.jpg 40 578 99 7 216 503 137 197 342 244 209 175 210 228 45 66
videos.hw01/06_frame/447.jpg 140 332 217 0 398 285 124 165 66 351 157 239 28 522 85 39
videos.hw01/06_frame/448.jpg 354 288 125 0 110 433 175 147 264 229 171 254 96 276 198 10
videos.hw01/06_frame/449.jpg 216 314 62 0 68 309 246 124 544 408 479 151 318 584 45 5
videos.hw01/06_frame/450.jpg 378 248 257 0 272 162 133 84 402 372 190 148 310 264 147 2
videos.hw01/06_frame/451.jpg 394 994 153 0 712 401 124 66 454 681 221 90 1036 960 203 0
videos.hw01/06_frame/452.jpg 208 140 95 0 22 96 95 54 60 148 272 89 202 88 77 0
videos.hw01/06_frame/453.jpg 12 153 128 3 52 173 144 39 344 324 271 228 50 156 41 0
videos.hw01/06_frame/454.jpg 70 306 77 3 348 191 102 55 252 356 127 194 142 324 0 0
videos.hw01/06_frame/455.jpg 164 183 61 0 194 366 237 54 76 218 252 205 420 492 52 0
videos.hw01/06_frame/456.jpg 424 105 169 0 132 305 122 44 292 232 166 177 162 368 134 0
videos.hw01/06_frame/457.jpg 480 449 126 0 428 133 185 36 118 314 185 173 258 468 145 0
videos.hw01/06_frame/458.jpg 94 137 68 0 86 289 168 38 120 389 117 110 352 500 9 0
videos.hw01/06_frame/459.jpg 290 229 87 0 550 287 170 39 544 128 147 145 50 316 64 0
videos.hw01/06_frame/460.jpg 38 226 60 0 210 368 101 48 222 352 147 93 146 122 150 0
videos.hw01/06_frame/461.jpg 284 211 96 0 266 310 136 36 230 222 141 163 14 526 161 0
videos.hw01/06_frame/462.jpg 136 383 41 0 88 266 178 31 318 118 147 149 168 112 4 0
videos.hw01/06_frame/463.jpg 118 422 99 0 196 299 128 17 200 325 143 56 60 294 4 0
videos.hw01/06_frame/464.jpg 86 256 47 0 116 188 184 29 148 165 195 185 208 548 1 0
videos.hw01/06_frame/465.jpg 182 250 150 0 162 302 126 24 274 354 212 199 106 262 40 0
videos.hw01/06_frame/466.jpg 1320 879 173 0 810 707 136 15 956 294 253 76 438 600 134 0
videos.hw01/06_frame/467.jpg 268 331 262 0 188 150 112 9 338 304 89 131 202 336 147 0
videos.hw01/06_frame/468.jpg 350 56 89 0 18 221 126 13 438 227 148 181 196 20 0 0
videos.hw01/06_frame/469.jpg 188 471 103 0 92 184 115 10 472 165 320 128 156 230 109 0
videos.hw01/06_frame/470.jpg 172 565 239 0 10 266 165 10 104 276 138 195 90 86 1 0
videos.hw01/06_frame/471.jpg 320 302 45 0 544 284 124 5 428 342 208 131 438 154 41 0
videos.hw01/06_frame/472.jpg 168 24 178 0 130 125 141 5 188 111 119 143 0 30 0 0
videos.hw01/06_frame/473.jpg 134 146 36 0 134 140 122 2 58 150 174 154 0 22 90 0
videos.hw01/06_frame/474.jpg 296 240 80 0 178 141 81 3 250 201 96 206 22 110 0 0
videos.hw01/06_frame/475.jpg 294 24 20 0 46 288 123 4 298 263 123 135 90 211 99 0
videos.hw01/06_frame/476.jpg 46 240 104 0 150 211 128 1 218 407 185 98 88 343 32 0
videos.hw01/06_frame/477.jpg 158 64 93 0 40 231 104 2 74 112 139 129 24 51 16 0
videos.hw01/06_frame/478.jpg 400 164 67 0 222 280 101 3 162 280 145 172 104 207 68 0
videos.hw01/06_frame/479.jpg 472 184 67 0 484 221 124 3 334 248 125 141 610 188 100 0
videos.hw01/06_frame/480.jpg 334 134 55 0 214 236 73 3 188 293 69 116 64 180 0 0
videos.hw01/06_frame/481.jpg 228 367 85 0 378 723 131 2 302 239 115 62 264 148 36 0
videos.hw01/06_frame/482.jpg 160 164 69 0 96 198 79 2 316 360 224 113 70 537 36 0
videos.hw01/06_frame/483.jpg 236 80 104 0 128 159 111 0 396 391 113 132 56 108 0 0
videos.hw01/06_frame/484.jpg 244 67 30 0 72 111 70 0 260 250 100 85 80 24 11 0
videos.hw01/06_frame/485.jpg 174 383 83 0 92 397 109 0 110 216 134 118 584 250 11 0
videos.hw01/06_frame/486.jpg 378 61 81 0 216 109 65 0 126 380 121 97 60 389 0 0
videos.hw01/06_frame/487.jpg 252 188 68 0 146 477 56 0 620 428 51 92 192 312 0 0
videos.hw01/06_frame/488.jpg 700 205 70 0 144 229 83 0 398 324 98 78 146 400 0 0
videos.hw01/06_frame/489.jpg 386 70 22 0 274 185 71 0 78 157 239 56 334 225 0 0
videos.hw01/06_frame/490.jpg 192 217 126 0 94 203 151 0 210 208 133 74 62 312 12 0
videos.hw01/06_frame/491.jpg 300 195 31 0 484 136 40 0 144 149 140 84 184 165 0 0
videos.hw01/06_frame/492.jpg 122 131 69 0 172 209 41 0 98 139 108 52 392 346 3 0
videos.hw01/06_frame/493.jpg 694 267 98 0 356 354 31 0 276 271 161 69 554 244 3 0
videos.hw01/06_frame/494.jpg 218 175 75 0 338 70 88 0 40 148 156 77 188 255 0 0
videos.hw01/06_frame/495.jpg 350 157 77 0 116 197 52 0 76 384 159 40 38 58 0 0
videos.hw01/06_frame/496.jpg 930 480 47 0 536 259 35 0 254 303 194 56 502 346 0 0
videos.hw01/06_frame/497.jpg 64 138 123 0 60 187 86 0 58 261 75 71 90 150 0 0
videos.hw01/06_frame/498.jpg 252 126 112 0 230 190 54 0 126 170 88 65 328 114 5 0
videos.hw01/06_frame/499.jpg 394 368 8 0 126 414 38 0 202 289 140 72 362 334 1 0
videos.hw01/06_frame/500.jpg 170 182 123 0 108 164 41 0 230 263 115 80 134 149 6 0
videos.hw01/06_frame/501.jpg 164 86 104 0 172 128 46 0 228 297 114 19 256 110 0 0
videos.hw01/06_frame/502.jpg 268 149 121 0 126 146 65 0 98 139 127 50 56 308 0 0
videos.hw01/06_frame/503.jpg 356 125 192 0 316 214 59 0 120 181 119 50 90 180 0 0
videos.hw01/06_frame/504.jpg 134 128 70 0 278 413 18 0 446 220 73 104 94 418 13 0
videos.hw01/06_frame/505.jpg 286 232 40 0 100 352 29 0 42 143 100 138 16 635 2 0
videos.hw01/06_frame/506.jpg 302 159 85 0 74 309 57 0 92 188 112 45 52 154 15 0
videos.hw01/06_frame/507.jpg 212 68 49 0 200 151 5 0 42 135 87 45 126 160 0 0
videos.hw01/06_frame/508.jpg 124 157 0 0 68 176 0 0 196 369 145 55 56 298 0 0
videos.hw01/06_frame/509.jpg 184 52 0 0 110 61 0 0 4 255 110 47 72 68 0 0
videos.hw01/06_frame/510.jpg 198 173 0 0 312 76 0 0 122 143 61 47 40 336 0 0
videos.hw01/06_frame/511.jpg 480 189 0 0 234 233 0 0 192 328 83 84 8 173 0 0
videos.hw01/06_frame/512.jpg 436 217 0 0 174 105 0 0 66 200 134 70 112 71 0 0
videos.hw01/06_frame/513.jpg 222 106 0 0 116 50 0 0 32 225 102 51 104 12 0 0
videos.hw01/06_frame/514.jpg 194 161 0 0 94 90 0 0 92 247 77 104 40 43 0 0
videos.hw01/06_frame/515.jpg 294 221 0 0 262 89 0 0 174 205 66 44 50 163 0 0
videos.hw01/06_frame/516.jpg 278 87 0 0 108 140 0 0 96 308 117 54 108 137 0 0
videos.hw01/06_frame/517.jpg 248 148 0 0 168 112 0 0 52 337 73 55 740 355 0 0
videos.hw01/06_frame/518.jpg 234 181 0 0 200 218 0 0 14 406 107 37 8 378 0 0
videos.hw01/06_frame/519.jpg 328 193 0 0 72 393 0 0 24 334 94 85 18 93 0 0
videos.hw01/06_frame/520.jpg 176 343 0 0 132 191 0 0 362 156 64 64 132 498 0 0
videos.hw01/06_frame/521.jpg 40 83 0 0 20 144 0 0 202 131 83 36 84 208 0 0
videos.hw01/06_frame/522.jpg 248 211 0 0 88 50 0 0 32 117 111 43 56 35 0 7
videos.hw01/06_frame/523.jpg 172 177 0 0 106 316 0 0 66 182 69 65 158 222 0 21
videos.hw01/06_frame/524.jpg 344 120 0 0 120 152 0 0 334 236 90 110 558 280 0 35
videos.hw01/06_frame/525.jpg 274 111 0 0 118 42 0 0 152 225 64 114 110 20 0 36
videos.hw01/06_frame/526.jpg 146 235 0 0 140 197 0 0 78 176 94 40 132 217 0 41
videos.hw01/06_frame/527.jpg 364 144 0 0 166 270 0 0 188 301 98 38 94 121 0 57
videos.hw01/06_frame/528.jpg 104 195 0 0 82 378 0 0 316 472 107 54 104 45 0 69
videos.hw01/06_frame/529.jpg 244 128 0 0 130 251 0 0 234 148 83 30 120 116 0 70
videos.hw01/06_frame/530.jpg 20 30 0 0 94 68 0 0 80 140 61 37 18 14 0 64
videos.hw01/06_frame/531.jpg 212 119 0 0 0 105 0 0 34 140 78 45 0 88 0 68
videos.hw01/06_frame/532.jpg 86 90 0 0 140 54 0 0 38 157 80 30 16 65 0 87
videos.hw01/06_frame/533.jpg 186 206 0 0 74 109 0 0 80 100 63 41 104 40 0 67
videos.hw01/06_frame/534.jpg 114 93 0 0 140 57 0 0 60 104 46 54 40 31 0 78
videos.hw01/06_frame/535.jpg 10 209 0 0 42 152 0 0 44 266 71 18 50 36 0 51
videos.hw01/06_frame/536.jpg 114 199 0 0 94 124 0 0 124 255 59 28 218 35 0 63
videos.hw01/06_frame/537.jpg 34 75 0 0 32 223 0 0 8 153 40 50 70 73 0 97
videos.hw01/06_frame/538.jpg 40 13 0 0 2 26 0 0 62 133 57 37 34 28 0 68
videos.hw01/06_frame/539.jpg 146 69 0 0 108 70 0 0 66 90 83 84 50 7 0 56
videos.hw01/06_frame/540.jpg 64 306 0 0 228 197 0 0 280 88 52 54 94 30 0 72
videos.hw01/06_frame/541.jpg 106 155 0 0 190 431 0 0 234 102 63 50 216 61 0 45
videos.hw01/06_frame/542.jpg 98 104 0 0 110 201 0 0 116 237 81 59 104 87 0 48
videos.hw01/06_frame/543.jpg 150 49 0 0 64 51 0 0 74 180 80 77 124 44 0 45
videos.hw01/06_frame/544.jpg 88 45 0 0 162 135 0 0 102 236 42 63 136 195 0 66
videos.hw01/06_frame/545.jpg 18 75 0 0 26 42 0 0 86 87 95 99 6 50 0 57
videos.hw01/06_frame/546.jpg 90 23 0 0 8 69 0 0 44 130 28 116 38 6 0 37
videos.hw01/06_frame/547.jpg 354 91 0 0 174 84 0 0 122 136 28 65 194 63 0 54
videos.hw01/06_frame/548.jpg 22 69 0 0 16 34 0 0 46 196 48 139 18 44 0 49
videos.hw01/06_frame/549.jpg 60 25 0 0 0 5 0 0 106 168 88 83 0 13 0 26
videos.hw01/06_frame/550.jpg 162 97 0 0 48 186 0 0 134 162 105 41 80 64 0 20
videos.hw01/06_frame/551.jpg 0 9 0 0 46 21 0 0 46 177 118 47 0 0 0 46
videos.hw01/06_frame/552.jpg 50 125 0 0 0 15 0 0 46 134 104 106 0 0 0 20
videos.hw01/06_frame/553.jpg 42 61 0 0 10 27 0 0 100 344 110 113 174 169 0 27
videos.hw01/06_frame/554.jpg 54 49 0 0 16 76 0 0 134 124 46 108 108 79 0 48
videos.hw01/06_frame/555.jpg 24 79 0 0 96 40 0 0 62 166 80 72 34 48 0 29
videos.hw01/06_frame/556.jpg 438 148 0 0 190 336 0 0 132 120 134 64 530 197 0 56
videos.hw01/06_frame/557.jpg 144 143 0 0 38 59 0 0 96 120 134 106 214 85 0 45
videos.hw01/06_frame/558.jpg 118 56 0 0 100 53 0 0 50 117 81 67 122 96 0 58
videos.hw01/06_frame/559.jpg 96 83 0 0 44 62 0 0 164 62 78 66 104 73 0 39
videos.hw01/06_frame/560.jpg 96 80 0 0 186 31 0 0 90 141 110 102 124 17 0 27
videos.hw01/06_frame/561.jpg 144 126 0 0 120 66 0 0 156 236 120 77 102 83 0 42
videos.hw01/06_frame/562.jpg 24 44 0 0 24 124 0 0 156 123 78 68 170 43 0 46
videos.hw01/06_frame/563.jpg 134 361 0 0 120 133 0 0 206 152 63 61 58 50 0 61
videos.hw01/06_frame/564.jpg 82 48 0 0 40 72 0 0 78 64 85 76 2 16 0 39
videos.hw01/06_frame/565.jpg 156 216 0 0 114 48 0 0 158 61 30 83 232 83 0 43
videos.hw01/06_frame/566.jpg 34 64 0 0 32 110 0 0 132 205 32 92 64 14 0 20
videos.hw01/06_frame/567.jpg 34 88 0 0 8 85 0 0 34 38 36 76 0 7 0 47
videos.hw01/06_frame/568.jpg 0 2 0 0 0 0 0 0 116 95 53 46 78 66 0 37
videos.hw01/06_frame/569.jpg 0 33 0 0 0 39 0 0 42 78 18 61 6 24 0 64
videos.hw01/06_frame/570.jpg 0 26 0 0 10 3 0 0 68 54 81 82 10 11 0 26
videos.hw01/06_frame/571.jpg 18 117 0 0 228 174 0 0 54 80 79 48 308 218 0 35
videos.hw01/06_frame/572.jpg 58 114 0 0 102 54 0 0 46 51 34 44 38 0 0 31
videos.hw01/06_frame/573.jpg 186 26 0 0 0 81 0 0 50 99 55 57 0 25 0 50
videos.hw01/06_frame/574.jpg 8 10 0 0 24 78 0 0 68 88 44 100 0 13 0 58
videos.hw01/06_frame/575.jpg 0 65 0 0 0 134 0 0 54 34 54 55 0 18 0 60
videos.hw01/06_frame/576.jpg 0 54 0 0 2 30 0 0 72 69 62 37 40 48 0 23
videos.hw01/06_frame/577.jpg 30 100 0 0 66 30 0 0 114 72 50 66 228 59 0 48
videos.hw01/06_frame/578.jpg 106 13 0 0 24 66 0 0 110 36 22 88 152 10 0 23
videos.hw01/06_frame/579.jpg 16 22 0 0 50 104 0 0 86 111 47 74 42 48 0 63
videos.hw01/06_frame/580.jpg 0 13 0 0 66 114 0 0 24 59 88 49 10 21 0 51
videos.hw01/06_frame/581.jpg 32 2 0 0 20 52 0 0 104 93 57 73 42 15 0 64
videos.hw01/06_frame/582.jpg 0 5 0 0 10 48 0 0 42 127 45 58 72 0 0 32
videos.hw01/06_frame/583.jpg 64 10 0 0 74 58 0 0 176 138 67 33 66 4 0 34
videos.hw01/06_frame/584.jpg 122 19 0 0 130 82 0 0 176 79 24 55 120 28 0 49
videos.hw01/06_frame/585.jpg 66 46 0 0 122 46 0 0 56 79 57 46 86 73 0 69
videos.hw01/06_frame/586.jpg 224 48 0 0 222 183 0 0 40 97 41 40 244 242 0 42
videos.hw01/06_frame/587.jpg 186 134 0 0 124 100 0 0 134 142 42 47 346 176 0 73
videos.hw01/06_frame/588.jpg 6 9 0 0 40 23 0 0 60 94 19 62 82 70 0 67
videos.hw01/06_frame/589.jpg 248 136 0 0 88 98 0 0 254 166 58 43 168 48 0 34
videos.hw01/06_frame/590.jpg 66 37 0 0 10 59 0 0 130 81 52 76 70 8 0 42
videos.hw01/06_frame/591.jpg 4 4 0 0 106 76 0 0 80 53 35 55 8 15 1 32
videos.hw01/06_frame/592.jpg 2 13 0 0 0 26 0 0 28 84 55 71 50 37 1 45
videos.hw01/06_frame/593.jpg 0 36 0 0 2 33 0 0 8 124 39 45 0 20 2 48
videos.hw01/06_frame/594.jpg 6 18 0 0 4 62 0 0 24 127 56 32 50 21 2 29
videos.hw01/06_frame/595.jpg 76 34 0 0 74 86 0 0 116 128 73 42 72 60 6 39
videos.hw01/06_frame/596.jpg 20 33 0 0 16 34 0 0 58 92 31 39 2 20 16 37
videos.hw01/06_frame/597.jpg 0 19 0 0 10 51 0 0 12 67 57 50 0 4 10 67
videos.hw01/06_frame/598.jpg 0 19 0 0 40 26 0 0 48 74 29 44 72 28 5 45
videos.hw01/06_frame/599.jpg 76 11 0 0 14 82 0 0 104 92 49 30 148 67 13 30
videos.hw01/06_frame/600.jpg 0 2 0 0 50 14 0 0 64 87 58 40 108 56 16 50
videos.hw01/06_frame/601.jpg 170 19 0 0 160 83 0 0 164 88 37 44 198 109 10 39
videos.hw01/06_frame/602.jpg 104 10 0 0 162 58 0 0 158 137 9 82 288 82 21 18
videos.hw01/06_frame/603.jpg 184 85 0 0 150 101 0 0 202 177 9 42 200 45 21 76
videos.hw01/06_frame/604.jpg 38 43 0 0 10 5 0 0 14 114 41 26 94 151 25 26
videos.hw01/06_frame/605.jpg 32 27 0 0 90 12 0 0 62 73 49 39 2 13 12 38
videos.hw01/06_frame/606.jpg 242 142 0 0 104 75 0 0 146 146 63 33 280 21 23 44
videos.hw01/06_frame/607.jpg 60 16 0 0 34 13 0 0 188 144 63 40 18 35 18 31
videos.hw01/06_frame/608.jpg 106 18 0 0 90 0 0 0 84 84 41 38 48 20 28 47
videos.hw01/06_frame/609.jpg 2 39 0 0 58 50 0 0 74 48 59 36 216 62 28 51
videos.hw01/06_frame/610.jpg 64 0 0 0 124 2 0 0 56 89 38 36 98 76 22 39
videos.hw01/06_frame/611.jpg 0 0 0 0 0 5 0 0 16 72 99 35 100 67 19 31
videos.hw01/06_frame/612.jpg 0 2 0 0 60 51 0 0 74 84 45 46 112 73 39 35
videos.hw01/06_frame/613.jpg 102 74 0 0 290 98 0 0 130 119 36 34 280 87 34 56
videos.hw01/06_frame/614.jpg 108 49 0 0 108 84 0 0 32 69 86 33 140 126 12 33
videos.hw01/06_frame/615.jpg 48 48 0 0 88 36 0 0 22 95 31 52 110 71 32 54
videos.hw01/06_frame/616.jpg 260 95 0 0 246 85 0 0 126 131 53 28 366 103 22 49
videos.hw01/06_frame/617.jpg 48 34 0 0 40 19 0 0 132 141 30 45 142 60 29 37
videos.hw01/06_frame/618.jpg 40 10 0 0 92 72 0 0 10 128 48 59 10 18 28 32
videos.hw01/06_frame/619.jpg 8 57 0 0 2 0 0 0 80 66 30 45 160 20 9 18
videos.hw01/06_frame/620.jpg 2 18 0 0 42 16 0 0 0 45 15 47 56 8 8 45
videos.hw01/06_frame/621.jpg 2 0 0 0 10 2 0 0 0 61 16 59 0 14 26 41
videos.hw01/06_frame/622.jpg 0 0 0 0 8 14 0 0 16 76 40 53 120 78 19 21
videos.hw01/06_frame/623.jpg 4 22 0 0 82 3 0 0 2 42 54 49 164 55 14 30
videos.hw01/06_frame/624.jpg 8 48 0 0 0 0 0 0 2 49 17 36 144 68 8 25
videos.hw01/06_frame/625.jpg 126 14 0 0 210 99 0 0 56 90 52 36 126 99 9 44
videos.hw01/06_frame/626.jpg 34 53 0 0 100 88 0 0 38 102 33 28 92 145 11 12
videos.hw01/06_frame/627.jpg 118 7 0 0 52 42 0 0 0 84 58 30 86 15 17 29
videos.hw01/06_frame/628.jpg 0 10 0 0 32 8 0 0 0 70 43 27 88 83 15 20
videos.hw01/06_frame/629.jpg 4 32 0 0 8 0 0 0 40 61 50 40 8 18 20 48
videos.hw01/06_frame/630.jpg 50 51 0 0 2 3 0 0 10 93 22 26 88 106 21 74
videos.hw01/06_frame/631.jpg 56 82 0 0 82 77 0 0 52 75 58 29 150 33 38 38
videos.hw01/06_frame/632.jpg 26 10 0 0 8 11 0 0 74 78 28 54 46 23 16 21
videos.hw01/06_frame/633.jpg 0 12 0 0 8 2 0 0 0 35 32 32 170 53 7 19
videos.hw01/06_frame/634.jpg 40 15 0 0 74 10 0 0 58 147 60 36 224 115 11 19
videos.hw01/06_frame/635.jpg 34 34 0 0 98 6 0 0 30 87 49 46 52 37 3 12
videos.hw01/06_frame/636.jpg 40 17 0 0 8 26 0 0 86 54 59 35 0 5 12 19
videos.hw01/06_frame/637.jpg 120 52 0 0 88 50 0 0 10 61 50 34 88 69 5 23
videos.hw01/06_frame/638.jpg 26 46 0 0 112 27 0 0 34 51 33 34 10 85 13 41
videos.hw01/06_frame/639.jpg 92 27 0 0 0 15 0 0 48 93 97 31 142 24 10 14
videos.hw01/06_frame/640.jpg 132 81 0 0 64 23 0 0 66 67 84 28 90 51 26 14
videos.hw01/06_frame/641.jpg 42 1 0 0 0 84 0 0 6 47 60 17 88 60 18 55
videos.hw01/06_frame/642.jpg 0 12 0 0 66 0 0 0 10 73 57 42 0 14 10 27
videos.hw01/06_frame/643.jpg 0 32 0 0 70 0 0 0 192 112 69 39 50 18 21 19
videos.hw01/06_frame/644.jpg 34 9 0 0 144 58 0 0 8 83 38 28 0 35 27 38
videos.hw01/06_frame/645.jpg 6 0 0 0 32 104 0 0 0 45 38 44 10 9 17 24
videos.hw01/06_frame/646.jpg 46 54 0 0 116 93 0 0 222 117 28 34 352 161 27 29
videos.hw01/06_frame/647.jpg 124 74 0 0 34 22 0 0 130 98 36 45 48 5 20 34
videos.hw01/06_frame/648.jpg 8 0 0 0 10 17 0 0 98 194 51 49 6 9 23 18
videos.hw01/06_frame/649.jpg 62 25 0 0 52 37 0 0 30 115 30 42 430 165 14 39
videos.hw01/06_frame/650.jpg 16 2 0 0 80 18 0 0 24 56 35 38 90 85 1 49
videos.hw01/06_frame/651.jpg 0 0 0 0 0 11 0 0 18 76 57 29 24 6 14 29
videos.hw01/06_frame/652.jpg 0 20 0 0 70 18 0 0 20 73 49 26 122 74 53 36
videos.hw01/06_frame/653.jpg 0 8 0 0 96 60 0 0 8 62 9 18 92 43 24 34
videos.hw01/06_frame/654.jpg 8 9 0 0 62 0 0 0 0 93 41 31 184 25 33 56
videos.hw01/06_frame/655.jpg 0 2 0 0 100 78 0 0 0 53 92 34 10 16 11 15
videos.hw01/06_frame/656.jpg 68 31 0 0 0 16 0 0 2 60 23 42 2 14 22 31
videos.hw01/06_frame/657.jpg 8 2 0 0 78 3 0 0 8 32 77 37 0 47 39 51
videos.hw01/06_frame/658.jpg 0 2 0 0 0 2 0 0 96 111 53 23 0 20 17 21
videos.hw01/06_frame/659.jpg 0 13 0 0 0 6 0 0 18 70 21 37 120 86 17 51
videos.hw01/06_frame/660.jpg 24 8 0 0 0 2 0 0 2 32 53 44 0 101 46 32
videos.hw01/06_frame/661.jpg 94 24 0 0 182 55 0 0 36 91 88 43 246 106 33 56
videos.hw01/06_frame/662.jpg 36 14 0 0 130 10 0 0 12 162 37 48 186 112 23 20
videos.hw01/06_frame/663.jpg 2 8 0 0 0 23 0 0 122 104 43 23 18 34 11 20
videos.hw01/06_frame/664.jpg 8 0 0 0 0 3 0 0 8 111 79 21 0 41 13 50
videos.hw01/06_frame/665.jpg 16 22 0 0 84 62 0 0 48 94 43 26 130 88 36 42
videos.hw01/06_frame/666.jpg 2 22 0 0 96 5 0 0 2 52 78 65 120 111 30 30
videos.hw01/06_frame/667.jpg 14 8 0 0 0 6 0 0 128 69 76 36 10 54 14 36
videos.hw01/06_frame/668.jpg 88 53 0 0 48 4 0 0 2 39 73 39 20 31 28 43
videos.hw01/06_frame/669.jpg 8 8 0 0 42 0 0 0 90 100 42 44 0 15 32 57
videos.hw01/06_frame/670.jpg 0 0 0 0 0 0 0 0 90 102 86 40 0 34 24 36
videos.hw01/06_frame/671.jpg 2 0 0 0 32 0 0 0 18 53 72 45 0 20 51 51
videos.hw01/06_frame/672.jpg 88 8 0 0 2 0 0 0 116 78 62 44 178 149 27 38
videos.hw01/06_frame/673.jpg 122 82 0 0 164 18 0 0 122 80 48 50 286 52 42 35
videos.hw01/06_frame/674.jpg 48 17 0 0 44 30 0 0 34 36 47 43 154 27 13 29
videos.hw01/06_frame/675.jpg 40 14 0 0 48 12 0 0 124 110 25 32 82 26 73 32
videos.hw01/06_frame/676.jpg 166 35 0 0 130 65 0 0 50 101 45 22 226 157 34 54
videos.hw01/06_frame/677.jpg 28 14 0 0 180 42 0 0 102 80 17 31 34 137 42 33
videos.hw01/06_frame/678.jpg 90 34 0 0 102 25 0 0 114 57 42 23 168 90 59 25
videos.hw01/06_frame/679.jpg 0 5 0 0 24 12 0 0 14 38 34 39 18 33 48 17
videos.hw01/06_frame/680.jpg 4 8 0 0 10 40 0 0 2 47 23 30 200 62 15 43
videos.hw01/06_frame/681.jpg 50 10 0 0 66 0 0 0 14 27 38 30 90 41 18 91
videos.hw01/06_frame/682.jpg 0 16 0 0 10 18 0 0 8 46 34 24 180 143 23 33
videos.hw01/06_frame/683.jpg 40 12 0 0 106 3 0 0 12 62 44 24 200 117 47 45
videos.hw01/06_frame/684.jpg 64 59 0 0 170 23 0 0 206 137 14 19 204 45 77 43
videos.hw01/06_frame/685.jpg 162 79 0 0 40 12 0 0 102 48 26 19 62 70 37 80
videos.hw01/06_frame/686.jpg 40 37 0 0 32 22 0 0 26 30 28 22 40 82 47 78
videos.hw01/06_frame/687.jpg 54 10 0 0 26 24 0 0 0 40 43 35 12 39 86 45
videos.hw01/06_frame/688.jpg 0 2 0 0 0 0 0 0 0 21 43 40 0 42 87 55
videos.hw01/06_frame/689.jpg 0 0 0 0 40 0 0 0 4 44 35 24 6 67 29 74
videos.hw01/06_frame/690.jpg 0 0 0 0 0 0 0 0 0 23 33 17 96 65 11 64
videos.hw01/06_frame/691.jpg 24 3 0 0 78 15 0 0 0 53 42 19 114 32 45 65
videos.hw01/06_frame/692.jpg 80 61 0 0 114 24 0 0 90 100 14 17 130 54 54 74
videos.hw01/06_frame/693.jpg 18 17 0 0 88 16 0 0 2 44 40 16 94 135 27 70
videos.hw01/06_frame/694.jpg 42 31 0 0 80 121 0 0 26 42 40 22 56 61 16 56
videos.hw01/06_frame/695.jpg 20 54 0 0 118 20 0 0 2 53 27 14 92 67 14 51
videos.hw01/06_frame/696.jpg 18 18 0 0 50 52 0 0 24 60 34 15 188 138 13 60
videos.hw01/06_frame/697.jpg 76 76 0 0 144 6 0 0 14 56 4 16 214 100 23 48
videos.hw01/06_frame/698.jpg 40 38 0 0 72 53 0 0 20 23 30 10 52 45 48 40
videos.hw01/06_frame/699.jpg 32 38 0 0 0 19 0 0 24 34 15 17 40 30 32 64
videos.hw01/06_frame/700.jpg 0 0 0 0 88 4 0 0 8 58 36 19 90 95 37 30
videos.hw01/06_frame/701.jpg 8 4 0 0 24 8 0 0 0 30 43 13 80 48 62 54
videos.hw01/06_frame/702.jpg 0 10 0 0 0 27 0 0 0 31 22 16 80 70 71 51
videos.hw01/06_frame/703.jpg 0 13 0 0 8 5 0 0 42 63 39 16 0 53 46 38
videos.hw01/06_frame/704.jpg 0 4 0 0 18 8 0 0 6 28 42 10 82 34 95 66
videos.hw01/06_frame/705.jpg 0 0 0 0 32 10 0 0 0 11 15 15 220 96 83 69
videos.hw01/06_frame/706.jpg 254 242 0 0 182 50 0 0 172 189 49 8 242 187 37 65
videos.hw01/06_frame/707.jpg 112 19 0 0 152 34 0 0 18 50 34 16 118 213 23 68
videos.hw01/06_frame/708.jpg 64 68 0 0 82 62 0 0 24 37 20 11 98 133 15 82
videos.hw01/06_frame/709.jpg 136 119 0 0 102 104 0 0 46 19 59 18 128 284 37 58
videos.hw01/06_frame/710.jpg 48 97 0 0 92 13 0 0 16 24 35 18 162 66 51 43
videos.hw01/06_frame/711.jpg 22 17 0 0 118 47 0 0 24 68 18 16 56 41 31 72
videos.hw01/06_frame/712.jpg 38 30 0 0 50 34 0 0 92 72 11 15 50 29 43 73
videos.hw01/06_frame/713.jpg 40 52 0 0 122 12 0 0 16 14 13 23 42 90 56 121
videos.hw01/06_frame/714.jpg 34 58 0 0 26 6 0 0 112 81 13 24 60 50 98 54
videos.hw01/06_frame/715.jpg 54 38 0 0 82 0 0 0 100 72 6 22 0 61 34 47
videos.hw01/06_frame/716.jpg 88 61 0 0 78 42 0 0 16 10 9 7 18 63 26 67
videos.hw01/06_frame/717.jpg 58 8 0 0 8 4 0 0 10 5 24 10 0 42 66 82
videos.hw01/06_frame/718.jpg 66 0 0 0 2 2 0 0 8 3 27 16 0 16 38 94
videos.hw01/06_frame/719.jpg 100 42 0 0 10 16 0 0 0 164 14 17 40 46 24 109
videos.hw01/06_frame/720.jpg 78 114 0 0 320 75 0 0 168 168 16 17 42 35 64 78
videos.hw01/06_frame/721.jpg 126 241 0 0 230 73 0 0 84 156 18 6 154 118 47 55
videos.hw01/06_frame/722.jpg 104 57 0 0 96 60 0 0 12 109 12 13 90 56 23 107
videos.hw01/06_frame/723.jpg 24 91 0 0 250 43 0 0 36 48 11 12 132 137 41 105
videos.hw01/06_frame/724.jpg 146 39 0 0 96 41 0 0 46 110 39 6 102 157 29 93
videos.hw01/06_frame/725.jpg 80 41 0 0 32 27 0 0 260 168 18 18 182 87 31 105
videos.hw01/06_frame/726.jpg 112 45 0 0 128 77 0 0 4 22 7 8 158 91 95 137
videos.hw01/06_frame/727.jpg 72 18 0 0 60 6 0 0 144 41 10 11 88 153 49 87
videos.hw01/06_frame/728.jpg 8 0 0 0 78 4 0 0 0 124 8 9 106 68 54 39
videos.hw01/06_frame/729.jpg 5716 3062 4407 55 4138 1948 1224 62 4509 2013 911 1200 5932 4316 4189 1998
videos.hw01/06_frame/730.jpg 206 430 219 78 582 283 269 50 625 442 218 142 154 158 514 427
videos.hw01/06_frame/731.jpg 926 600 541 149 539 254 242 5 761 518 718 185 448 368 512 589
videos.hw01/06_frame/732.jpg 510 666 309 233 651 319 301 12 606 317 742 282 320 420 674 361
videos.hw01/06_frame/733.jpg 538 244 244 243 485 344 272 36 616 173 530 266 834 388 922 124
videos.hw01/06_frame/734.jpg 476 884 684 211 626 246 143 26 748 295 625 226 1016 788 998 469
videos.hw01/06_frame/735.jpg 156 1240 635 140 466 196 53 24 812 239 579 311 984 420 1038 411
videos.hw01/06_frame/736.jpg 102 1059 666 194 572 166 38 15 611 424 429 637 754 704 1098 308
videos.hw01/06_frame/737.jpg 0 588 598 177 310 195 68 36 938 356 260 450 904 646 1352 463
videos.hw01/06_frame/738.jpg 198 1269 579 88 127 234 45 139 547 144 325 146 516 408 502 291
videos.hw01/06_frame/739.jpg 1524 706 523 109 493 438 53 154 667 486 443 176 780 718 248 597
videos.hw01/06_frame/740.jpg 676 937 804 121 526 427 53 167 662 391 373 248 576 544 80 910
videos.hw01/06_frame/741.jpg 862 538 180 224 507 368 61 149 372 282 356 220 520 492 88 597
videos.hw01/06_frame/742.jpg 410 557 427 77 567 354 55 83 214 329 168 216 544 302 0 410
videos.hw01/06_frame/743.jpg 692 1048 290 108 584 443 100 180 510 689 222 183 552 714 16 524
videos.hw01/06_frame/744.jpg 460 278 230 93 654 503 95 128 630 464 311 265 22 138 0 38
videos.hw01/06_frame/745.jpg 468 426 210 23 457 470 71 66 644 683 178 273 500 146 0 536
videos.hw01/06_frame/746.jpg 306 498 249 81 503 769 177 79 422 413 277 292 308 308 0 239
videos.hw01/06_frame/747.jpg 864 360 237 118 509 405 212 126 1216 914 292 338 728 120 0 246
videos.hw01/06_frame/748.jpg 220 476 233 55 391 926 346 120 508 535 184 284 738 74 2 215
videos.hw01/06_frame/749.jpg 452 294 163 77 405 422 255 103 604 423 148 123 458 156 20 341
videos.hw01/06_frame/750.jpg 576 1054 180 31 484 268 266 43 732 545 173 280 682 96 46 517
videos.hw01/06_frame/751.jpg 202 482 328 154 459 184 226 89 618 170 202 369 1010 76 43 275
videos.hw01/06_frame/752.jpg 538 548 64 122 435 502 159 139 332 407 148 202 228 64 69 169
videos.hw01/06_frame/753.jpg 428 564 130 101 536 595 174 131 584 573 256 161 512 372 78 147
videos.hw01/06_frame/754.jpg 390 892 336 16 313 524 202 83 284 368 192 154 290 86 58 166
videos.hw01/06_frame/755.jpg 404 310 190 101 354 534 177 112 176 506 272 301 68 54 115 153
videos.hw01/06_frame/756.jpg 88 1052 318 179 595 487 234 153 480 462 129 288 510 218 211 259
videos.hw01/06_frame/757.jpg 1070 568 20 118 412 786 305 179 942 828 261 283 1022 514 365 231
videos.hw01/06_frame/758.jpg 1652 1302 630 89 916 968 397 186 464 547 309 526 814 424 381 645
videos.hw01/06_frame/759.jpg 990 408 278 154 633 632 333 222 386 455 167 291 636 412 215 484
videos.hw01/06_frame/760.jpg 628 1274 444 103 573 905 392 261 525 385 364 310 408 378 801 438
videos.hw01/06_frame/761.jpg 1048 716 386 86 660 507 410 249 259 293 407 460 444 364 615 615
videos.hw01/06_frame/762.jpg 566 622 182 75 510 554 360 214 418 266 127 559 1086 468 351 188
videos.hw01/06_frame/763.jpg 1208 326 374 120 1052 877 427 289 445 252 143 548 516 139 825 392
videos.hw01/06_frame/764.jpg 344 300 254 103 870 424 264 222 398 370 140 135 384 631 236 545
videos.hw01/06_frame/765.jpg 466 884 170 221 652 1068 210 203 511 297 227 288 222 78 448 426
videos.hw01/06_frame/766.jpg 618 494 182 62 732 398 384 182 828 340 266 395 624 52 549 250
videos.hw01/06_frame/767.jpg 308 628 82 17 602 512 242 178 732 277 184 310 618 160 437 207
videos.hw01/06_frame/768.jpg 546 590 428 104 549 398 204 75 1192 330 470 437 352 276 809 511
videos.hw01/06_frame/769.jpg 276 262 168 47 323 330 188 92 1004 466 413 83 566 36 343 407
videos.hw01/06_frame/770.jpg 416 548 86 102 244 802 201 83 548 534 320 226 948 402 397 137
videos.hw01/06_frame/771.jpg 214 166 232 14 390 256 265 104 812 344 241 165 1094 20 278 204
videos.hw01/06_frame/772.jpg 124 862 192 87 406 405 217 85 358 253 204 162 1048 80 200 229
videos.hw01/06_frame/773.jpg 68 382 124 106 114 286 39 59 178 198 201 205 246 34 62 279
videos.hw01/06_frame/774.jpg 66 218 124 111 232 191 224 126 142 176 174 159 178 46 86 238
videos.hw01/06_frame/775.jpg 198 314 310 42 120 445 37 78 158 84 181 161 88 78 106 203
videos.hw01/06_frame/776.jpg 60 224 142 15 318 175 102 135 220 145 190 204 600 0 262 237
videos.hw01/06_frame/777.jpg 124 398 46 79 158 280 117 103 350 232 169 142 322 30 82 238
videos.hw01/06_frame/778.jpg 68 234 122 61 168 299 229 43 312 274 257 117 4 82 136 468
videos.hw01/06_frame/779.jpg 100 424 104 85 104 758 61 125 274 257 180 122 334 50 100 302
videos.hw01/06_frame/780.jpg 32 248 58 28 354 413 202 62 396 233 151 97 176 10 208 181
videos.hw01/06_frame/781.jpg 104 526 94 153 288 464 69 72 474 165 194 112 584 56 275 235
videos.hw01/06_frame/782.jpg 46 370 238 143 190 348 129 117 330 212 146 175 162 64 188 141
videos.hw01/06_frame/783.jpg 122 648 68 88 152 452 178 143 212 313 240 246 150 78 242 532
videos.hw01/06_frame/784.jpg 68 168 102 137 198 398 40 127 410 229 144 386 110 18 218 136
videos.hw01/06_frame/785.jpg 4 166 158 112 322 260 55 42 458 252 161 189 336 158 669 292
videos.hw01/06_frame/786.jpg 148 358 204 17 164 140 96 131 528 224 175 210 54 146 308 231
videos.hw01/06_frame/787.jpg 0 238 122 71 222 352 346 134 290 373 274 356 342 308 223 418
videos.hw01/06_frame/788.jpg 10 814 126 67 202 264 420 82 588 415 295 232 418 376 562 536
videos.hw01/06_frame/789.jpg 92 78 178 47 212 354 58 186 486 360 334 189 310 570 235 352
videos.hw01/06_frame/790.jpg 9600 6353 4800 2054 9020 6003 4801 3059 8845 4653 2670 1067 8408 5376 3776 4048
videos.hw01/06_frame/791.jpg 112 20 0 80 142 10 5 80 101 74 95 57 148 24 70 75
videos.hw01/06_frame/792.jpg 130 25 0 0 106 28 2 0 185 145 114 0 222 16 49 0
videos.hw01/06_frame/793.jpg 100 2 0 0 166 13 0 0 309 89 135 0 264 1 49 0
videos.hw01/06_frame/794.jpg 80 5 0 0 146 1 0 0 158 42 123 0 324 9 60 0
videos.hw01/06_frame/795.jpg 100 14 0 0 84 3 0 0 204 60 71 0 148 16 31 0
videos.hw01/06_frame/796.jpg 126 50 0 0 140 8 0 0 247 40 63 0 142 8 72 0
videos.hw01/06_frame/797.jpg 64 11 0 0 62 0 0 0 191 23 155 0 396 43 90 0
videos.hw01/06_frame/798.jpg 4 3 0 0 140 14 0 0 106 48 140 0 218 27 114 0
videos.hw01/06_frame/799.jpg 180 1 0 0 226 8 0 0 81 45 54 0 98 3 73 0
videos.hw01/06_frame/800.jpg 42 14 0 0 20 0 0 0 96 67 77 2 202 5 68 0
videos.hw01/06_frame/801.jpg 176 29 0 0 180 14 0 0 197 49 84 10 358 25 50 0
videos.hw01/06_frame/802.jpg 214 60 0 0 96 9 0 0 67 79 120 27 292 4 52 0
videos.hw01/06_frame/803.jpg 50 9 0 0 168 4 0 0 108 152 112 35 210 20 41 0
videos.hw01/06_frame/804.jpg 182 48 0 0 188 0 0 0 91 91 60 11 184 9 56 0
videos.hw01/06_frame/805.jpg 332 69 0 0 136 12 0 0 270 106 81 34 266 6 57 0
videos.hw01/06_frame/806.jpg 126 49 0 0 200 5 0 0 100 108 57 34 162 15 67 4
videos.hw01/06_frame/807.jpg 102 8 0 0 28 4 0 0 72 46 73 63 216 37 44 4
videos.hw01/06_frame/808.jpg 454 58 0 0 58 7 0 0 78 47 66 48 86 21 72 9
videos.hw01/06_frame/809.jpg 422 18 0 0 196 1 0 0 192 42 52 55 264 17 79 26
videos.hw01/06_frame/810.jpg 388 64 0 0 88 1 0 0 38 52 57 22 2 0 46 18
videos.hw01/06_frame/811.jpg 206 47 0 0 90 16 0 0 142 116 60 66 198 12 60 36
videos.hw01/06_frame/812.jpg 422 34 0 0 256 1 0 0 204 120 124 88 182 0 68 62
videos.hw01/06_frame/813.jpg 150 40 0 0 120 1 0 0 148 39 94 58 232 12 101 70
videos.hw01/06_frame/814.jpg 682 57 0 0 226 2 0 0 232 124 29 39 258 25 69 68
videos.hw01/06_frame/815.jpg 534 92 0 0 108 2 0 0 494 96 48 70 906 50 61 53
videos.hw01/06_frame/816.jpg 144 42 0 0 172 4 0 0 282 52 82 94 292 44 35 54
videos.hw01/06_frame/817.jpg 308 69 0 0 190 34 0 0 336 65 50 100 246 25 23 60
videos.hw01/06_frame/818.jpg 92 43 0 0 94 45 0 0 260 61 68 132 294 113 25 102
videos.hw01/06_frame/819.jpg 122 55 0 0 452 11 0 0 430 66 137 67 234 8 5 69
videos.hw01/06_frame/820.jpg 10 3 0 0 32 1 0 0 134 104 68 80 62 3 1 76
videos.hw01/06_frame/821.jpg 10 3 0 0 22 5 0 0 260 72 47 124 252 56 0 61
videos.hw01/06_frame/822.jpg 26 7 0 0 32 1 0 0 50 63 28 62 60 4 0 40
videos.hw01/06_frame/823.jpg 72 29 0 0 24 1 0 0 56 51 63 84 52 15 0 58
videos.hw01/06_frame/824.jpg 54 3 0 0 82 1 0 0 148 109 58 64 100 0 0 102
videos.hw01/06_frame/825.jpg 12 7 0 0 126 22 0 0 94 61 99 64 194 44 0 94
videos.hw01/06_frame/826.jpg 100 0 0 0 82 9 0 0 118 90 68 117 188 4 0 63
videos.hw01/06_frame/827.jpg 50 72 0 0 60 8 0 0 62 65 29 93 62 4 0 64
videos.hw01/06_frame/828.jpg 30 0 0 0 58 0 0 0 52 62 53 59 32 0 0 95
videos.hw01/06_frame/829.jpg 142 34 0 0 174 8 0 0 146 59 31 91 192 17 0 77
videos.hw01/06_frame/830.jpg 126 9 0 0 98 5 0 0 34 29 64 98 30 15 0 84
videos.hw01/06_frame/831.jpg 112 6 0 0 60 2 0 0 70 46 19 58 42 4 0 84
videos.hw01/06_frame/832.jpg 182 4 0 0 60 10 0 0 68 60 68 66 96 26 0 25
videos.hw01/06_frame/833.jpg 58 0 0 0 34 0 0 0 60 71 73 74 78 11 0 42
videos.hw01/06_frame/834.jpg 48 20 0 0 56 18 0 0 100 35 161 36 246 8 0 42
videos.hw01/06_frame/835.jpg 202 58 0 0 118 4 0 0 242 53 75 65 88 0 0 35
videos.hw01/06_frame/836.jpg 144 14 0 0 54 1 0 0 36 90 45 62 22 7 0 62
videos.hw01/06_frame/837.jpg 98 22 0 0 32 10 0 0 86 76 50 74 42 0 0 48
videos.hw01/06_frame/838.jpg 108 5 0 0 102 2 0 0 62 63 59 76 172 7 0 59
videos.hw01/06_frame/839.jpg 16 20 0 0 48 1 0 0 30 93 37 83 96 3 0 51
videos.hw01/06_frame/840.jpg 22 43 0 0 70 4 0 0 74 70 43 89 68 0 0 100
videos.hw01/06_frame/841.jpg 110 53 0 0 106 2 0 0 178 69 33 88 172 5 0 54
videos.hw01/06_frame/842.jpg 262 112 0 0 214 41 0 0 148 119 26 98 180 7 0 78
videos.hw01/06_frame/843.jpg 94 48 0 0 80 4 0 0 126 65 36 114 132 0 0 106
videos.hw01/06_frame/844.jpg 94 27 0 0 102 11 0 0 58 58 57 77 178 15 0 69
videos.hw01/06_frame/845.jpg 518 19 0 0 166 7 0 0 208 132 62 85 160 7 0 117
videos.hw01/06_frame/846.jpg 94 3 0 0 72 6 0 0 70 64 52 49 70 4 0 63
videos.hw01/06_frame/847.jpg 84 16 0 0 132 14 0 0 112 119 40 64 152 8 0 78
videos.hw01/06_frame/848.jpg 166 32 0 0 198 18 0 0 272 97 105 99 204 6 0 71
videos.hw01/06_frame/849.jpg 246 27 0 0 289 23 0 0 206 86 68 79 160 27 0 103
videos.hw01/06_frame/850.jpg 106 5 0 0 128 32 0 0 54 93 69 40 32 8 0 54
videos.hw01/06_frame/851.jpg 276 49 0 0 155 32 0 0 314 85 89 62 204 4 0 44
videos.hw01/06_frame/852.jpg 262 14 0 0 268 5 0 0 190 68 52 75 108 12 0 104
videos.hw01/06_frame/853.jpg 182 69 0 0 228 32 0 0 248 58 92 52 314 6 0 72
videos.hw01/06_frame/854.jpg 158 39 0 0 288 11 0 0 108 65 66 61 136 1 0 72
videos.hw01/06_frame/855.jpg 210 24 0 0 290 55 0 0 192 66 74 84 72 0 0 118
videos.hw01/06_frame/856.jpg 78 11 0 0 108 21 0 0 78 40 100 39 98 0 0 63
videos.hw01/06_frame/857.jpg 66 5 0 0 150 65 0 0 220 62 85 80 386 31 0 123
videos.hw01/06_frame/858.jpg 110 19 0 0 146 34 0 0 164 63 116 51 76 0 0 123
videos.hw01/06_frame/859.jpg 62 5 0 0 18 49 0 0 32 59 69 58 84 11 0 91
videos.hw01/06_frame/860.jpg 86 2 0 0 158 4 0 0 126 35 165 68 58 0 0 131
videos.hw01/06_frame/861.jpg 46 36 0 0 34 8 0 0 80 44 83 96 178 11 0 90
videos.hw01/06_frame/862.jpg 104 4 0 0 245 40 0 0 148 45 84 107 94 22 0 105
videos.hw01/06_frame/863.jpg 158 81 0 0 228 21 0 0 378 54 44 105 180 19 0 83
videos.hw01/06_frame/864.jpg 62 15 0 0 268 9 0 0 158 39 118 69 232 0 0 71
videos.hw01/06_frame/865.jpg 270 26 0 0 309 107 0 0 248 83 55 155 372 96 0 63
videos.hw01/06_frame/866.jpg 154 0 0 0 348 49 0 0 214 83 59 71 122 35 0 42
videos.hw01/06_frame/867.jpg 18 0 0 0 357 70 0 0 258 83 48 105 126 8 0 76
videos.hw01/06_frame/868.jpg 162 1 0 0 305 10 0 0 102 54 67 102 250 83 0 86
videos.hw01/06_frame/869.jpg 42 2 0 0 112 51 0 0 120 62 53 48 97 10 0 50
videos.hw01/06_frame/870.jpg 71 8 0 0 492 1 0 0 112 54 97 60 92 30 0 52
videos.hw01/06_frame/871.jpg 95 2 0 0 154 9 0 0 364 89 66 76 199 6 0 73
videos.hw01/06_frame/872.jpg 20 74 0 0 84 9 0 0 82 104 39 74 200 27 0 94
videos.hw01/06_frame/873.jpg 128 1 0 0 386 0 0 0 188 120 47 80 142 6 0 82
videos.hw01/06_frame/874.jpg 176 9 0 0 176 55 0 0 374 84 35 103 210 18 0 66
videos.hw01/06_frame/875.jpg 232 7 0 0 196 25 0 0 218 39 42 67 206 38 0 82
videos.hw01/06_frame/876.jpg 64 49 0 0 130 65 0 0 382 122 60 30 236 76 0 80
videos.hw01/06_frame/877.jpg 144 117 0 0 152 6 0 0 376 141 80 62 260 45 0 93
videos.hw01/06_frame/878.jpg 118 0 0 0 154 0 0 0 196 77 71 76 418 3 0 70
videos.hw01/06_frame/879.jpg 338 13 0 0 586 81 0 0 368 87 79 43 568 35 0 54
videos.hw01/06_frame/880.jpg 190 2 0 0 114 28 0 0 178 118 79 60 530 16 0 101
videos.hw01/06_frame/881.jpg 118 1 0 0 88 145 0 0 106 96 22 77 162 0 0 65
videos.hw01/06_frame/882.jpg 234 3 0 0 232 29 0 0 294 44 67 54 454 12 0 69
videos.hw01/06_frame/883.jpg 106 0 0 0 280 4 0 0 186 121 64 61 421 68 0 69
videos.hw01/06_frame/884.jpg 218 0 0 0 186 10 0 0 102 112 67 80 112 15 0 43
videos.hw01/06_frame/885.jpg 412 0 0 0 168 4 0 0 234 145 79 32 196 26 0 125
videos.hw01/06_frame/886.jpg 618 57 0 0 170 32 0 0 223 36 46 87 622 16 0 36
videos.hw01/06_frame/887.jpg 270 17 0 0 76 9 0 0 270 49 77 70 57 1 0 88
videos.hw01/06_frame/888.jpg 102 32 0 0 148 0 0 0 251 38 27 41 244 0 0 48
videos.hw01/06_frame/889.jpg 472 18 0 0 236 14 0 0 116 38 38 47 644 41 0 64
videos.hw01/06_frame/890.jpg 364 17 0 0 84 24 0 0 114 89 42 34 76 3 0 63
videos.hw01/06_frame/891.jpg 326 41 0 0 152 40 0 0 170 82 43 59 135 45 0 50
videos.hw01/06_frame/892.jpg 366 34 0 0 102 23 0 0 261 140 54 35 371 0 0 72
videos.hw01/06_frame/893.jpg 176 65 0 0 100 18 0 0 146 84 77 65 27 36 0 40
videos.hw01/06_frame/894.jpg 80 1 0 0 182 18 0 0 133 50 71 48 82 44 0 62
videos.hw01/06_frame/895.jpg 28 21 0 0 246 11 0 0 446 65 62 60 74 13 0 29
videos.hw01/06_frame/896.jpg 64 35 0 0 146 17 0 0 162 41 86 49 105 49 0 72
videos.hw01/06_frame/897.jpg 124 9 0 0 134 1 0 0 98 79 93 38 70 33 0 80
videos.hw01/06_frame/898.jpg 264 18 0 0 200 23 0 0 268 94 38 54 319 41 0 70
videos.hw01/06_frame/899.jpg 76 21 0 0 130 0 0 0 28 70 107 64 84 70 0 31
videos.hw01/06_frame/900.jpg 34 1 0 0 74 3 0 0 12 51 30 59 26 18 0 121
videos.hw01/06_frame/901.jpg 70 10 0 0 156 29 0 0 376 64 66 53 233 8 0 138
videos.hw01/06_frame/902.jpg 106 9 0 0 36 11 0 0 44 92 45 75 218 5 0 50
videos.hw01/06_frame/903.jpg 30 11 0 0 82 19 0 0 46 86 16 41 65 11 0 76
videos.hw01/06_frame/904.jpg 30 32 0 0 70 1 0 0 276 66 34 95 63 0 0 61
videos.hw01/06_frame/905.jpg 26 25 0 0 114 8 0 0 70 53 77 79 171 44 0 64
videos.hw01/06_frame/906.jpg 77 36 0 0 90 56 0 0 202 50 110 86 229 76 0 69
videos.hw01/06_frame/907.jpg 82 0 0 0 41 12 0 0 167 37 79 80 8 1 0 50
videos.hw01/06_frame/908.jpg 13 8 0 0 99 36 0 0 285 41 49 77 171 83 0 52
videos.hw01/06_frame/909.jpg 179 53 0 0 153 69 0 0 394 96 54 89 217 44 0 46
videos.hw01/06_frame/910.jpg 10 1 0 0 106 47 0 0 50 60 70 69 180 4 0 59
videos.hw01/06_frame/911.jpg 36 6 0 0 26 11 0 0 134 72 41 38 160 20 0 31
videos.hw01/06_frame/912.jpg 10 21 0 0 14 3 0 0 100 67 38 54 30 0 0 62
videos.hw01/06_frame/913.jpg 106 6 0 0 141 22 0 0 386 65 31 83 114 20 0 54
videos.hw01/06_frame/914.jpg 20 17 0 0 115 11 0 0 86 61 53 41 165 16 0 41
videos.hw01/06_frame/915.jpg 45 0 0 0 32 4 0 0 52 91 59 99 38 0 0 66
videos.hw01/06_frame/916.jpg 100 20 0 0 84 2 0 0 170 55 66 69 123 129 0 59
videos.hw01/06_frame/917.jpg 192 54 0 0 77 34 0 0 196 24 56 37 124 65 0 46
videos.hw01/06_frame/918.jpg 52 0 0 0 52 0 0 0 22 41 58 79 104 12 0 47
videos.hw01/06_frame/919.jpg 88 23 0 0 106 24 0 0 238 27 56 33 200 53 0 25
videos.hw01/06_frame/920.jpg 51 14 0 0 79 46 0 0 224 15 80 64 76 25 0 77
videos.hw01/06_frame/921.jpg 78 0 0 0 36 38 0 0 18 20 75 64 50 18 0 112
videos.hw01/06_frame/922.jpg 172 51 0 0 81 24 0 0 134 34 43 30 48 35 0 83
videos.hw01/06_frame/923.jpg 146 28 0 0 64 13 0 0 70 27 78 37 52 6 0 64
videos.hw01/06_frame/924.jpg 120 18 0 0 26 3 0 0 22 39 35 33 2 0 0 85
videos.hw01/06_frame/925.jpg 265 18 0 0 119 89 0 0 96 33 53 38 198 4 0 48
videos.hw01/06_frame/926.jpg 302 58 0 0 216 30 0 0 234 36 60 47 132 0 0 63
videos.hw01/06_frame/927.jpg 45 32 0 0 72 66 0 0 34 48 128 51 96 0 0 79
videos.hw01/06_frame/928.jpg 197 50 0 0 134 61 0 0 80 59 132 64 112 0 0 69
videos.hw01/06_frame/929.jpg 206 66 0 0 88 16 0 0 32 80 59 53 56 0 0 91
videos.hw01/06_frame/930.jpg 28 0 0 1 60 8 0 0 128 36 75 65 180 0 0 84
videos.hw01/06_frame/931.jpg 580 58 0 1 327 50 0 0 388 95 77 51 810 37 0 30
videos.hw01/06_frame/932.jpg 71 25 0 0 56 45 0 0 86 59 83 49 166 12 0 69
videos.hw01/06_frame/933.jpg 24 1 0 0 157 16 0 0 70 37 79 45 86 16 0 71
videos.hw01/06_frame/934.jpg 68 29 0 0 62 19 0 0 60 34 56 40 184 4 0 58
videos.hw01/06_frame/935.jpg 233 29 0 0 151 49 0 0 84 51 54 17 164 42 0 60
videos.hw01/06_frame/936.jpg 8 8 0 0 74 25 0 0 104 34 58 31 48 6 23 58
videos.hw01/06_frame/937.jpg 120 17 0 0 407 79 0 0 100 63 60 44 116 16 34 55
videos.hw01/06_frame/938.jpg 185 37 0 0 157 14 0 0 172 53 30 63 164 56 39 88
videos.hw01/06_frame/939.jpg 44 8 0 0 116 21 0 0 14 13 40 52 122 8 50 67
videos.hw01/06_frame/940.jpg 322 33 0 0 30 22 0 0 76 60 80 40 148 8 33 90
videos.hw01/06_frame/941.jpg 309 49 0 0 207 55 0 0 306 123 94 62 406 17 55 77
videos.hw01/06_frame/942.jpg 93 0 0 0 48 1 0 0 158 56 27 37 78 32 61 60
videos.hw01/06_frame/943.jpg 74 74 0 0 50 25 0 0 36 106 28 33 40 24 60 70
videos.hw01/06_frame/944.jpg 214 23 0 0 267 33 0 0 136 119 26 57 310 103 54 68
videos.hw01/06_frame/945.jpg 12 8 0 0 54 1 0 0 118 43 58 22 122 20 31 104
videos.hw01/06_frame/946.jpg 50 0 0 0 47 0 0 0 70 35 58 31 110 65 75 82
videos.hw01/06_frame/947.jpg 95 74 0 0 54 53 0 0 80 29 36 49 56 24 32 54
videos.hw01/06_frame/948.jpg 108 43 0 0 122 33 0 0 38 33 38 21 122 5 16 52
videos.hw01/06_frame/949.jpg 33 18 0 0 214 5 0 0 106 36 92 30 84 63 12 52
videos.hw01/06_frame/950.jpg 40 28 0 0 86 40 0 0 88 61 86 48 68 101 10 66
videos.hw01/06_frame/951.jpg 43 15 0 0 26 30 0 0 44 42 52 50 38 11 34 66
videos.hw01/06_frame/952.jpg 327 479 2394 460 472 864 4096 461 16 43 40 25 34 4 22 69
videos.hw01/06_frame/953.jpg 48 49 81 30 209 105 138 78 62 51 41 49 30 13 13 40
videos.hw01/06_frame/954.jpg 128 46 46 22 49 36 49 11 12 41 26 44 26 3 19 50
videos.hw01/06_frame/955.jpg 82 10 36 24 41 54 128 12 36 48 47 51 10 7 8 70
videos.hw01/06_frame/956.jpg 107 32 67 33 86 20 82 15 20 43 41 38 10 3 13 66
videos.hw01/06_frame/957.jpg 158 61 35 18 99 23 66 14 110 38 29 41 46 3 8 59
videos.hw01/06_frame/958.jpg 82 33 82 18 101 35 100 14 24 38 45 76 22 14 23 94
videos.hw01/06_frame/959.jpg 64 12 70 19 58 27 72 15 32 27 38 38 10 3 9 64
videos.hw01/06_frame/960.jpg 121 30 8 5 44 18 59 9 36 38 31 31 78 42 10 61
videos.hw01/06_frame/961.jpg 179 50 123 45 25 56 173 34 100 82 26 41 152 53 9 58
videos.hw01/06_frame/962.jpg 53 12 29 8 35 32 74 9 42 20 29 40 56 5 13 46
videos.hw01/06_frame/963.jpg 226 26 18 5 128 18 40 2 72 65 38 29 114 23 22 45
videos.hw01/06_frame/964.jpg 34 43 8 6 99 9 16 0 28 27 52 56 46 4 17 40
videos.hw01/06_frame/965.jpg 46 30 36 26 59 31 79 13 40 29 58 47 156 42 41 56
videos.hw01/06_frame/966.jpg 85 10 20 18 21 23 59 2 74 37 13 49 24 38 41 61
videos.hw01/06_frame/967.jpg 80 6 19 0 6 11 35 1 46 53 40 39 48 20 57 58
videos.hw01/06_frame/968.jpg 78 24 20 13 32 9 8 2 92 84 46 39 60 16 24 71
videos.hw01/06_frame/969.jpg 84 22 12 0 38 10 28 3 74 60 58 38 306 47 55 58
videos.hw01/06_frame/970.jpg 5 5 17 0 108 18 26 2 204 17 22 50 172 13 64 110
videos.hw01/06_frame/971.jpg 23 20 3 0 81 6 23 4 144 45 45 59 54 67 18 78
videos.hw01/06_frame/972.jpg 133 10 2 0 29 11 26 4 28 67 68 42 42 12 22 99
videos.hw01/06_frame/973.jpg 60 26 31 28 149 30 127 19 148 51 42 51 108 12 46 96
videos.hw01/06_frame/974.jpg 40 30 35 29 132 26 65 15 34 51 34 41 146 114 30 39
videos.hw01/06_frame/975.jpg 21 5 28 4 4 5 31 0 42 32 56 33 52 3 52 55
videos.hw01/06_frame/976.jpg 33 41 54 35 165 77 97 17 158 21 19 44 94 32 45 63
videos.hw01/06_frame/977.jpg 56 9 54 22 30 8 45 2 40 31 30 45 6 28 50 59
videos.hw01/06_frame/978.jpg 44 8 22 16 59 10 31 6 18 47 42 21 16 21 38 60
videos.hw01/06_frame/979.jpg 14 5 19 3 44 13 27 4 46 21 20 21 10 16 27 72
videos.hw01/06_frame/980.jpg 5 9 13 2 76 8 19 0 46 34 14 17 16 25 60 86
videos.hw01/06_frame/981.jpg 20 2 8 0 45 14 24 0 42 21 20 30 14 18 43 65
videos.hw01/06_frame/982.jpg 42 11 27 16 29 35 65 4 16 19 7 29 86 20 27 53
videos.hw01/06_frame/983.jpg 118 4 20 2 108 25 40 2 96 10 4 25 16 12 36 38
videos.hw01/06_frame/984.jpg 99 6 27 0 28 5 37 4 84 24 27 24 46 11 32 66
videos.hw01/06_frame/985.jpg 87 26 67 23 145 59 156 16 56 23 19 30 68 23 45 62
videos.hw01/06_frame/986.jpg 82 20 36 34 28 26 76 7 18 28 47 34 110 21 40 69
videos.hw01/06_frame/987.jpg 84 8 15 12 48 18 40 12 58 31 27 20 132 44 69 69
videos.hw01/06_frame/988.jpg 12 2 18 18 76 3 8 11 48 36 17 26 134 86 54 55
videos.hw01/06_frame/989.jpg 84 1 12 3 78 2 13 6 50 19 26 33 48 20 42 101
videos.hw01/06_frame/990.jpg 63 4 20 2 34 8 23 4 68 17 24 27 58 35 66 100
videos.hw01/06_frame/991.jpg 162 30 111 51 65 39 136 30 86 41 21 39 56 19 17 65
videos.hw01/06_frame/992.jpg 2 14 22 7 47 11 14 16 130 35 47 48 32 11 49 85
videos.hw01/06_frame/993.jpg 30 1 6 0 27 13 4 3 82 26 56 44 20 35 48 87
videos.hw01/06_frame/994.jpg 18 0 6 0 64 2 0 2 54 30 46 96 32 15 51 40
videos.hw01/06_frame/995.jpg 92 16 10 6 20 6 5 0 2 37 6 44 16 11 53 50
videos.hw01/06_frame/996.jpg 131 22 6 2 33 14 25 0 66 38 10 51 32 44 19 71
videos.hw01/06_frame/997.jpg 291 30 70 19 32 9 67 31 158 16 16 51 44 17 29 81
videos.hw01/06_frame/998.jpg 19 10 52 23 39 11 67 15 42 19 29 54 32 18 29 94
videos.hw01/06_frame/999.jpg 220 30 20 1 81 8 32 16 18 26 31 32 16 19 58 61
videos.hw01/06_frame/1000.jpg 30 2 4 11 11 3 50 7 118 19 26 24 0 20 40 46
videos.hw01/06_frame/1001.jpg 32 10 1 1 32 11 6 0 96 17 26 44 34 16 37 40
videos.hw01/06_frame/1002.jpg 86 6 4 3 33 16 10 2 0 24 20 27 74 16 44 59
videos.hw01/06_frame/1003.jpg 36 10 9 1 14 0 7 1 32 15 32 29 40 19 53 16
videos.hw01/06_frame/1004.jpg 16 5 0 3 48 0 16 2 22 9 11 40 40 12 55 67
videos.hw01/06_frame/1005.jpg 44 1 1 0 18 5 1 0 6 36 12 21 2 30 29 51
videos.hw01/06_frame/1006.jpg 46 10 64 13 31 20 51 10 88 13 24 21 12 16 38 46
videos.hw01/06_frame/1007.jpg 24 6 37 0 68 11 34 3 8 9 18 35 24 0 26 80
videos.hw01/06_frame/1008.jpg 77 13 6 12 78 3 38 3 2 13 18 14 48 10 40 121
videos.hw01/06_frame/1009.jpg 53 33 61 28 123 19 77 13 298 37 27 33 100 16 20 66
videos.hw01/06_frame/1010.jpg 162 30 51 22 59 16 42 16 90 25 21 13 44 34 45 80
videos.hw01/06_frame/1011.jpg 22 19 14 4 7 3 32 5 46 23 17 27 30 9 24 84
videos.hw01/06_frame/1012.jpg 81 3 12 2 12 4 17 13 58 26 23 30 52 13 23 84
videos.hw01/06_frame/1013.jpg 107 20 15 0 36 10 12 2 74 36 14 18 146 59 46 106
videos.hw01/06_frame/1014.jpg 147 4 16 0 12 18 12 0 90 25 13 35 26 15 35 54
videos.hw01/06_frame/1015.jpg 185 1 19 0 14 2 26 1 124 30 24 19 0 13 31 52
videos.hw01/06_frame/1016.jpg 175 0 23 2 22 12 23 1 48 46 31 28 20 16 29 55
videos.hw01/06_frame/1017.jpg 60 0 12 2 92 1 9 1 150 20 22 22 26 38 38 68
videos.hw01/06_frame/1018.jpg 53 0 22 9 93 11 17 6 108 29 29 22 20 34 47 42
videos.hw01/06_frame/1019.jpg 60 0 11 5 41 5 14 5 18 23 11 15 8 11 32 56
videos.hw01/06_frame/1020.jpg 29 2 14 0 39 5 29 0 92 11 13 22 60 45 36 50
videos.hw01/06_frame/1021.jpg 218 17 109 29 68 45 103 29 214 5 15 18 182 57 31 65
videos.hw01/06_frame/1022.jpg 53 15 32 6 96 17 83 9 92 10 25 5 94 20 30 55
videos.hw01/06_frame/1023.jpg 32 5 23 6 16 8 35 2 114 0 27 1 92 35 26 44
videos.hw01/06_frame/1024.jpg 46 9 35 19 9 9 28 3 136 4 27 0 80 32 49 61
videos.hw01/06_frame/1025.jpg 24 14 13 2 48 5 20 0 12 1 17 0 72 29 30 65
videos.hw01/06_frame/1026.jpg 28 3 1 13 33 2 3 2 70 0 11 0 74 61 47 58
videos.hw01/06_frame/1027.jpg 8 7 12 1 32 6 8 0 40 9 13 0 80 16 55 69
videos.hw01/06_frame/1028.jpg 122 0 3 1 125 7 12 7 34 16 13 0 92 87 38 57
videos.hw01/06_frame/1029.jpg 97 4 13 5 8 1 6 0 64 16 8 0 24 33 87 59
videos.hw01/06_frame/1030.jpg 72 8 23 3 54 16 52 0 24 0 7 0 56 42 55 64
videos.hw01/06_frame/1031.jpg 109 12 38 15 10 21 27 1 46 13 14 0 78 14 31 71
videos.hw01/06_frame/1032.jpg 50 8 24 0 32 3 21 0 4 4 6 0 2 7 12 58
videos.hw01/06_frame/1033.jpg 40 39 70 37 35 26 97 20 146 9 3 0 98 14 46 70
videos.hw01/06_frame/1034.jpg 29 20 43 14 65 33 60 8 114 0 1 0 72 61 32 60
videos.hw01/06_frame/1035.jpg 12 8 23 1 64 31 27 7 126 0 1 0 28 18 44 123
videos.hw01/06_frame/1036.jpg 130 14 53 4 23 31 90 18 368 23 3 0 112 74 42 85
videos.hw01/06_frame/1037.jpg 71 6 23 2 58 24 44 14 104 22 2 0 96 6 38 95
videos.hw01/06_frame/1038.jpg 70 4 34 11 12 25 36 5 266 24 1 0 104 15 43 113
videos.hw01/06_frame/1039.jpg 223 1 7 3 16 3 29 3 48 44 0 0 46 19 24 56
videos.hw01/06_frame/1040.jpg 88 19 16 0 42 5 18 3 340 36 0 0 142 49 34 65
videos.hw01/06_frame/1041.jpg 81 24 31 1 77 9 43 4 46 27 0 0 130 9 40 44
videos.hw01/06_frame/1042.jpg 40 4 18 2 56 19 38 4 162 68 0 0 116 24 23 87
videos.hw01/06_frame/1043.jpg 143 1 22 2 43 19 28 3 138 37 0 0 180 32 27 76
videos.hw01/06_frame/1044.jpg 25 4 12 0 87 1 19 3 84 13 0 0 26 19 57 66
videos.hw01/06_frame/1045.jpg 176 16 77 21 27 38 97 18 305 49 0 0 30 52 51 121
videos.hw01/06_frame/1046.jpg 72 14 59 6 215 26 67 9 159 34 0 0 198 58 57 48
videos.hw01/06_frame/1047.jpg 238 8 31 7 37 8 16 6 86 6 0 0 34 10 27 43
videos.hw01/06_frame/1048.jpg 398 8 15 11 75 10 9 2 243 29 0 0 160 80 42 46
videos.hw01/06_frame/1049.jpg 306 0 8 9 108 3 38 3 301 17 0 0 54 67 41 81
videos.hw01/06_frame/1050.jpg 307 2 14 6 154 9 20 0 108 0 0 0 38 36 34 50
videos.hw01/06_frame/1051.jpg 591 27 118 32 262 34 120 28 494 0 0 0 34 65 83 87
videos.hw01/06_frame/1052.jpg 50 14 44 11 60 16 26 5 104 0 0 0 132 37 41 117
videos.hw01/06_frame/1053.jpg 110 1 6 18 93 5 35 3 45 0 0 0 0 17 41 58
videos.hw01/06_frame/1054.jpg 102 0 0 0 111 0 8 0 155 0 0 0 27 33 41 76
videos.hw01/06_frame/1055.jpg 136 0 0 8 170 0 7 6 163 0 0 0 55 30 19 70
videos.hw01/06_frame/1056.jpg 85 0 0 5 32 0 7 6 36 0 0 0 12 12 25 42
videos.hw01/06_frame/1057.jpg 24 28 56 31 218 26 81 20 106 0 0 0 48 17 40 73
videos.hw01/06_frame/1058.jpg 55 17 39 10 79 30 42 5 67 0 0 0 24 16 21 54
videos.hw01/06_frame/1059.jpg 105 10 31 8 96 22 36 8 10 0 0 0 66 29 19 87
videos.hw01/06_frame/1060.jpg 147 2 2 2 22 3 2 8 31 0 0 0 44 15 32 86
videos.hw01/06_frame/1061.jpg 8 0 4 6 65 3 8 4 130 0 0 0 15 18 29 72
videos.hw01/06_frame/1062.jpg 102 6 8 5 46 4 17 0 72 0 0 0 16 19 25 65
videos.hw01/06_frame/1063.jpg 45 0 2 2 61 3 3 0 86 0 0 0 16 30 52 63
videos.hw01/06_frame/1064.jpg 19 0 2 9 41 3 3 3 5 0 0 0 10 21 16 64
videos.hw01/06_frame/1065.jpg 6 0 2 7 39 5 1 3 2 0 0 0 16 12 41 64
videos.hw01/06_frame/1066.jpg 93 0 3 15 62 14 19 6 54 0 0 0 34 17 30 83
videos.hw01/06_frame/1067.jpg 142 0 2 9 51 2 2 1 110 0 0 0 2 12 58 30
videos.hw01/06_frame/1068.jpg 67 0 2 2 8 2 0 0 54 0 0 0 38 11 55 105
videos.hw01/06_frame/1069.jpg 57 25 53 38 92 32 44 8 91 0 0 0 106 16 24 76
videos.hw01/06_frame/1070.jpg 78 17 44 11 52 36 53 5 50 0 0 0 30 12 19 41
videos.hw01/06_frame/1071.jpg 17 10 13 16 100 31 29 2 72 0 0 0 44 3 38 52
videos.hw01/06_frame/1072.jpg 219 2 2 2 120 4 8 2 35 0 0 0 44 8 56 42
videos.hw01/06_frame/1073.jpg 30 0 2 13 4 4 4 3 0 0 0 0 12 5 19 54
videos.hw01/06_frame/1074.jpg 38 3 2 9 13 6 11 1 38 0 0 0 70 5 65 65
videos.hw01/06_frame/1075.jpg 109 3 2 9 64 4 6 0 164 0 0 0 8 6 40 60
videos.hw01/06_frame/1076.jpg 15 0 2 4 61 4 3 0 8 0 0 0 0 9 52 49
videos.hw01/06_frame/1077.jpg 29 0 2 9 53 4 5 9 66 0 0 0 52 23 41 38
videos.hw01/06_frame/1078.jpg 69 0 2 0 113 6 2 6 119 0 0 0 25 32 20 79
videos.hw01/06_frame/1079.jpg 203 0 2 4 6 2 3 0 76 0 0 0 10 4 29 81
videos.hw01/06_frame/1080.jpg 45 1 6 0 64 2 4 0 40 0 0 0 6 9 43 71
videos.hw01/06_frame/1081.jpg 110 26 71 49 178 78 154 36 215 0 0 0 442 32 41 86
videos.hw01/06_frame/1082.jpg 46 23 237 66 46 61 426 35 38 0 0 0 70 7 25 48
videos.hw01/06_frame/1083.jpg 41 41 410 54 17 59 658 43 39 0 0 0 142 10 32 50
videos.hw01/06_frame/1084.jpg 81 37 363 107 28 96 625 51 207 0 0 0 18 6 20 58
videos.hw01/06_frame/1085.jpg 29 61 552 72 37 117 630 44 162 0 0 0 94 4 49 44
videos.hw01/06_frame/1086.jpg 45 117 415 69 51 61 978 46 150 0 0 0 104 13 55 57
videos.hw01/06_frame/1087.jpg 40 39 428 54 18 83 933 96 47 0 0 0 22 21 23 47
videos.hw01/06_frame/1088.jpg 11 52 416 45 20 101 1349 31 131 0 0 0 16 4 29 46
videos.hw01/06_frame/1089.jpg 56 45 462 63 124 118 961 34 80 0 0 0 16 4 26 48
videos.hw01/06_frame/1090.jpg 49 69 546 55 49 89 923 46 140 5 0 0 154 25 38 87
videos.hw01/06_frame/1091.jpg 34 52 568 79 31 139 1261 61 62 0 0 0 8 1 29 58
videos.hw01/06_frame/1092.jpg 52 67 512 23 43 79 1003 16 70 0 0 0 22 0 40 66
videos.hw01/06_frame/1093.jpg 183 73 508 44 76 122 1014 70 168 4 0 0 68 41 29 68
videos.hw01/06_frame/1094.jpg 355 55 920 76 52 47 1627 37 130 0 0 0 6 1 37 57
videos.hw01/06_frame/1095.jpg 214 87 796 30 77 89 1062 32 24 4 0 0 0 0 41 47
videos.hw01/06_frame/1096.jpg 54 75 290 39 132 157 701 32 47 0 0 0 26 18 39 58
videos.hw01/06_frame/1097.jpg 125 34 741 69 41 145 1224 37 51 5 0 0 0 6 32 38
videos.hw01/06_frame/1098.jpg 116 75 854 32 164 129 1138 19 96 0 0 0 67 10 39 77
videos.hw01/06_frame/1099.jpg 158 77 45 0 120 247 94 5 332 0 0 0 56 17 13 58
videos.hw01/06_frame/1100.jpg 104 1 0 0 271 4 2 0 191 0 0 1 164 33 38 33
videos.hw01/06_frame/1101.jpg 92 0 0 0 169 0 0 0 78 0 0 1 120 39 32 69
videos.hw01/06_frame/1102.jpg 111 0 0 0 76 0 0 0 178 0 0 0 486 25 37 76
videos.hw01/06_frame/1103.jpg 126 0 0 0 69 0 0 0 296 0 0 0 292 0 54 77
videos.hw01/06_frame/1104.jpg 43 0 0 0 111 0 0 0 289 0 0 4 136 21 41 66
videos.hw01/06_frame/1105.jpg 185 0 0 0 129 0 0 0 162 0 0 3 216 1 18 89
videos.hw01/06_frame/1106.jpg 44 0 0 0 146 0 0 0 52 0 0 1 93 5 49 78
videos.hw01/06_frame/1107.jpg 90 0 0 0 35 0 0 0 58 0 0 0 89 4 45 70
videos.hw01/06_frame/1108.jpg 17 0 0 0 23 0 0 0 33 0 0 0 181 1 37 70
videos.hw01/06_frame/1109.jpg 137 0 0 0 18 0 0 0 8 0 0 0 98 3 49 50
videos.hw01/06_frame/1110.jpg 10 0 0 0 29 0 0 0 13 0 0 0 97 0 52 52
videos.hw01/06_frame/1111.jpg 103 0 0 0 421 0 0 0 164 0 0 0 217 1 20 63
videos.hw01/06_frame/1112.jpg 20 0 0 0 66 0 0 0 80 0 0 0 41 1 24 70
videos.hw01/06_frame/1113.jpg 42 0 0 0 19 0 0 0 137 0 0 0 131 0 48 99
videos.hw01/06_frame/1114.jpg 138 0 0 0 94 0 0 0 40 0 0 0 80 0 39 97
videos.hw01/06_frame/1115.jpg 78 0 0 0 186 0 0 0 66 0 0 0 14 0 46 68
videos.hw01/06_frame/1116.jpg 0 0 0 0 40 0 0 0 44 0 0 0 228 0 32 51
videos.hw01/06_frame/1117.jpg 190 0 0 0 192 0 0 0 145 0 0 0 75 16 38 81
videos.hw01/06_frame/1118.jpg 121 0 0 0 105 0 0 0 247 0 0 0 64 3 30 61
videos.hw01/06_frame/1119.jpg 38 0 0 0 10 0 0 0 82 0 0 0 103 8 31 45
videos.hw01/06_frame/1120.jpg 34 0 0 0 64 0 0 0 43 0 0 0 21 1 52 82
videos.hw01/06_frame/1121.jpg 31 0 0 0 102 0 0 0 70 0 0 0 51 13 52 36
videos.hw01/06_frame/1122.jpg 23 0 0 0 51 0 0 0 44 0 0 0 35 0 19 44
videos.hw01/06_frame/1123.jpg 27 0 0 0 10 0 0 0 10 0 0 0 2 0 28 69
videos.hw01/06_frame/1124.jpg 7 0 0 0 138 0 0 0 18 0 0 0 36 0 46 54
videos.hw01/06_frame/1125.jpg 8 0 0 0 48 0 0 0 26 0 0 0 38 3 29 57
videos.hw01/06_frame/1126.jpg 29 0 0 0 5 0 0 0 6 0 0 0 32 4 36 79
videos.hw01/06_frame/1127.jpg 12 0 0 0 4 0 0 0 72 0 0 0 44 7 45 55
videos.hw01/06_frame/1128.jpg 26 0 0 0 10 0 0 0 10 0 0 0 24 4 20 75
videos.hw01/06_frame/1129.jpg 201 0 0 0 174 0 0 0 28 0 0 0 70 5 15 53
videos.hw01/06_frame/1130.jpg 58 0 0 0 100 0 0 0 56 0 0 0 79 6 47 75
videos.hw01/06_frame/1131.jpg 122 0 0 0 104 0 0 0 42 0 0 0 24 0 67 68
videos.hw01/06_frame/1132.jpg 62 0 0 0 31 0 0 0 36 0 0 0 78 4 57 58
videos.hw01/06_frame/1133.jpg 31 0 0 0 30 0 0 0 31 0 0 0 36 0 21 68
videos.hw01/06_frame/1134.jpg 22 0 0 0 26 0 0 0 67 0 0 0 75 1 23 68
videos.hw01/06_frame/1135.jpg 62 0 0 0 86 0 0 0 35 0 0 0 48 4 22 89
videos.hw01/06_frame/1136.jpg 32 0 0 0 59 0 0 0 203 0 0 0 210 5 37 77
videos.hw01/06_frame/1137.jpg 10 0 0 0 25 0 0 0 89 0 0 0 245 16 38 39
videos.hw01/06_frame/1138.jpg 4 0 0 0 51 0 0 0 320 0 0 0 179 19 27 84
videos.hw01/06_frame/1139.jpg 15 0 0 0 65 0 0 0 79 0 0 0 271 2 57 83
videos.hw01/06_frame/1140.jpg 114 0 0 0 223 0 0 0 97 0 0 0 194 216 39 82
videos.hw01/06_frame/1141.jpg 146 0 0 0 350 0 0 0 285 0 0 0 458 364 26 65
videos.hw01/06_frame/1142.jpg 233 0 0 0 107 0 0 0 122 0 0 0 254 35 23 58
videos.hw01/06_frame/1143.jpg 97 0 0 0 70 0 0 0 119 0 0 0 189 22 46 67
videos.hw01/06_frame/1144.jpg 6 0 0 0 40 0 0 0 75 0 0 0 150 89 50 31
videos.hw01/06_frame/1145.jpg 54 0 0 0 46 0 0 0 21 0 0 0 83 37 31 53
videos.hw01/06_frame/1146.jpg 121 0 0 0 81 0 0 0 60 0 0 0 289 14 66 49
videos.hw01/06_frame/1147.jpg 125 0 0 0 54 0 0 0 6 0 0 0 82 8 29 50
videos.hw01/06_frame/1148.jpg 170 0 0 0 39 0 0 0 57 0 0 0 44 7 60 34
videos.hw01/06_frame/1149.jpg 60 0 0 0 56 0 0 0 26 0 0 0 42 5 16 42
videos.hw01/06_frame/1150.jpg 112 0 0 0 6 0 0 0 202 0 0 0 80 18 24 20
videos.hw01/06_frame/1151.jpg 6 0 0 0 22 0 0 0 29 0 0 0 174 29 19 52
videos.hw01/06_frame/1152.jpg 7 0 0 0 55 0 0 0 4 0 0 0 76 45 41 67
videos.hw01/06_frame/1153.jpg 25 0 0 0 5 0 0 0 24 0 0 0 188 41 56 33
videos.hw01/06_frame/1154.jpg 140 0 0 0 146 0 0 0 108 0 0 0 76 5 35 37
videos.hw01/06_frame/1155.jpg 44 0 0 0 74 0 0 0 8 0 0 0 36 12 31 51
videos.hw01/06_frame/1156.jpg 126 0 0 0 161 0 0 0 8 0 0 0 80 120 41 63
videos.hw01/06_frame/1157.jpg 96 0 0 0 28 0 0 0 26 0 0 0 190 78 32 56
videos.hw01/06_frame/1158.jpg 67 0 0 0 6 0 0 0 27 0 0 0 78 4 69 46
videos.hw01/06_frame/1159.jpg 50 0 0 0 45 0 0 0 8 0 0 0 109 21 64 34
videos.hw01/06_frame/1160.jpg 203 0 0 0 94 0 0 0 24 0 0 0 316 3 46 46
videos.hw01/06_frame/1161.jpg 29 0 0 0 33 0 0 0 10 0 0 0 281 87 36 36
videos.hw01/06_frame/1162.jpg 38 0 0 0 16 0 0 0 34 0 0 0 33 6 36 85
videos.hw01/06_frame/1163.jpg 75 0 0 0 21 0 0 0 28 0 0 0 92 23 38 57
videos.hw01/06_frame/1164.jpg 66 0 0 0 24 0 0 0 12 0 0 0 96 51 46 30
videos.hw01/06_frame/1165.jpg 207 0 0 0 171 0 0 0 21 0 0 0 172 7 43 28
videos.hw01/06_frame/1166.jpg 66 0 0 0 77 0 0 0 14 0 0 0 156 14 22 61
videos.hw01/06_frame/1167.jpg 34 0 0 0 18 0 0 0 27 0 0 0 228 126 73 41
videos.hw01/06_frame/1168.jpg 9 0 0 0 52 0 0 0 43 0 0 0 128 82 34 47
videos.hw01/06_frame/1169.jpg 9 0 0 0 48 0 0 0 0 0 0 0 57 19 48 60
videos.hw01/06_frame/1170.jpg 77 0 0 0 22 0 0 0 23 0 0 0 116 30 62 59
videos.hw01/06_frame/1171.jpg 34 0 0 0 101 0 0 0 59 0 0 0 221 98 72 50
videos.hw01/06_frame/1172.jpg 22 0 0 0 98 0 0 0 8 0 0 0 137 24 35 43
videos.hw01/06_frame/1173.jpg 63 0 0 0 74 0 0 0 24 0 0 0 74 9 32 52
videos.hw01/06_frame/1174.jpg 100 0 0 0 42 0 0 0 0 0 0 0 64 5 41 34
videos.hw01/06_frame/1175.jpg 23 0 0 0 61 0 0 0 0 0 0 0 60 7 28 26
videos.hw01/06_frame/1176.jpg 131 0 0 0 80 0 0 0 0 0 0 0 176 5 51 34
videos.hw01/06_frame/1177.jpg 303 0 0 0 79 0 0 0 69 0 0 0 45 39 46 47
videos.hw01/06_frame/1178.jpg 8643 4800 4800 4800 8726 4800 4800 4800 8830 4800 4800 4800 9034 4998 5099 5004
videos.hw01/06_frame/1179.jpg 0 0 0 0 0 0 0 0 0 0 0 0 0 0 0 0
videos.hw01/06_frame/1180.jpg 0 0 0 0 0 0 0 0 0 0 0 0 0 0 0 0
videos.hw01/06_frame/1181.jpg 0 0 0 0 0 0 0 0 0 0 0 0 0 0 0 0
videos.hw01/06_frame/1182.jpg 0 0 0 0 0 0 0 0 0 0 0 0 0 0 0 0
videos.hw01/06_frame/1183.jpg 0 0 0 0 0 0 0 0 0 0 0 0 0 0 0 0
videos.hw01/06_frame/1184.jpg 0 0 0 0 0 0 0 0 0 0 0 0 0 0 0 0
videos.hw01/06_frame/1185.jpg 0 0 0 0 0 0 0 0 0 0 0 0 0 0 0 0
videos.hw01/06_frame/1186.jpg 0 0 0 0 0 0 0 0 0 0 0 0 0 0 0 0
videos.hw01/06_frame/1187.jpg 0 0 0 0 0 0 0 0 0 0 0 0 0 0 0 0
videos.hw01/06_frame/1188.jpg 0 0 0 0 0 0 0 0 0 0 0 0 0 0 0 0
videos.hw01/06_frame/1189.jpg 0 0 0 0 0 0 0 0 0 0 0 0 0 0 0 0
videos.hw01/06_frame/1190.jpg 0 0 0 0 0 0 0 0 0 0 0 0 0 0 0 0
