1 0
2 0
3 153600
4 608
5 604
6 1022
7 838
8 1192
9 478
10 986
11 1874
12 752
13 482
14 1080
15 528
16 992
17 514
18 676
19 942
20 638
21 756
22 626
23 468
24 992
25 1084
26 838
27 816
28 962
29 820
30 916
31 1072
32 750
33 682
34 1016
35 922
36 1390
37 1356
38 1038
39 1168
40 1332
41 640
42 1102
43 878
44 2126
45 1110
46 1656
47 2368
48 1266
49 998
50 954
51 1132
52 936
53 652
54 878
55 149216
56 1096
57 1574
58 1626
59 2968
60 3292
61 4332
62 2820
63 3528
64 2296
65 2228
66 2782
67 3782
68 4334
69 5606
70 3766
71 5132
72 6468
73 4270
74 4128
75 4084
76 4186
77 3716
78 4206
79 2822
80 3684
81 3266
82 3540
83 3266
84 3528
85 3414
86 3564
87 3330
88 3024
89 3472
90 3884
91 4486
92 2622
93 3698
94 3892
95 3790
96 2882
97 2494
98 4072
99 6096
100 2418
101 4330
102 2762
103 3574
104 4818
105 3996
106 2526
107 3268
108 4790
109 3446
110 143714
111 8266
112 6110
113 4208
114 4478
115 2962
116 4764
117 4426
118 2916
119 4106
120 3012
121 5010
122 5064
123 3986
124 4802
125 4506
126 3900
127 4180
128 3122
129 4360
130 3382
131 4342
132 5430
133 8824
134 7904
135 5232
136 2818
137 7510
138 5582
139 6704
140 4512
141 6002
142 6002
143 2804
144 3186
145 2808
146 3460
147 2622
148 4170
149 3050
150 3452
151 2954
152 4760
153 3692
154 3080
155 3948
156 4116
157 123010
158 2490
159 2390
160 3240
161 2238
162 4658
163 4384
164 3150
165 4998
166 2956
167 2722
168 2326
169 2876
170 2486
171 2348
172 2048
173 2596
174 2784
175 2062
176 2392
177 2440
178 3610
179 3670
180 3272
181 3070
182 2574
183 2124
184 2682
185 2834
186 3346
187 3142
188 3110
189 5022
190 2642
191 2738
192 2666
193 2674
194 3288
195 2574
196 3724
197 4912
198 3068
199 2642
200 3970
201 4384
202 2816
203 3160
204 2930
205 150238
206 994
207 648
208 936
209 632
210 680
211 1168
212 1022
213 2054
214 1078
215 886
216 934
217 918
218 676
219 1032
220 568
221 808
222 942
223 792
224 644
225 762
226 1140
227 680
228 804
229 430
230 670
231 1674
232 994
233 1032
234 648
235 658
236 548
237 1160
238 810
239 602
240 722
241 1076
242 720
243 948
244 628
245 726
246 744
247 774
248 1210
249 448
250 774
251 674
252 644
253 1018
254 646
255 622
256 872
257 652
258 504
259 730
260 788
261 3926
262 1146
263 632
264 786
265 3100
266 1386
267 1110
268 810
269 746
270 1070
271 948
272 774
273 604
274 600
275 866
276 884
277 696
278 692
279 814
280 684
281 736
282 756
283 730
284 530
285 2232
286 752
287 604
288 710
289 802
290 1276
291 2026
292 860
293 550
294 1036
295 848
296 986
297 832
298 870
299 408
300 616
301 100002
302 1494
303 1504
304 1164
305 1556
306 1764
307 1336
308 962
309 1716
310 1400
311 1786
312 1374
313 1222
314 1722
315 2178
316 3162
317 2280
318 1484
319 2320
320 1530
321 3190
322 1896
323 2160
324 1916
325 1476
326 2096
327 1914
328 1978
329 1584
330 2070
331 2346
332 1606
333 2598
334 1816
335 1614
336 1806
337 1382
338 1590
339 1796
340 1544
341 1858
342 1662
343 1542
344 1634
345 1232
346 2760
347 1860
348 1274
349 1118
350 1240
351 1754
352 1432
353 1098
354 1164
355 1392
356 1084
357 2780
358 1152
359 1336
360 1104
361 2560
362 1184
363 1180
364 1576
365 1480
366 1802
367 1384
368 1270
369 1696
370 1102
371 1216
372 1476
373 1364
374 1518
375 1582
376 1994
377 1542
378 1426
379 1522
380 976
381 2390
382 1284
383 1506
384 1282
385 1172
386 1590
387 1186
388 1134
389 1142
390 852
391 1742
392 1160
393 1388
394 1110
395 1338
396 2254
397 2040
398 1382
399 1238
400 1000
401 1534
402 756
403 1418
404 992
405 2504
406 1720
407 1670
408 812
409 886
410 1092
411 1602
412 1518
413 1058
414 1066
415 1054
416 1112
417 1216
418 1260
419 1496
420 1450
421 2786
422 1264
423 1404
424 858
425 1720
426 40554
427 50562
428 60926
429 77842
430 71444
431 41122
432 50984
433 45450
434 42084
435 32634
436 1768
437 1080
438 1074
439 1552
440 106896
441 4172
442 3506
443 4192
444 4376
445 4614
446 4922
447 4032
448 4852
449 3716
450 3496
451 2900
452 131376
453 8742
454 3376
455 3028
456 2666
457 2392
458 3184
459 2100
460 2332
461 152928
462 18384
463 22316
464 23330
465 22144
466 16982
467 13110
468 14510
469 28822
470 12178
471 25148
472 16678
473 77848
474 11480
475 7428
476 7012
477 6306
478 4524
479 5978
480 5342
481 7216
482 7442
483 6494
484 8554
485 7968
486 7948
487 136694
488 43304
489 106976
490 45662
491 1158
492 51632
493 47006
494 74996
495 143454
496 3302
497 4056
498 3246
499 4070
500 3788
501 4428
502 3354
503 3660
504 4248
505 4698
506 5148
507 5044
508 5942
509 6208
510 7842
511 10236
512 9976
513 10016
514 84232
515 1042
516 1552
517 1656
518 1078
519 886
520 1408
521 956
522 582
523 764
524 844
525 1960
526 1506
527 1186
528 790
529 1478
530 1212
531 1404
532 1080
533 660
534 1838
535 1142
536 131142
537 3304
538 5644
539 4294
540 4150
541 2716
542 2466
543 1972
544 3468
545 3168
546 2644
547 3494
548 137606
549 11664
550 8382
551 4672
552 4410
553 6268
554 4000
555 6262
556 8316
557 3002
558 4386
559 3602
560 3804
561 3366
562 3938
563 3622
564 7038
565 4068
566 5060
567 4908
568 4526
569 3786
570 89722
571 6622
572 6336
573 7750
574 6918
575 4740
576 6146
577 6268
578 7226
579 6898
580 5624
581 5372
582 4678
583 7660
584 8218
585 10238
586 8512
587 8720
588 8546
589 126302
590 7828
591 8856
592 8352
593 9222
594 8482
595 5988
596 6164
597 5802
598 6004
599 7236
600 7566
601 5292
602 4382
603 6962
604 5978
605 7730
606 6422
607 6630
608 6276
609 7150
610 6000
611 5260
612 9974
613 6378
614 5240
615 119922
616 5980
617 5464
618 3954
619 2742
620 3016
621 5072
622 4326
623 3268
624 2904
625 3496
626 3608
627 3844
628 2674
629 2176
630 3716
631 3618
632 3200
633 2598
634 2734
635 2310
636 3326
637 3232
638 2462
639 1914
640 130990
641 1390
642 2074
643 2080
644 1734
645 1548
646 1820
647 1786
648 1942
649 1664
650 2112
651 2948
652 2624
653 1542
654 2356
655 1622
656 2034
657 2154
658 1754
659 1780
660 1794
661 2274
662 1598
663 2180
664 2314
665 2038
666 1604
667 1538
668 1722
669 1660
670 140764
671 2358
672 2990
673 2504
674 3124
675 2816
676 3138
677 2874
678 2780
679 2544
680 3316
681 2550
682 3100
683 3182
684 4596
685 2538
686 3594
687 2854
688 3790
689 3504
690 3476
691 5342
692 2232
693 4340
694 2820
695 3284
696 2394
697 2830
698 3982
699 2534
700 2396
701 109138
702 1760
703 1430
704 1664
705 1602
706 2440
707 1692
708 3186
709 2332
710 2888
711 2362
712 2198
713 2880
714 1822
715 2074
716 1620
717 4962
718 2094
719 1862
720 2160
721 2532
722 2790
723 2392
724 3266
725 2710
726 3012
727 3338
728 2006
729 1998
730 2024
731 2036
732 1984
733 1712
734 1952
735 1538
736 3052
737 100500
738 10248
739 3186
740 2886
741 7856
742 4078
743 3346
744 2962
745 3360
746 3264
747 3914
748 3324
749 2410
750 2378
751 2846
752 2694
753 2614
754 1772
755 2496
756 2818
757 2042
758 2238
759 2188
760 2264
761 2344
762 2148
763 2538
764 2198
765 3034
766 3098
767 2674
768 2772
769 2810
770 2890
771 3204
772 2444
773 2644
774 2592
775 2562
776 3084
777 3318
778 3274
779 2618
780 2314
781 2678
782 3168
783 2730
784 2770
785 2270
786 2434
787 2950
788 2484
789 3592
790 2290
791 2442
792 3210
793 2516
794 2940
795 3972
796 127686
797 1706
798 1808
799 1914
800 1532
801 3036
802 2072
803 1984
804 1692
805 2030
806 1892
807 2014
808 2228
809 2122
810 2166
811 2692
812 1240
813 3624
814 2342
815 2686
816 1822
817 2132
818 1998
819 1642
820 2326
821 2434
822 2790
823 2816
824 2806
825 1826
826 2436
827 2074
828 1414
829 1896
830 2306
831 3696
832 1784
833 1510
834 1684
835 1728
836 1974
837 2782
838 1846
839 2000
840 1330
841 2160
842 1644
843 1520
844 1460
845 992
846 1386
847 930
848 1014
849 138666
850 117122
851 122944
852 39730
853 2140
854 80164
855 27712
856 108270
857 150200
858 6066
859 6038
860 4248
861 7960
862 3734
863 5414
864 5118
865 4046
866 3824
867 5116
868 3494
869 3070
870 3526
871 4464
872 3368
873 3736
874 3480
875 4680
876 3138
877 4382
878 4078
879 3988
880 4522
881 5636
882 119934
883 3080
884 3060
885 4196
886 3150
887 4004
888 4588
889 3082
890 3888
891 3082
892 3166
893 2810
894 3904
895 3370
896 3402
897 3216
898 3604
899 4812
900 3384
901 3274
902 3198
903 2640
904 4202
905 4614
906 2914
907 4440
908 3206
909 4998
910 5982
911 3380
912 3636
913 3862
914 3284
915 2804
916 3464
917 2732
918 2616
919 2584
920 3180
921 3404
922 3006
923 2786
924 3078
925 2690
926 3604
927 5922
928 3948
929 2796
930 2902
931 3552
932 71926
933 4226
934 2706
935 2550
936 2646
937 2518
938 2812
939 2186
940 2180
941 2406
942 2746
943 2482
944 2830
945 2944
946 3596
947 2488
948 2024
949 2102
950 2452
951 2536
952 2680
953 2562
954 2616
955 2836
956 2594
957 2866
958 2422
959 2366
960 3282
961 3030
962 2642
963 3144
964 2534
965 2476
966 2588
967 2276
968 3054
969 2998
970 2670
971 2102
972 2526
973 77126
974 4266
975 5118
976 4186
977 2658
978 4576
979 4610
980 3732
981 6482
982 3344
983 4970
984 4938
985 4552
986 4580
987 3982
988 3996
989 3948
990 4022
991 4732
992 4354
993 4344
994 4276
995 7518
996 6560
997 5630
998 6584
999 4804
1000 5206
1001 5612
1002 7544
1003 7916
1004 6488
1005 6902
1006 5946
1007 5984
1008 7648
1009 6588
1010 6152
1011 5560
1012 5998
1013 6632
1014 106840
1015 2594
1016 3576
1017 3678
1018 4256
1019 3548
1020 4042
1021 4022
1022 3734
1023 5516
1024 4690
1025 4056
1026 4758
1027 3664
1028 3116
1029 6180
1030 5058
1031 3118
1032 3812
1033 3570
1034 3110
1035 3172
1036 3586
1037 2922
1038 3372
1039 3984
1040 3596
1041 4288
1042 4448
1043 3732
1044 3720
1045 3660
1046 4436
1047 4112
1048 3854
1049 3878
1050 2984
1051 6058
1052 2292
1053 4264
1054 4922
1055 2822
1056 4572
1057 2828
1058 5108
1059 4238
1060 3262
1061 3036
1062 3126
1063 3510
1064 3326
1065 3208
1066 5544
1067 4440
1068 24910
1069 62694
1070 2786
1071 86550
1072 46050
1073 92516
1074 32878
1075 1378
1076 118074
1077 5688
1078 2520
1079 2260
1080 2460
1081 2654
1082 2292
1083 2574
1084 2556
1085 2904
1086 2514
1087 3246
1088 2626
1089 2856
1090 2404
1091 2806
1092 2244
1093 3136
1094 2864
1095 2678
1096 2620
1097 2356
1098 2826
1099 2962
1100 1812
1101 3528
1102 2682
1103 2848
1104 2840
1105 2594
1106 2746
1107 2538
1108 3130
1109 2632
1110 2500
1111 124682
1112 1760
1113 3120
1114 2484
1115 2292
1116 3942
1117 2750
1118 3172
1119 2200
1120 2706
1121 1946
1122 1998
1123 1422
1124 1924
1125 4412
1126 3426
1127 2660
1128 2456
1129 1406
1130 2594
1131 4690
1132 3632
1133 2534
1134 3276
1135 1430
1136 2700
1137 2452
1138 3708
1139 2312
1140 2596
1141 2212
1142 1596
1143 2616
1144 3098
1145 3100
1146 1604
1147 2934
1148 1306
1149 3390
1150 2168
1151 2816
1152 1980
1153 1532
1154 2150
1155 2220
1156 4260
1157 3542
1158 2190
1159 3822
1160 2982
1161 6588
1162 3790
1163 2014
1164 3114
1165 1596
1166 3026
1167 2376
1168 2376
1169 2982
1170 2588
1171 3872
1172 2582
1173 4916
1174 2950
1175 2414
1176 3126
1177 2082
1178 2952
1179 2086
1180 2350
1181 2156
1182 2394
1183 2422
1184 2206
1185 2148
1186 3518
1187 3242
1188 2728
1189 3098
1190 2038
1191 4030
1192 3138
1193 1906
1194 3122
1195 2000
1196 1778
1197 3370
1198 2304
1199 2528
1200 2676
1201 1646
1202 1628
1203 2540
1204 2458
1205 2716
1206 2622
1207 1670
1208 2574
1209 1670
1210 2604
1211 1868
1212 2084
1213 1418
1214 1714
1215 1548
1216 124798
1217 1890
1218 4386
1219 4414
1220 2118
1221 9370
1222 7566
1223 4158
1224 5206
1225 4222
1226 4586
1227 4190
1228 5800
1229 4214
1230 3340
1231 3032
1232 2636
1233 4098
1234 3378
1235 3722
1236 5716
1237 2870
1238 4232
1239 3784
1240 3726
1241 3268
1242 4778
1243 3706
1244 3464
1245 7822
1246 8772
1247 4022
1248 4864
1249 4448
1250 3724
1251 4020
1252 3920
1253 4250
1254 4388
1255 3890
1256 3600
1257 3940
1258 3092
1259 4730
1260 3920
1261 4926
1262 3766
1263 5622
1264 4942
1265 3678
1266 5368
1267 3698
1268 2116
1269 8764
1270 8542
1271 4126
1272 3826
1273 3568
1274 4434
1275 3210
1276 4738
1277 4470
1278 4110
1279 3160
1280 3976
1281 3696
1282 2628
1283 4008
1284 3550
1285 3786
1286 3388
1287 3466
1288 3950
1289 3818
1290 3148
1291 3814
1292 2480
1293 7548
1294 5844
1295 2548
1296 3982
1297 2496
1298 4264
1299 2288
1300 3514
1301 3020
1302 5612
1303 2414
1304 2314
1305 3594
1306 3362
1307 4336
1308 4718
1309 3760
1310 3536
1311 3858
1312 4650
1313 3870
1314 5028
1315 3696
1316 2268
1317 6818
1318 7202
1319 4628
1320 4572
1321 2676
1322 3520
1323 3672
1324 2986
1325 1740
1326 2190
1327 128516
1328 2666
1329 1986
1330 2892
1331 1964
1332 2662
1333 2366
1334 2564
1335 2000
1336 4716
1337 1990
1338 2228
1339 2008
1340 2056
1341 2888
1342 3736
1343 3306
1344 3484
1345 2278
1346 2816
1347 1750
1348 2992
1349 1924
1350 2098
1351 3340
1352 2012
1353 2754
1354 2490
1355 2498
1356 1848
1357 2146
1358 2426
1359 2154
1360 2218
1361 2912
1362 3056
1363 2362
1364 2102
1365 6226
1366 1626
1367 2656
1368 1876
1369 1520
1370 2066
1371 4098
1372 2846
1373 1574
1374 2296
1375 1950
1376 1332
1377 1760
1378 1732
1379 2110
1380 1446
1381 2092
1382 1674
1383 2070
1384 2414
1385 2482
1386 2426
1387 4082
1388 1726
1389 2496
1390 1728
1391 2462
1392 3048
1393 1916
1394 1920
1395 2142
1396 3752
1397 3582
1398 1952
1399 2482
1400 2274
1401 4540
1402 2930
1403 2570
1404 2968
1405 1960
1406 2122
1407 2070
1408 2104
1409 2394
1410 2888
1411 3024
1412 2006
1413 3992
1414 2658
1415 2518
1416 2948
1417 2560
1418 2786
1419 2338
1420 2690
1421 2206
1422 2396
1423 1986
1424 2792
1425 2432
1426 3366
1427 2148
1428 1750
1429 1468
1430 1740
1431 3074
1432 123604
1433 3534
1434 3976
1435 3048
1436 2634
1437 6014
1438 3690
1439 2704
1440 3424
1441 3972
1442 4414
1443 3396
1444 3822
1445 4446
1446 4738
1447 4074
1448 3534
1449 3582
1450 4126
1451 4132
1452 3892
1453 3114
1454 4354
1455 3120
1456 4166
1457 3946
1458 3858
1459 3234
1460 3710
1461 6362
1462 4034
1463 4464
1464 4824
1465 4328
1466 5938
1467 4690
1468 5672
1469 4550
1470 4226
1471 5098
1472 4342
1473 5170
1474 4984
1475 4570
1476 4818
1477 4998
1478 4876
1479 4776
1480 4074
1481 3858
1482 3310
1483 3450
1484 3876
1485 5002
1486 5020
1487 3446
1488 5412
1489 4896
1490 4654
1491 5244
1492 6826
1493 4182
1494 5382
1495 2940
1496 4038
1497 3250
1498 3344
1499 3348
1500 3192
1501 4884
1502 3646
1503 4030
1504 4012
1505 3150
1506 5558
1507 3684
1508 3568
1509 4882
1510 4268
1511 3456
1512 4208
1513 3134
1514 3532
1515 4996
1516 6712
1517 4002
1518 3198
1519 4594
1520 3078
1521 3560
1522 2790
1523 2592
1524 3118
1525 2088
1526 3552
1527 2422
1528 3078
1529 2932
1530 2758
1531 5010
1532 2884
1533 4770
1534 4584
1535 3498
1536 4384
1537 3104
1538 3870
1539 4246
1540 3120
1541 3070
1542 3264
1543 2010
1544 2620
1545 2312
1546 3944
1547 3188
1548 2938
1549 2922
1550 2324
1551 85262
1552 3350
1553 4628
1554 2982
1555 4060
1556 2982
1557 5926
1558 2908
1559 3110
1560 3392
1561 2840
1562 2960
1563 3684
1564 3632
1565 4462
1566 3468
1567 4514
1568 3354
1569 3364
1570 3304
1571 4024
1572 5292
1573 4900
1574 4336
1575 6132
1576 6384
1577 3546
1578 3272
1579 3380
1580 2338
1581 6358
1582 3762
1583 3042
1584 3176
1585 3822
1586 3640
1587 3570
1588 3712
1589 3088
1590 3928
1591 3636
1592 2780
1593 2464
1594 3176
1595 4086
1596 4322
1597 4422
1598 4448
1599 66342
1600 4908
1601 3710
1602 4452
1603 3980
1604 3276
1605 4764
1606 5244
1607 3440
1608 3458
1609 3012
1610 3494
1611 5214
1612 5276
1613 5026
1614 4914
1615 5640
1616 3904
1617 4258
1618 5224
1619 5242
1620 6792
1621 5442
1622 5052
1623 4058
1624 6226
1625 4506
1626 4912
1627 4454
1628 3544
1629 6806
1630 3122
1631 3030
1632 3758
1633 3252
1634 3598
1635 3400
1636 3408
1637 2910
1638 2556
1639 2638
1640 2134
1641 2926
1642 2634
1643 119038
1644 1558
1645 1336
1646 1122
1647 856
1648 970
1649 1080
1650 1122
1651 1168
1652 1298
1653 2132
1654 1212
1655 1286
1656 1430
1657 1004
1658 1150
1659 1434
1660 1762
1661 1152
1662 1844
1663 1940
1664 2404
1665 1742
1666 1846
1667 1480
1668 1818
1669 1592
1670 2082
1671 2500
1672 1690
1673 1822
1674 1470
1675 2154
1676 1854
1677 1934
1678 1588
1679 1728
1680 1890
1681 1566
1682 800
1683 1476
1684 1408
1685 1114
1686 1732
1687 1528
1688 1248
1689 1054
1690 1188
1691 1578
1692 1112
1693 940
1694 1150
1695 1102
1696 1826
1697 1238
1698 1350
1699 1116
1700 1204
1701 1852
1702 1462
1703 1918
1704 1012
1705 1374
1706 1192
1707 1206
1708 1174
1709 912
1710 84066
1711 1212
1712 1418
1713 1310
1714 1656
1715 1460
1716 2258
1717 1624
1718 1636
1719 1892
1720 944
1721 1294
1722 944
1723 1272
1724 832
1725 1270
1726 1420
1727 1216
1728 1376
1729 894
1730 776
1731 1370
1732 2072
1733 1232
1734 1310
1735 2022
1736 1040
1737 1402
1738 1044
1739 740
1740 1076
1741 1950
1742 1400
1743 1352
1744 1186
1745 1660
1746 1084
1747 1350
1748 790
1749 1722
1750 1060
1751 1208
1752 1080
1753 1228
1754 1374
1755 1340
1756 1164
1757 1390
1758 906
1759 834
1760 1316
1761 1136
1762 1402
1763 1110
1764 814
1765 1216
1766 1032
1767 1232
1768 1656
1769 1194
1770 1408
1771 1492
1772 952
1773 940
1774 1690
1775 1384
1776 1480
1777 1500
1778 1432
1779 1650
1780 1728
1781 1366
1782 1860
1783 1366
1784 1086
1785 1168
1786 2138
1787 1532
1788 78860
1789 2102
1790 2620
1791 2960
1792 1822
1793 2650
1794 2702
1795 2186
1796 2166
1797 2508
1798 1932
1799 1862
1800 2520
1801 1986
1802 1912
1803 2108
1804 2570
1805 2236
1806 2902
1807 3042
1808 2944
1809 1810
1810 2800
1811 2778
1812 3586
1813 2980
1814 3488
1815 3116
1816 3580
1817 2588
1818 132914
1819 1188
1820 1170
1821 1414
1822 1024
1823 1374
1824 1170
1825 1248
1826 1262
1827 1340
1828 1410
1829 1300
1830 1464
1831 2026
1832 1440
1833 1876
1834 1688
1835 1422
1836 1444
1837 1392
1838 1388
1839 1372
1840 1530
1841 1130
1842 1170
1843 1414
1844 1320
1845 2274
1846 2258
1847 1654
1848 1946
1849 1394
1850 1400
1851 1574
1852 1370
1853 1150
1854 1926
1855 1768
1856 1274
1857 1230
1858 1352
1859 1134
1860 1392
1861 2224
1862 1424
1863 1490
1864 926
1865 1330
1866 1328
1867 125148
1868 1938
1869 12384
1870 10784
1871 5016
1872 6542
1873 4834
1874 5354
1875 5918
1876 6030
1877 5468
1878 5632
1879 5366
1880 5066
1881 4950
1882 4420
1883 4136
1884 3102
1885 4190
1886 4466
1887 3424
1888 3342
1889 4254
1890 3908
1891 3800
1892 2122
1893 5620
1894 5330
1895 5114
1896 6558
1897 4712
1898 3162
1899 2324
1900 3024
1901 3348
1902 3580
1903 3292
1904 3038
1905 2668
1906 3222
1907 4382
1908 4540
1909 3086
1910 3662
1911 3918
1912 4006
1913 2296
1914 3200
1915 3086
1916 2778
1917 7722
1918 5382
1919 3874
1920 5018
1921 2582
1922 3752
1923 3824
1924 3806
1925 4774
1926 5284
1927 4316
1928 3766
1929 2494
1930 3186
1931 4126
1932 3488
1933 3396
1934 1800
1935 101318
1936 2620
1937 1340
1938 1348
1939 1642
1940 1670
1941 4958
1942 1424
1943 1706
1944 1982
1945 2304
1946 1828
1947 2070
1948 1664
1949 1656
1950 1434
1951 3034
1952 1608
1953 1576
1954 1458
1955 1818
1956 2070
1957 1414
1958 2112
1959 2072
1960 2384
1961 2212
1962 1648
1963 2396
1964 1234
1965 3364
1966 1938
1967 1460
1968 1740
1969 1424
1970 1512
1971 2578
1972 2030
1973 2956
1974 1328
1975 1074
1976 1820
1977 2794
1978 3162
1979 2736
1980 1832
1981 3544
1982 1716
1983 1808
1984 1798
1985 2110
1986 3228
1987 1994
1988 1496
1989 2852
1990 1856
1991 1862
1992 1448
1993 1748
1994 2224
1995 2704
1996 2438
