videos.hw01/01_frame/0.jpg 0 0 0 0 0 0 0 0 0 0 0 0 0 0 0 0
videos.hw01/01_frame/1.jpg 3454 2487 5466 3148 1776 4546 4359 2155 1814 10026 5394 996 2936 1864 4044 659
videos.hw01/01_frame/2.jpg 764 632 1080 476 212 1374 1054 1210 194 6530 4160 2627 44 891 3212 593
videos.hw01/01_frame/3.jpg 1222 2804 1605 1169 1386 2251 2101 750 720 6047 3402 2196 776 3125 2596 1498
videos.hw01/01_frame/4.jpg 1776 1145 3559 425 1300 3032 2055 1201 3008 7547 2108 546 644 1505 652 985
videos.hw01/01_frame/5.jpg 3980 1349 1412 872 364 2717 3984 1171 290 2478 3938 1017 1972 1888 676 366
videos.hw01/01_frame/6.jpg 650 4690 4622 1483 428 2574 1079 1160 1026 5655 2624 642 1196 1522 2716 1903
videos.hw01/01_frame/7.jpg 404 733 60 48 340 777 189 144 640 496 488 340 662 623 88 118
videos.hw01/01_frame/8.jpg 1530 2133 3129 1672 1054 2162 1029 997 1922 4745 1942 382 514 932 4218 487
videos.hw01/01_frame/9.jpg 2510 1424 6396 2900 3734 4192 5451 2756 1560 4162 3427 1260 2068 1663 12722 523
videos.hw01/01_frame/10.jpg 976 1042 1246 2115 1274 1688 1228 968 1652 4333 2411 2146 1000 797 1902 600
videos.hw01/01_frame/11.jpg 2474 5514 3764 1831 4390 4750 2687 1098 1998 8239 1576 1597 1382 2488 2408 4243
videos.hw01/01_frame/12.jpg 20 86 44 0 70 530 24 0 14 574 28 40 44 287 0 24
videos.hw01/01_frame/13.jpg 512 1481 2013 1217 902 931 2246 1693 198 3995 1180 1192 752 731 2796 488
videos.hw01/01_frame/14.jpg 7588 6188 4678 2756 1260 10191 6961 2814 606 4864 4089 3985 2538 1944 3826 1489
videos.hw01/01_frame/15.jpg 1080 1873 1016 1121 882 2075 1289 2050 1484 2067 739 633 1746 1860 382 196
videos.hw01/01_frame/16.jpg 2214 607 2849 2175 302 1588 1752 1120 456 2145 2604 872 1358 787 212 604
videos.hw01/01_frame/17.jpg 3150 4102 2714 1761 690 3657 3785 3988 1842 6074 2093 361 1424 2597 1154 460
videos.hw01/01_frame/18.jpg 1178 1339 3616 799 488 3709 1317 905 3070 4050 2879 1707 1015 1495 2764 4310
videos.hw01/01_frame/19.jpg 1302 262 751 274 888 1810 477 332 622 719 4120 444 102 1781 1082 376
videos.hw01/01_frame/20.jpg 1144 3511 2202 696 64 1626 1091 830 1378 1532 1801 521 88 9359 520 238
videos.hw01/01_frame/21.jpg 5460 4616 3149 1619 648 9470 2379 5330 2388 6749 3743 1062 1323 3550 1694 1166
videos.hw01/01_frame/22.jpg 688 2006 383 770 218 713 1040 945 970 1238 2178 596 1436 2319 1838 191
videos.hw01/01_frame/23.jpg 2580 5868 3129 4924 3582 6385 4098 2160 3080 7926 2040 1314 2809 1904 1846 1258
videos.hw01/01_frame/24.jpg 1128 2287 1146 178 132 2328 693 1165 342 1289 982 466 435 1375 818 399
videos.hw01/01_frame/25.jpg 916 2835 9291 1944 548 3468 2236 3094 3342 3706 985 616 3472 4856 1494 887
videos.hw01/01_frame/26.jpg 780 1963 3755 932 1424 3552 944 1315 1158 1428 4790 874 1204 5479 2830 482
videos.hw01/01_frame/27.jpg 824 0 266 8 76 312 1462 120 874 5499 1084 300 248 2050 326 209
videos.hw01/01_frame/28.jpg 4118 3151 1685 1495 1848 3939 1552 1824 2826 8200 3398 1585 1422 2014 9006 3797
videos.hw01/01_frame/29.jpg 1610 473 71 41 56 820 21 401 350 2128 484 352 520 1293 1934 250
videos.hw01/01_frame/30.jpg 946 1137 2329 1488 326 1232 307 245 308 3588 9331 654 1805 5051 5162 1979
videos.hw01/01_frame/31.jpg 68 67 172 89 354 668 68 143 290 2295 1063 136 148 226 1826 50
videos.hw01/01_frame/32.jpg 612 2792 3673 646 36 1153 369 592 640 1823 655 645 648 2296 1148 551
videos.hw01/01_frame/33.jpg 1162 2823 2059 5578 1112 2653 1354 424 1736 7107 7150 605 1283 5797 6988 4936
videos.hw01/01_frame/34.jpg 1354 709 909 426 18 486 295 37 2088 1622 1766 876 1012 1447 1300 2408
videos.hw01/01_frame/35.jpg 1816 4121 3969 638 344 878 2040 503 1132 5188 3477 898 632 2628 1008 1388
videos.hw01/01_frame/36.jpg 1102 2142 2946 4098 206 1212 644 349 1386 3036 855 869 1255 5081 2882 1848
videos.hw01/01_frame/37.jpg 1364 2820 4275 981 2078 1931 2260 1943 2166 1261 22816 1390 2805 8850 3158 2639
videos.hw01/01_frame/38.jpg 1926 1023 4824 1457 888 2373 620 1177 308 1657 2084 1008 1312 2556 4916 3203
videos.hw01/01_frame/39.jpg 108 191 0 114 122 106 0 20 402 708 0 4 2410 466 112 165
videos.hw01/01_frame/40.jpg 1282 252 526 356 424 286 986 505 4944 1509 1362 1129 1308 1962 1427 1012
videos.hw01/01_frame/41.jpg 3564 4345 7132 2938 1606 6060 1298 1048 14044 4414 8422 1004 942 2812 8179 2743
videos.hw01/01_frame/42.jpg 548 571 896 129 26 905 139 244 364 1053 3014 515 734 4499 6288 2735
videos.hw01/01_frame/43.jpg 8 451 404 167 18 905 139 244 590 414 42 99 1026 474 938 592
videos.hw01/01_frame/44.jpg 356 579 3130 758 46 310 365 279 314 3019 7112 652 1527 2743 3798 398
videos.hw01/01_frame/45.jpg 1914 5952 3591 2455 1874 2657 1119 1225 296 7480 7180 1646 503 3158 12078 8279
videos.hw01/01_frame/46.jpg 236 2702 4065 891 370 1053 2086 443 886 3935 3382 582 862 6436 12651 635
videos.hw01/01_frame/47.jpg 246 1276 6727 461 2412 2600 1861 1230 2138 2611 4268 387 966 11726 5911 282
videos.hw01/01_frame/48.jpg 1588 1242 1180 1328 1060 2912 750 795 4008 3561 1642 1566 258 2352 2384 1014
videos.hw01/01_frame/49.jpg 1890 2474 4941 4838 782 2586 1500 2674 1916 3352 10662 3276 1450 2752 1423 7058
videos.hw01/01_frame/50.jpg 2434 3545 2993 538 700 2448 626 1224 104 3172 1082 3206 1642 3919 5275 4382
videos.hw01/01_frame/51.jpg 888 5027 3396 3041 2240 2511 2691 849 298 2002 5854 1835 1162 3027 11079 1444
videos.hw01/01_frame/52.jpg 4478 2846 2504 1566 852 5758 4310 3250 1064 3640 9536 1034 658 5845 1677 4060
videos.hw01/01_frame/53.jpg 1804 6476 1417 2471 410 2617 902 851 1192 6868 9390 1037 1106 2181 3724 1206
videos.hw01/01_frame/54.jpg 104 74 0 98 684 280 0 54 906 444 202 58 72 429 10 204
videos.hw01/01_frame/55.jpg 1538 3179 2018 348 4566 3768 4476 822 86 3914 2148 615 598 5252 2138 1799
videos.hw01/01_frame/56.jpg 2676 4576 2876 3346 2522 3886 5790 6142 1064 9634 3913 1244 1744 2061 13399 2985
videos.hw01/01_frame/57.jpg 3976 3394 2580 2017 3272 2647 1495 711 3426 5450 6000 1358 1522 8770 4583 1966
videos.hw01/01_frame/58.jpg 2444 4356 5104 3155 1212 5316 3805 2347 2426 9372 5406 2384 1321 5780 6925 7366
videos.hw01/01_frame/59.jpg 4486 4142 6384 4500 2004 7141 2344 3777 2422 6380 6085 2025 840 1167 2244 1225
videos.hw01/01_frame/60.jpg 2850 1350 5333 2400 1014 7180 1036 624 2802 3430 6492 451 1259 4610 5582 3526
videos.hw01/01_frame/61.jpg 1998 1113 2156 1180 732 3134 1890 1210 4402 2660 7106 1264 2924 8726 2465 2308
videos.hw01/01_frame/62.jpg 2980 2597 2955 761 4244 2882 2348 1252 822 2702 3074 1047 589 4703 2889 2644
videos.hw01/01_frame/63.jpg 1492 3461 1077 1046 1538 2264 3921 1366 2590 1714 26424 2299 453 4111 4680 2747
videos.hw01/01_frame/64.jpg 1658 2539 2325 127 2178 566 146 72 2376 6368 6606 958 375 3193 4895 598
videos.hw01/01_frame/65.jpg 3704 4643 12018 4243 6608 4912 2783 2157 1924 44010 7093 3466 1597 2600 17568 3007
videos.hw01/01_frame/66.jpg 198 142 46 178 78 516 92 118 196 192 302 187 26 595 56 164
videos.hw01/01_frame/67.jpg 17636 4299 5173 1498 440 3776 10063 5716 2134 1838 2135 1518 940 3884 4894 6156
videos.hw01/01_frame/68.jpg 4026430 5851502 3553781 2336830 2300494 1766330 8679405 6000353 354454 1220452 8352730 3783357 508726 4748715 2796082 244091
videos.hw01/01_frame/69.jpg 46584 21326 33939 6573 23584 25543 5391 17738 6842 14057 12426 21622 27984 5756 15986 11286
videos.hw01/01_frame/70.jpg 2000 4420 14848 2544 5684 23177 4047 11258 12708 7077 2513 5126 7608 3534 4540 1946
videos.hw01/01_frame/71.jpg 630 4106 33042 24360 1934 6749 5663 4304 4048 11466 2726 7243 176 1018 3740 3449
videos.hw01/01_frame/72.jpg 410 1216 8096 4894 5686 17687 4552 8497 9852 9670 1916 4784 146 638 13878 1414
videos.hw01/01_frame/73.jpg 2690 6378 8743 1907 8620 14035 13243 6184 4016 6238 15768 17813 3220 5712 5254 2429
videos.hw01/01_frame/74.jpg 1672 1368 4940 16402 5882 9888 11292 10966 13160 9432 6217 5607 3192 4048 10164 3020
videos.hw01/01_frame/75.jpg 2296 588 7791 5229 5154 7710 7539 9098 12146 7514 2783 4024 462 1670 5810 2381
videos.hw01/01_frame/76.jpg 2834 6022 13106 2364 4862 8266 9017 10425 14970 28743 4144 6170 2364 2262 7744 5488
videos.hw01/01_frame/77.jpg 416 6590 8800 5206 5812 10164 8965 10205 5496 7547 2046 1685 1854 1134 5620 1943
videos.hw01/01_frame/78.jpg 2318 1346 20813 4944 15526 18301 5991 5762 8703 14142 4960 8697 1754 1248 13312 3763
videos.hw01/01_frame/79.jpg 16 104 0 0 120 440 502 284 118 272 247 80 0 66 784 18
videos.hw01/01_frame/80.jpg 306 2864 4384 1768 10622 15714 12401 5627 8903 23787 4031 15368 242 5722 7422 9568
videos.hw01/01_frame/81.jpg 17330 4772 12404 19696 20924 80355 43028 126056 22042 108455 7456 4597 8314 1238 31384 7217
videos.hw01/01_frame/82.jpg 18808 1796 3190 3382 18814 49647 9146 137059 4182 26706 3355 3101 2894 3044 7480 11172
videos.hw01/01_frame/83.jpg 5772 3040 8380 6712 2320 16068 4659 77088 2960 8460 5031 2065 278 2100 9862 2240
videos.hw01/01_frame/84.jpg 14178 15372 9612 13630 19746 7064 9347 50082 10852 12464 5699 6234 3816 5304 11952 7694
videos.hw01/01_frame/85.jpg 2624 7544 10174 4942 3652 10017 5766 32344 5288 4556 10278 33831 1226 1550 7428 1218
videos.hw01/01_frame/86.jpg 1062 15942 4108 5666 11956 5655 3160 14499 4034 5358 3438 4160 2052 5598 2708 10488
videos.hw01/01_frame/87.jpg 5968 1862 12617 8400 10422 6548 11610 51701 5664 10332 3722 2158 3100 7864 4590 5134
videos.hw01/01_frame/88.jpg 7722 7660 9596 12682 16092 26260 8176 107502 11310 11666 12042 16812 8782 1832 10142 5259
videos.hw01/01_frame/89.jpg 586 4078 4780 8358 7588 18608 4168 68733 5666 9672 4226 2412 2716 1426 3138 1712
videos.hw01/01_frame/90.jpg 3940 1776 8947 5350 8394 31380 2112 21161 4686 6568 7724 29352 7416 1746 11134 5293
videos.hw01/01_frame/91.jpg 44 0 600 280 442 612 541 1086 250 336 94 10 766 14 108 0
videos.hw01/01_frame/92.jpg 1382 1852 4028 6232 7098 19608 3966 46000 810 2354 1374 11520 3730 1630 2964 4658
videos.hw01/01_frame/93.jpg 2164 7234 13106 6797 13050 247197 17218 64998 16114 2976 4644 25187 4798 7478 4688 4480
videos.hw01/01_frame/94.jpg 1952 12928 10032 1808 7804 20478 9118 22227 3136 3452 5736 1943 3958 3506 3334 8113
videos.hw01/01_frame/95.jpg 14890 2824 4208 3918 9316 18305 5799 15412 1756 8618 2102 14260 5294 3392 9350 3258
videos.hw01/01_frame/96.jpg 1528 39604 5046 8398 4834 21842 3278 97999 7402 5388 9762 9941 2340 1590 5338 3550
videos.hw01/01_frame/97.jpg 3988 12968 3836 5280 3100 14659 3071 7132 1736 8174 2884 2836 1172 2802 2526 498
videos.hw01/01_frame/98.jpg 2362 25038 7096 271 6856 15415 3197 2067 2424 12048 2370 582 4626 2256 5384 2251
videos.hw01/01_frame/99.jpg 1614 19680 5584 4577 4434 14364 3536 7031 3392 1234 5118 654 6620 7198 3224 8799
videos.hw01/01_frame/100.jpg 2788 10758 5400 583 6480 50598 7545 4249 1512 1160 1210 2374 976 2038 1242 3916
videos.hw01/01_frame/101.jpg 3254 17764 2424 3790 6304 20300 4711 7173 1138 2828 1368 525 296 3204 2704 3136
videos.hw01/01_frame/102.jpg 3966 13194 3906 5562 8278 16950 10357 3158 1252 1824 3074 922 6494 3228 3272 7968
videos.hw01/01_frame/103.jpg 860 3090 1588 676 170 22470 1041 216 330 1978 718 22 310 1520 1936 617
videos.hw01/01_frame/104.jpg 5790 7616 2826 2645 1118 32494 3122 13702 1940 20264 922 11123 6744 3770 8272 3275
videos.hw01/01_frame/105.jpg 1554 9020 9644 11194 5938 69345 5508 3003 4726 3446 16214 364 3770 6526 5464 5993
videos.hw01/01_frame/106.jpg 2942 4078 10838 12852 2580 25671 4484 3235 2288 22168 3608 307 8398 2434 23184 3785
videos.hw01/01_frame/107.jpg 7414 3732 8132 2943 1126 36424 4951 6523 1278 9534 5726 835 5914 414 4164 1139
videos.hw01/01_frame/108.jpg 1168 2848 11378 5516 5264 8204 2931 24524 3198 6730 7426 1503 2126 5488 12832 5322
videos.hw01/01_frame/109.jpg 1128 4904 12532 3562 3000 4576 4066 12511 5592 4772 2462 326 2424 6086 5552 2147
videos.hw01/01_frame/110.jpg 2122 3012 11423 3742 2146 48877 11993 29761 1246 8836 2514 12866 2018 7940 2992 3002
videos.hw01/01_frame/111.jpg 2264 7674 5712 3150 5966 15016 1638 2798 104 5248 2848 210 966 3862 2362 1474
videos.hw01/01_frame/112.jpg 1956 4998 8038 2672 11084 61749 2552 7688 1096 3778 6466 1848 620 5538 2180 1493
videos.hw01/01_frame/113.jpg 792 2628 3765 6376 8710 5862 2956 3626 120 5664 9864 3901 252 70 2850 3652
videos.hw01/01_frame/114.jpg 256 10864 3437 2123 4986 4874 4060 3080 2376 2928 4038 892 2932 1810 3608 1499
videos.hw01/01_frame/115.jpg 0 38 0 0 0 6 0 0 0 378 0 0 8 38 0 0
videos.hw01/01_frame/116.jpg 9976 2624 4660 909 6782 6699 4486 2368 156 1156 3207 3157 78 836 3790 1652
videos.hw01/01_frame/117.jpg 1184 2424 9814 14114 5968 27518 8096 11748 494 6976 2353 3529 8916 1014 9370 5678
videos.hw01/01_frame/118.jpg 1628 770 6120 2593 4870 35813 2711 13436 2304 4427 3568 130 2980 1038 3298 2698
videos.hw01/01_frame/119.jpg 4 466 4541 10571 4196 11826 2503 11340 694 1297 2832 435 204 488 3070 2162
videos.hw01/01_frame/120.jpg 56 13006 18690 1483 3360 41589 3428 6286 5738 21931 2054 751 308 13070 118686 1676
videos.hw01/01_frame/121.jpg 0 82 922 33 282 5315 1180 1197 28 528 71 8 0 80 300 874
videos.hw01/01_frame/122.jpg 3058 9872 8946 2953 2764 16584 14590 11989 1250 3211 1908 1268 3264 1122 11898 2145
videos.hw01/01_frame/123.jpg 5961461 8143343 2941614 2736349 2665760 4986650 6789416 7700720 12166554 8956552 11623267 8200028 13833440 8423898 8645251 913905
videos.hw01/01_frame/124.jpg 273 1039 5935 246 1136 9963 4736 2398 16 2390 6271 1291 275 4221 1771 864
videos.hw01/01_frame/125.jpg 3951 3356 2163 2564 3751 2296 2828 1444 304 3303 1900 1089 359 5247 7731 400
videos.hw01/01_frame/126.jpg 714 929 570 1716 1419 873 6862 900 168 3817 2357 340 108 1364 833 40
videos.hw01/01_frame/127.jpg 0 204 398 0 4 230 320 142 0 1211 615 108 5 49 24 148
videos.hw01/01_frame/128.jpg 235 284 7440 162 468 906 10282 2106 252 2305 1434 394 128 1919 2689 718
videos.hw01/01_frame/129.jpg 3360 1154 5752 3186 4726 3265 4766 14544 472 9350 10596 2041 667 2499 1274 618
videos.hw01/01_frame/130.jpg 316 3528 4196 137 1765 3620 892 1750 3596 8178 2105 382 596 7080 969 1270
videos.hw01/01_frame/131.jpg 113 1514 1085 1014 518 1302 344 1830 1186 2798 6099 1249 306 1542 1424 80
videos.hw01/01_frame/132.jpg 683 885 5978 1924 1349 1940 1854 1168 176 3131 1901 1451 142 3643 6005 211
videos.hw01/01_frame/133.jpg 1981 1320 345 2396 308 3337 8930 5896 460 2437 1278 1042 617 3053 1398 401
videos.hw01/01_frame/134.jpg 132 1238 355 518 1138 2018 4694 1468 374 2600 1580 555 94 261 1136 173
videos.hw01/01_frame/135.jpg 0 154 252 56 10 965 20 26 22 635 173 158 4 665 37 197
videos.hw01/01_frame/136.jpg 951 4647 413 382 762 391 962 1502 756 1660 6656 298 50 859 1441 152
videos.hw01/01_frame/137.jpg 5396 5687 3266 4303 3841 3148 14820 1150 904 10550 7997 1013 1058 1588 8326 813
videos.hw01/01_frame/138.jpg 2220 1697 205 1964 1246 8547 490 296 164 137 177 28 48 79 209 2
videos.hw01/01_frame/139.jpg 219 216 485 38 134 712 588 10 222 2692 522 28 93 366 421 2
videos.hw01/01_frame/140.jpg 1944 4625 1464 340 1755 2766 2370 294 158 5093 319 174 185 900 139 0
videos.hw01/01_frame/141.jpg 2651 1635 1525 312 3196 4271 12938 810 1876 3173 2329 306 180 2699 1913 1461
videos.hw01/01_frame/142.jpg 202 769 756 3462 1033 2126 5524 524 294 2456 2854 183 154 1340 1099 142
videos.hw01/01_frame/143.jpg 75 1944 442 3000 643 2844 2012 1256 2188 2738 1133 736 44 3479 719 729
videos.hw01/01_frame/144.jpg 1956 1459 676 476 351 569 1076 10 240 215 712 220 2 391 106 387
videos.hw01/01_frame/145.jpg 190 1137 1020 374 7556 7271 1104 328 190 3871 1664 2234 172 1034 1373 104
videos.hw01/01_frame/146.jpg 1148 503 1717 842 405 5956 88 162 1132 2756 1248 236 39 2076 3265 230
videos.hw01/01_frame/147.jpg 543 1414 841 2020 1151 6910 174 1664 354 3344 2585 209 2032 1239 1606 709
videos.hw01/01_frame/148.jpg 397 1579 2133 608 1198 13749 180 4084 788 1601 1108 240 250 1211 7718 404
videos.hw01/01_frame/149.jpg 365 3816 506 1012 214 3612 2904 2078 250 2687 953 106 336 2204 670 112
videos.hw01/01_frame/150.jpg 518 1299 877 1006 1768 1106 1202 756 223 2939 1907 402 140 2080 1131 474
videos.hw01/01_frame/151.jpg 0 204 327 90 6 564 452 470 26 705 335 55 28 437 128 86
videos.hw01/01_frame/152.jpg 743 4428 2503 688 316 5646 1492 564 3712 2569 2324 843 176 1484 1037 131
videos.hw01/01_frame/153.jpg 254 5335 4366 732 1346 4055 342 2766 4708 2457 8039 1757 220 1571 879 264
videos.hw01/01_frame/154.jpg 1500 2576 783 1404 2344 5572 988 112 136 2272 4315 625 160 1645 1333 593
videos.hw01/01_frame/155.jpg 266 3051 719 1834 1556 3065 1904 322 426 7437 1832 1266 8 2800 1322 38
videos.hw01/01_frame/156.jpg 0 214 179 2 0 178 656 236 18 244 291 199 0 264 94 36
videos.hw01/01_frame/157.jpg 1784 6788 2234 936 5729 11957 5280 1718 293 5392 3120 764 108 1208 928 181
videos.hw01/01_frame/158.jpg 1595 7044 4769 8764 606 20433 10252 2920 144 1777 3426 2426 149 2983 1252 217
videos.hw01/01_frame/159.jpg 569 1627 12282 56565 2854 1683 61224 29900 5707 5728 6869 8744 429 4101 8088 651
videos.hw01/01_frame/160.jpg 42 146 1033 1716 1086 7971 922 870 4 205 1334 880 2 4 318 171
videos.hw01/01_frame/161.jpg 252 138 152 396 1074 1517 500 100 402 973 988 1118 92 1165 2857 200
videos.hw01/01_frame/162.jpg 14 198 429 1192 2246 2211 2000 488 22 2386 2351 407 133 3265 1684 1292
videos.hw01/01_frame/163.jpg 504 1246 349 224 409 1930 1908 2296 3884 1107 5476 4513 237 2092 8609 628
videos.hw01/01_frame/164.jpg 640 527 968 1552 1601 13389 2976 2280 75 2399 7979 1857 234 626 702 4133
videos.hw01/01_frame/165.jpg 470 1451 893 2354 1610 3152 906 110 521 2187 4377 674 362 1953 1027 177
videos.hw01/01_frame/166.jpg 1536 2465 2376 1508 387 23397 1206 738 713 2800 1950 833 130 5444 4347 426
videos.hw01/01_frame/167.jpg 4064 1438 833 491 615 5103 1740 470 38 1271 2128 1209 264 610 1378 53
videos.hw01/01_frame/168.jpg 461 1119 835 1207 98 146 106 648 210 844 1153 1750 184 213 758 266
videos.hw01/01_frame/169.jpg 1182 1200 284 323 364 2449 370 60 150 5483 752 365 210 1224 823 908
videos.hw01/01_frame/170.jpg 300 260 246 1142 648 6734 766 418 95 3632 3408 2220 266 1250 1057 708
videos.hw01/01_frame/171.jpg 106 87 1069 170 785 420 114 1746 159 1532 1160 400 62 625 2760 380
videos.hw01/01_frame/172.jpg 204 1143 145 254 2543 1530 1236 646 250 3641 1767 242 108 700 3478 33
videos.hw01/01_frame/173.jpg 681 1235 36 456 1404 1074 954 1022 130 2163 1054 608 188 2075 2051 240
videos.hw01/01_frame/174.jpg 226 709 527 1208 304 1377 942 2874 165 5760 3179 1346 248 1178 4605 34
videos.hw01/01_frame/175.jpg 0 267 6 114 52 849 56 166 0 376 446 32 18 334 221 84
videos.hw01/01_frame/176.jpg 632 865 1105 492 1093 5519 2048 90 789 5325 3752 250 198 4832 4178 76
videos.hw01/01_frame/177.jpg 1069257 1057365 6584585 831187 2318015 171070 3823231 622566 5940832 216176 4488511 286923 8805048 74334 8183240 344365
videos.hw01/01_frame/178.jpg 985 4462 3512 1063 6842 2273 1536 10158 5561 12872 1996 872 2510 1968 245 2929
videos.hw01/01_frame/179.jpg 306 404 81 535 226 2072 686 308 556 283 331 341 575 512 82 40
videos.hw01/01_frame/180.jpg 180 2396 227 151 180 593 396 2082 508 1218 607 41 387 3395 44 46
videos.hw01/01_frame/181.jpg 724 2071 7637 1168 1016 4028 1830 1602 874 5240 1509 3603 1637 513 1439 352
videos.hw01/01_frame/182.jpg 612 510 259 409 1294 792 329 262 536 620 1103 40 443 167 91 156
videos.hw01/01_frame/183.jpg 364 2106 3675 323 693 111 1158 284 1123 899 816 232 376 1283 438 192
videos.hw01/01_frame/184.jpg 774 1170 535 759 2053 2486 890 2652 1030 4356 1190 1273 1845 2491 480 342
videos.hw01/01_frame/185.jpg 1246 1142 5839 710 1853 6031 968 910 3670 1919 2206 3981 512 2695 1541 140
videos.hw01/01_frame/186.jpg 128 330 99 110 136 232 389 408 14 352 333 633 96 115 185 18
videos.hw01/01_frame/187.jpg 2 327 44 35 18 280 52 166 332 189 367 8 58 37 277 42
videos.hw01/01_frame/188.jpg 931 3805 830 2389 3249 4398 9954 1862 1616 3420 431 1572 1234 889 1819 102
videos.hw01/01_frame/189.jpg 682 4486 386 962 679 713 2669 1562 411 2096 2435 176 1059 1418 576 614
videos.hw01/01_frame/190.jpg 994 6452 2935 3191 1676 1064 5088 4985 1413 8032 934 689 2182 5626 270 577
videos.hw01/01_frame/191.jpg 1964 7128 738 1690 2507 2161 426 353 2906 4771 5959 355 4730 3868 1085 260
videos.hw01/01_frame/192.jpg 1073 5957 5997 1045 1506 1699 1239 2974 2248 1376 763 559 2162 2328 370 1491
videos.hw01/01_frame/193.jpg 1280 816 2335 1023 1163 1763 778 1268 1430 3331 559 3730 636 3551 409 495
videos.hw01/01_frame/194.jpg 2904 2612 1039 1330 2402 3656 942 3268 1737 11471 2241 1118 2009 2592 141 163
videos.hw01/01_frame/195.jpg 1834 2459 359 1412 1259 4497 1156 2400 965 3686 1748 1671 1817 5567 289 533
videos.hw01/01_frame/196.jpg 567 1283 1942 1534 493 1632 842 70 282 1748 2326 1080 1370 1953 286 134
videos.hw01/01_frame/197.jpg 1380 3749 1412 217 1561 1375 3297 202 1605 2195 1034 953 916 1805 457 2856
videos.hw01/01_frame/198.jpg 1036 1786 2295 455 293 1039 1154 1142 1359 918 1411 4025 671 2159 284 168
videos.hw01/01_frame/199.jpg 14 377 36 514 14 492 94 322 136 238 250 251 36 336 44 22
videos.hw01/01_frame/200.jpg 563 1203 1956 1546 1658 427 2072 124 824 1013 422 1169 1260 2071 1860 108
videos.hw01/01_frame/201.jpg 3234 2977 3768 1342 2623 2327 1941 904 1869 6257 756 5864 2041 1653 199 476
videos.hw01/01_frame/202.jpg 3137 881 242 378 2158 2142 11420 362 2340 977 4557 1172 2244 4291 337 452
videos.hw01/01_frame/203.jpg 1040 1260 8776 2909 1293 1556 5236 5338 955 2578 6257 368 1586 3989 2703 460
videos.hw01/01_frame/204.jpg 64 522 160 2198 6 573 342 2960 0 2 124 1750 42 286 230 70
videos.hw01/01_frame/205.jpg 1190 1793 768 1020 2756 1938 1998 300 2741 2022 387 929 3684 857 457 373
videos.hw01/01_frame/206.jpg 53 986 148 499 327 574 1198 224 499 231 238 14 534 688 50 147
videos.hw01/01_frame/207.jpg 856 694 524 6469 1821 1864 9243 666 3062 2772 1712 290 1877 940 204 95
videos.hw01/01_frame/208.jpg 166 860 350 118 155 865 745 2272 404 459 607 302 402 1275 784 31
videos.hw01/01_frame/209.jpg 1100 2812 420 1576 1360 3044 840 1390 2013 1225 7806 520 1637 1061 33 39
videos.hw01/01_frame/210.jpg 2106 3873 312 1603 2717 3201 11249 1836 5812 3706 1614 788 4901 2820 755 40
videos.hw01/01_frame/211.jpg 360 345 32 206 531 695 111 26 676 539 120 174 935 670 36 22
videos.hw01/01_frame/212.jpg 267 661 185 407 570 576 29 606 440 1191 930 187 1587 2637 14 218
videos.hw01/01_frame/213.jpg 2086 3909 383 885 3520 2995 533 434 4338 5683 714 989 2980 2383 767 1224
videos.hw01/01_frame/214.jpg 1464 967 3192 333 1603 3498 480 791 3006 1434 327 332 4658 5265 1451 468
videos.hw01/01_frame/215.jpg 3286328 7855266 6386511 3285936 3726897 2835258 9935759 6573452 2451293 3424467 9999600 5727390 5727133 8092759 5737402 895258
videos.hw01/01_frame/216.jpg 340 1122 2719 761 512 5352 478 193 1536 1286 656 1091 2882 314 238 953
videos.hw01/01_frame/217.jpg 56 1924 2170 394 227 22794 1189 209 1974 3182 781 3249 334 210 282 51
videos.hw01/01_frame/218.jpg 7526 422 1332 728 1131 8518 3672 1480 3326 2751 1738 697 178 162 920 1240
videos.hw01/01_frame/219.jpg 698 182 910 1004 4365 5758 2961 4308 1670 22727 710 1117 454 716 1054 162
videos.hw01/01_frame/220.jpg 16296 1022 5954 1586 1338 5690 1264 3470 6626 6253 558 915 506 692 1090 232
videos.hw01/01_frame/221.jpg 2026 82 2578 996 1395 2095 1083 2719 2170 6008 1088 475 376 168 640 651
videos.hw01/01_frame/222.jpg 3182 684 5438 871 1026 5806 3517 1596 2398 3543 686 1045 62 74 3198 735
videos.hw01/01_frame/223.jpg 0 0 0 0 154 168 4 63 166 22 46 0 368 0 538 114
videos.hw01/01_frame/224.jpg 2026 56 2290 881 1149 23357 1051 2390 1070 5835 369 236 122 540 3854 2113
videos.hw01/01_frame/225.jpg 2316 540 5232 3775 2168 94877 5997 2447 8212 14275 1800 3380 3856 1822 3828 1873
videos.hw01/01_frame/226.jpg 1136 178 1884 504 1441 3480 3877 3214 3566 3263 451 1496 534 118 1680 1741
videos.hw01/01_frame/227.jpg 1454 434 440 1562 1227 5117 960 6799 508 980 839 3319 10 98 1682 2232
videos.hw01/01_frame/228.jpg 814 488 5384 754 285 8901 1389 25760 898 1821 488 10497 56 36 4148 102
videos.hw01/01_frame/229.jpg 40 180 1016 7176 635 6878 1312 16421 2192 2723 3202 22631 38 316 870 316
videos.hw01/01_frame/230.jpg 2196 48 3084 7946 447 2166 1588 10037 3082 1937 2715 15083 38 794 2208 878
videos.hw01/01_frame/231.jpg 382 1654 2944 20890 4152 10927 2668 13493 5832 7079 972 5007 624 196 1774 2080
videos.hw01/01_frame/232.jpg 1788 626 2754 9996 1893 2744 2969 10423 3322 22434 992 2896 880 128 2238 848
videos.hw01/01_frame/233.jpg 8626 280 11523 1803 411 14390 1050 11004 1814 4602 989 7639 1400 692 2550 2270
videos.hw01/01_frame/234.jpg 122 134 1264 10634 2356 14380 1383 15675 3704 7695 1389 19093 116 604 434 0
videos.hw01/01_frame/235.jpg 0 0 90 0 2 72 105 81 152 1394 100 162 0 0 0 0
videos.hw01/01_frame/236.jpg 1268 2016 1478 8682 474 3100 3111 10623 1558 2604 1243 34219 2750 314 1128 154
videos.hw01/01_frame/237.jpg 2008 494 7106 6112 5163 16367 4007 38365 2430 45877 6310 12778 596 536 764 1087
videos.hw01/01_frame/238.jpg 104 90 1814 1856 1344 4030 2836 4879 4760 6080 2207 9395 1230 1014 1682 212
videos.hw01/01_frame/239.jpg 1066 452 3078 4738 1835 10890 2852 18061 770 11454 6056 725 132 1450 4108 815
videos.hw01/01_frame/240.jpg 72 74 736 4821 2374 6482 4703 14862 8412 9017 2401 3985 146 60 1660 768
videos.hw01/01_frame/241.jpg 0 2 5370 5804 3441 26151 5617 6535 3916 13494 2844 2854 426 418 6792 1123
videos.hw01/01_frame/242.jpg 9412 494 2634 1681 3598 53668 1766 3278 5448 14182 1394 52322 1272 3746 5550 2449
videos.hw01/01_frame/243.jpg 1258 890 1046 3620 7310 17802 13049 13376 1364 11431 6209 12264 544 244 8042 2367
videos.hw01/01_frame/244.jpg 1502 1026 790 3470 1940 25158 8988 21625 1216 5129 5722 6349 0 200 11168 6942
videos.hw01/01_frame/245.jpg 322 680 1488 7514 8748 14876 10795 9044 1702 9311 7361 31837 60 192 12752 2910
videos.hw01/01_frame/246.jpg 430 976 504 11959 3210 31014 9448 4133 1336 12487 4589 11673 96 120 9148 3380
videos.hw01/01_frame/247.jpg 648 0 0 401 236 112 798 1342 42 424 64 24 0 24 378 16
videos.hw01/01_frame/248.jpg 1958 90 314 24148 4976 10818 5256 25712 3668 10985 3144 4226 188 212 6280 4889
videos.hw01/01_frame/249.jpg 14928 5720 9152 19859 30244 106324 32482 40127 66558 88019 6358 30061 894 3596 21720 12273
videos.hw01/01_frame/250.jpg 5004 6528 771 17796 7601 13654 7212 11148 13774 22338 14895 2283 118 418 9766 4862
videos.hw01/01_frame/251.jpg 3200 214 355 4902 4285 12248 8708 20702 5002 12990 3818 222 96 656 3414 3235
videos.hw01/01_frame/252.jpg 0 374 493 16934 7527 20156 5084 71599 10448 9534 4956 172 0 94 3962 2702
videos.hw01/01_frame/253.jpg 340 10 1380 19224 3027 7512 3255 23532 3716 8780 18619 907 308 412 5252 2627
videos.hw01/01_frame/254.jpg 7802 3422 10678 5749 3558 8116 2577 3700 5126 8710 6465 1378 280 602 3180 2675
videos.hw01/01_frame/255.jpg 1044 804 2510 6798 5735 13820 13348 7919 3828 10360 7790 57 2074 1354 5210 2013
videos.hw01/01_frame/256.jpg 1658 1116 7888 24543 2852 32272 3471 14816 10916 18951 5188 874 3328 3624 4526 1361
videos.hw01/01_frame/257.jpg 482 3316 12358 13558 2302 8258 2173 15290 4134 10521 2176 796 1510 5234 4814 3054
videos.hw01/01_frame/258.jpg 1554 3088 9620 13621 6549 22642 3702 10954 19894 12399 4543 116 3438 3864 6756 1826
videos.hw01/01_frame/259.jpg 414 82 130 38 32 0 0 30 16 118 0 0 54 790 0 0
videos.hw01/01_frame/260.jpg 1184 5678 11200 4470 15473 22322 5676 2791 11310 12085 2321 16 3454 8460 9450 1983
videos.hw01/01_frame/261.jpg 11930 3306 13596 51833 9268 15042 13556 144118 25498 42672 15890 1490 2984 12972 29682 4205
videos.hw01/01_frame/262.jpg 16074 2130 11087 47308 4650 9488 7149 14991 6028 2613 3649 64 8880 5628 11096 1577
videos.hw01/01_frame/263.jpg 29312 8556 3820 16577 2404 9654 7223 4463 2002 4807 3786 268 9190 7286 3296 977
videos.hw01/01_frame/264.jpg 6296 13770 19203 8834 8884 6950 8255 1738 5976 4897 7396 306 6068 8280 5448 922
videos.hw01/01_frame/265.jpg 622 10408 4188 4304 8020 23512 4634 673 2542 7387 4729 402 596 13572 7302 2716
videos.hw01/01_frame/266.jpg 4930 4198 9741 8745 4376 10826 9221 2758 5486 11299 13314 906 5260 7038 3486 3315
videos.hw01/01_frame/267.jpg 1852 2322 3279 9393 3788 11698 7051 1698 2152 5068 8573 27 5754 4084 3904 1110
videos.hw01/01_frame/268.jpg 16452 12166 3528 7063 4069 10900 4074 4796 6674 9779 8511 84 3534 9224 8584 3750
videos.hw01/01_frame/269.jpg 4368 6174 18867 3851 4937 15166 4273 1896 5012 14085 5607 1417 1202 8528 6176 7288
videos.hw01/01_frame/270.jpg 17816 3584 4186 4130 15864 14298 3236 2683 10630 15153 5036 1486 5098 7262 6642 4428
videos.hw01/01_frame/271.jpg 1458 298 320 1080 88 154 305 152 8 150 0 0 260 514 324 30
videos.hw01/01_frame/272.jpg 2572 2506 6583 10650 14240 14126 5518 3697 10730 9107 3819 494 1062 5502 3792 5270
videos.hw01/01_frame/273.jpg 6386 10540 16076 109344 31469 104480 12939 3093 58100 48178 14660 4417 14046 17310 28120 19752
videos.hw01/01_frame/274.jpg 342 1254 18492 58407 6696 22654 5102 2197 10070 22985 4627 1972 5358 3888 6744 4773
videos.hw01/01_frame/275.jpg 6178 1092 17016 14641 9510 11266 8156 17333 11626 13183 3583 2127 5526 1524 6148 2305
videos.hw01/01_frame/276.jpg 1864 1108 7368 36726 4412 24578 3383 198048 10280 15668 3247 1572 514 9944 4520 3806
videos.hw01/01_frame/277.jpg 2018 580 18013 55500 7584 10518 5260 102802 4142 5874 8965 290 2076 1548 6042 1556
videos.hw01/01_frame/278.jpg 11552 832 41831 29528 3310 10288 2702 29353 3010 6181 2519 556 2578 358 5086 657
videos.hw01/01_frame/279.jpg 0 418 21912 17480 2912 15461 3521 70598 1874 5476 3481 2586 372 510 6594 883
videos.hw01/01_frame/280.jpg 32 634 21243 25414 3388 20813 4566 20752 1904 5306 7954 2709 3188 450 3336 2019
videos.hw01/01_frame/281.jpg 13134 158 10100 23136 9910 11138 3105 5460 1782 9361 7066 1303 408 530 3418 921
videos.hw01/01_frame/282.jpg 450 550 14531 18656 5769 10340 3037 99907 5280 17503 6088 1187 582 1196 2562 1467
videos.hw01/01_frame/283.jpg 0 0 1294 860 0 700 1084 364 0 19 27 0 0 0 28 103
videos.hw01/01_frame/284.jpg 710 140 39690 19875 7675 18156 2532 68374 4916 6214 2372 6297 526 962 2452 777
videos.hw01/01_frame/285.jpg 34778 8582 69678 56973 3677 32878 4037 245136 10704 14308 9534 799 1954 3190 14000 1196
videos.hw01/01_frame/286.jpg 39298 13102 7342 24269 2144 16670 4108 4311 2164 4706 770 819 1788 2622 2376 328
videos.hw01/01_frame/287.jpg 2764 176 6625 12608 4304 4770 2512 37328 2252 10202 1310 281 854 952 2726 312
videos.hw01/01_frame/288.jpg 9364 1450 13623 24041 3412 10228 4555 34980 448 3002 1783 2999 1278 5668 2712 718
videos.hw01/01_frame/289.jpg 3386 2538 19783 22033 13857 14357 5649 48036 1942 7080 6261 1516 2526 6474 5674 2018
videos.hw01/01_frame/290.jpg 8306 2420 4940 9210 1655 4989 4705 6231 3104 2443 3000 417 1362 2580 1402 550
videos.hw01/01_frame/291.jpg 8018 4182 5538 2868 3164 6544 8406 6094 1380 3350 1978 2158 1038 1024 3612 542
videos.hw01/01_frame/292.jpg 1884 1640 4952 21591 2181 2720 7195 29821 1824 12286 3997 9108 654 840 8902 901
videos.hw01/01_frame/293.jpg 2850 1548 9557 6707 1632 7424 4067 56997 1784 9803 2126 630 206 502 2174 303
videos.hw01/01_frame/294.jpg 476 2022 7798 15036 2093 7185 3011 79750 1844 7149 3504 812 578 7836 4800 48
videos.hw01/01_frame/295.jpg 0 0 104 0 0 236 233 170 0 50 178 113 0 2 210 18
videos.hw01/01_frame/296.jpg 1674 686 2346 26175 2760 9811 1638 6163 4064 6482 1746 5701 4508 1548 1860 2621
videos.hw01/01_frame/297.jpg 10672 8544 5869 17010 12708 34296 6929 174414 6858 47059 5711 2732 2026 1566 13286 2211
videos.hw01/01_frame/298.jpg 50 1294 3224 6937 4038 22410 6975 51661 3460 2974 1390 3052 546 7950 2962 868
videos.hw01/01_frame/299.jpg 4720 260 7148 12632 3879 17744 5311 14597 3098 27166 1686 4230 394 990 2264 785
videos.hw01/01_frame/300.jpg 648 10010 5628 4308 2087 19120 2435 23448 3404 4990 5614 2914 1030 4496 4444 450
videos.hw01/01_frame/301.jpg 890 522 6444 4464 1506 11447 3257 77239 5786 6426 6322 14962 6072 1432 5618 32
videos.hw01/01_frame/302.jpg 11762 3268 11065 13609 3996 8799 2112 113255 4928 1628 1566 1379 802 7904 1794 403
videos.hw01/01_frame/303.jpg 4566 2466 4390 5360 1830 4581 3946 69776 1572 5223 729 1139 2662 2976 1420 0
videos.hw01/01_frame/304.jpg 1680 11278 9137 6252 735 15128 2194 3507 9884 37113 7262 1125 18442 2162 5218 249
videos.hw01/01_frame/305.jpg 15302 664 9316 3641 2574 13445 2539 16041 2171 13193 7060 1800 4778 18512 3186 939
videos.hw01/01_frame/306.jpg 17168 680 4735 4712 859 12711 2558 99967 1232 9176 3795 3349 2242 3424 3152 129
videos.hw01/01_frame/307.jpg 0 0 0 0 0 0 21 0 0 0 85 0 0 14 14 0
videos.hw01/01_frame/308.jpg 574 1802 2500 1226 4624 17753 943 65339 4788 5759 1024 20885 172 1168 724 175
videos.hw01/01_frame/309.jpg 20674 2934 3354 8226 2327 14165 3537 95684 7707 12156 5669 216273 14482 3354 5654 457
videos.hw01/01_frame/310.jpg 446 768 400 2832 466 6499 2174 31742 2448 5358 1455 46986 496 132 446 1880
videos.hw01/01_frame/311.jpg 0 2 810 3160 1092 10940 1240 9600 1062 15777 2403 10261 678 198 94 98
videos.hw01/01_frame/312.jpg 2688 5766 5112 5149 305 4856 1682 10191 1110 33480 1888 10740 1810 5702 1326 1269
videos.hw01/01_frame/313.jpg 2 1426 1764 1664 1306 2222 338 22109 1956 4575 1540 1138 144 428 1020 126
videos.hw01/01_frame/314.jpg 824 378 952 612 1395 2469 2696 20779 1923 3040 1923 2378 170 1570 720 512
videos.hw01/01_frame/315.jpg 72 6 1876 7590 650 3576 3649 15389 4221 8995 1875 3523 106 22 294 110
videos.hw01/01_frame/316.jpg 0 34 2038 1114 2672 3564 2126 7327 2648 4787 1587 3796 522 2004 958 309
videos.hw01/01_frame/317.jpg 64 1240 1994 3030 2071 2583 1656 10993 836 13365 3819 9058 756 864 1314 506
videos.hw01/01_frame/318.jpg 314 272 2285 3650 456 10053 2222 4259 1120 5537 2899 28135 474 450 1214 3019
videos.hw01/01_frame/319.jpg 0 2 154 36 967 714 165 1197 774 1162 330 1447 50 62 162 0
videos.hw01/01_frame/320.jpg 1022 2342 4444 2030 1295 2975 4566 20008 3942 35593 1374 21003 118 3928 3036 882
videos.hw01/01_frame/321.jpg 1656 14418 5905 7051 5857 12112 3589 91072 9106 10915 15732 75774 1940 6120 11934 14321
videos.hw01/01_frame/322.jpg 6958 78 1772 2740 3900 6585 3086 15215 4698 16196 4335 13074 386 1904 1630 343
videos.hw01/01_frame/323.jpg 8026 2348 11241 1254 1493 13881 4060 25097 5710 35584 4264 4706 44 552 3722 2017
videos.hw01/01_frame/324.jpg 0 14 1866 2130 10257 7289 7549 12698 15284 20807 6230 10796 210 946 1822 2349
videos.hw01/01_frame/325.jpg 0 1242 5031 1198 8383 11754 3855 8009 10502 15219 13202 6828 198 128 5416 1984
videos.hw01/01_frame/326.jpg 15322 202 283 178 398 680 351 130 338 740 435 53 166 60 680 94
videos.hw01/01_frame/327.jpg 292866 23496 162263 1433 6549 21662 2132 8122 14432 11368 2412 13336 3252 1666 149078 961
videos.hw01/01_frame/328.jpg 2120721 7323061 5261767 3407471 2920592 3185712 10713175 5115536 3611370 4857489 11268607 3529447 4044709 6308361 3879383 586262
videos.hw01/01_frame/329.jpg 3096 4989 481 4016 7367 4058 8322 4512 20758 3629 1599 958 28938 3702 572 1545
videos.hw01/01_frame/330.jpg 1329 5316 1094 982 5304 4396 549 376 4356 5260 661 1486 3923 3925 1728 177
videos.hw01/01_frame/331.jpg 0 238 62 220 32 238 24 192 0 255 48 8 0 242 24 351
videos.hw01/01_frame/332.jpg 3077 7226 17607 548 5212 4521 2876 506 4332 952 290 612 848 1193 840 0
videos.hw01/01_frame/333.jpg 5146 4540 223 4142 3232 11135 1290 798 6036 3308 1867 2920 7546 2157 848 674
videos.hw01/01_frame/334.jpg 2083 3017 576 2157 5809 8106 3385 578 5816 3338 536 559 4658 17159 1733 270
videos.hw01/01_frame/335.jpg 3822 5000 10444 157 2846 2281 2013 94 5614 2371 1795 326 1738 20200 826 522
videos.hw01/01_frame/336.jpg 3540 4665 157 822 2898 2916 2073 14 7798 3542 3269 108 6658 4353 385 302
videos.hw01/01_frame/337.jpg 3802 4941 429 628 3447 2060 174 1062 4764 4001 1633 918 3432 4295 756 1049
videos.hw01/01_frame/338.jpg 4324 7617 1094 167 4991 6379 3849 1360 6266 2052 320 3626 2124 2023 1395 308
videos.hw01/01_frame/339.jpg 3593 1471 4555 559 6761 2603 2462 174 13060 6196 1516 872 2878 5134 2728 52
videos.hw01/01_frame/340.jpg 4289 4169 3362 649 2907 1981 16500 836 4858 1889 2234 690 1344 1368 2634 164
videos.hw01/01_frame/341.jpg 3287 5459 4489 743 2725 3345 10529 2266 11257 5217 1782 144 5554 6083 438 156
videos.hw01/01_frame/342.jpg 5286 5721 328 731 4237 1369 5566 284 11206 3651 761 1108 1840 1758 1442 1152
videos.hw01/01_frame/343.jpg 32 841 16 26 332 1001 16 58 252 445 98 204 94 356 370 82
videos.hw01/01_frame/344.jpg 3128 7900 463 450 7684 761 771 128 2804 4486 2209 1684 3209 2197 332 412
videos.hw01/01_frame/345.jpg 4514 10121 2114 856 7058 797 1332 3200 9077 2773 2288 3141 2269 10309 644 469
videos.hw01/01_frame/346.jpg 2912 1738 1387 491 6140 2349 1341 270 2916 3134 1870 2822 1678 3544 946 457
videos.hw01/01_frame/347.jpg 1841 1170 1222 3914 1835 3484 160 1452 6088 3090 552 392 3332 2016 2095 1625
videos.hw01/01_frame/348.jpg 1975 2780 1172 44 2222 1326 104 32 3716 5183 61 208 3758 2581 1075 0
videos.hw01/01_frame/349.jpg 3088 7543 1749 2079 3612 4045 3845 26320 9530 4529 8533 1568 4588 2301 711 479
videos.hw01/01_frame/350.jpg 4536 2720 3668 396 2888 2833 980 416 3234 2586 198 780 1954 1982 84 573
videos.hw01/01_frame/351.jpg 176 544 56 2 745 80 12 0 974 35 0 0 182 0 0 0
videos.hw01/01_frame/352.jpg 2450 1712 229 107 1990 1756 882 48 6112 2853 280 691 386 612 400 45
videos.hw01/01_frame/353.jpg 4540 5964 8096 1242 3005 3850 3994 1390 2803 3161 833 994 10584 2351 1126 552
videos.hw01/01_frame/354.jpg 2565 859 918 196 3221 2724 790 48 5102 2797 1342 729 1414 1193 344 78
videos.hw01/01_frame/355.jpg 12 193 204 26 0 316 180 20 112 330 8 151 2 176 59 118
videos.hw01/01_frame/356.jpg 2279 1699 1151 1659 777 5190 532 78 4735 2720 689 326 2162 586 383 36
videos.hw01/01_frame/357.jpg 2797 6423 1164 3164 3314 3509 3170 2890 2610 2688 2263 249 2188 4394 1229 345
videos.hw01/01_frame/358.jpg 4194 6838 808 298 3178 1315 159 708 2416 1484 2451 694 3559 7350 245 36
videos.hw01/01_frame/359.jpg 1661 5524 1710 396 1809 1578 316 198 4416 3320 290 147 1238 2161 434 264
videos.hw01/01_frame/360.jpg 3801 4272 530 1034 2052 4080 621 1864 5932 5211 460 1140 626 1877 711 1011
videos.hw01/01_frame/361.jpg 978 679 16 128 1113 388 8 70 444 364 26 374 582 143 190 46
videos.hw01/01_frame/362.jpg 3481 2884 780 756 3588 1818 200 2720 2892 921 2835 155 1740 3443 735 406
videos.hw01/01_frame/363.jpg 3518243 6478218 5617403 3342233 1398678 2771908 11482747 7047660 7681976 6937837 13836996 4847155 4249341 5908443 5053159 494320
videos.hw01/01_frame/364.jpg 50 2134 2623 13236 10684 14891 14963 9774 5326 9858 6024 3786 216 3552 13576 750
videos.hw01/01_frame/365.jpg 464 2738 5846 2878 6212 9357 3588 3352 4736 6184 3381 2469 4678 2920 9498 1947
videos.hw01/01_frame/366.jpg 4768 4790 11810 1924 4036 16118 2228 1672 6618 5938 3103 6106 1688 6330 3494 3624
videos.hw01/01_frame/367.jpg 0 94 776 4 18 738 180 188 0 78 174 3812 0 256 250 157
videos.hw01/01_frame/368.jpg 320 7874 5361 2652 3690 10087 3298 4575 9389 13616 4453 19630 2858 2376 5314 370
videos.hw01/01_frame/369.jpg 35624 31136 28101 6705 23514 18885 7124 75850 19623 14104 12831 20901 18084 14288 8474 1823
videos.hw01/01_frame/370.jpg 3912 7626 6198 2091 3910 8813 1640 16814 5511 8243 9615 21141 2350 7398 12684 1257
videos.hw01/01_frame/371.jpg 232 1494 6768 1652 6304 7391 1713 11397 7974 13615 5884 42654 3004 5902 29154 996
videos.hw01/01_frame/372.jpg 7078 4930 5775 6542 8038 6334 2269 4402 14265 19476 5601 45301 28128 1784 7124 2301
videos.hw01/01_frame/373.jpg 2688 14280 8618 2326 3472 8164 3011 7487 2686 10415 2758 42889 8328 16072 6122 588
videos.hw01/01_frame/374.jpg 386 448 8906 1641 4736 5553 4901 11441 2862 10458 2200 20612 4476 1966 3142 151
videos.hw01/01_frame/375.jpg 3940 3308 9186 1640 13836 13002 2876 6414 6048 20955 7872 10064 1916 1334 6748 930
videos.hw01/01_frame/376.jpg 612 3192 8092 2766 5268 38533 1837 2729 5364 15126 7439 4632 4040 350 4222 1920
videos.hw01/01_frame/377.jpg 3116 1266 8777 5536 13628 14752 6562 948 8372 17311 4767 2159 4392 9016 4826 326
videos.hw01/01_frame/378.jpg 8094 1478 8897 4169 7405 11149 2875 12673 13592 19772 3902 12958 13046 6706 9038 3071
videos.hw01/01_frame/379.jpg 2728 54 738 371 36 1988 466 218 250 1050 253 577 592 198 646 58
videos.hw01/01_frame/380.jpg 3568 3106 3784 3689 4302 10651 5975 23964 3774 3804 2111 26798 4886 3388 2656 287
videos.hw01/01_frame/381.jpg 8144 24090 9582 11366 10980 10236 14397 48036 14824 6379 4353 396772 11724 11076 9968 2159
videos.hw01/01_frame/382.jpg 13926 5886 12704 6948 6283 6154 2672 241720 8606 22535 4505 44441 7232 14398 10556 5543
videos.hw01/01_frame/383.jpg 7720 1276 25727 4198 4182 8219 9626 4572 11648 69976 7223 4708 5564 5676 11686 376
videos.hw01/01_frame/384.jpg 2826 1578 12301 4087 1102 16849 2397 5044 13852 15469 4607 11374 4398 4234 6124 1253
videos.hw01/01_frame/385.jpg 9426 5988 3841 3676 7373 10905 2473 1265 3896 26642 3314 3300 1752 3046 3412 1138
videos.hw01/01_frame/386.jpg 14078 5548 7092 2135 2592 5853 2542 1294 1904 10010 949 2830 3236 7708 3142 1747
videos.hw01/01_frame/387.jpg 1976 4416 6779 2849 4475 2806 1637 2134 5792 6081 2151 2113 1044 2680 3150 72
videos.hw01/01_frame/388.jpg 1038 3070 10335 5865 1173 3596 7976 2939 6866 28334 2523 5867 10780 9018 5432 23991
videos.hw01/01_frame/389.jpg 296 3204 3541 2560 3238 6222 3103 90804 10316 8869 2804 4991 680 598 8812 1088
videos.hw01/01_frame/390.jpg 4240 224 688 4106 1552 8648 2927 114266 2640 7846 470 21161 122 574 1176 920
videos.hw01/01_frame/391.jpg 0 112 912 1336 0 126 242 470 0 1314 198 125 0 96 220 76
videos.hw01/01_frame/392.jpg 2446 7272 1673 5206 2080 7897 2605 28873 5250 11353 906 36870 1998 3806 1720 5464
videos.hw01/01_frame/393.jpg 3016 7478 1337 15741 4081 10474 1292 39373 6236 26886 3478 109738 3256 1980 8630 639
videos.hw01/01_frame/394.jpg 1338 4416 8135 4615 3104 13236 3684 24768 4140 3314 1430 11323 234 876 2310 904
videos.hw01/01_frame/395.jpg 2138 218 1608 728 2182 5111 2129 15562 3736 5035 2789 43910 886 692 1864 1007
videos.hw01/01_frame/396.jpg 1122 12454 4138 6266 2315 4939 2109 10986 8450 7196 4282 39568 3774 222 3954 174
videos.hw01/01_frame/397.jpg 1024 1116 1577 1664 1013 9348 1135 2264 2300 6095 2053 13717 1086 182 1214 202
videos.hw01/01_frame/398.jpg 972 2996 768 2318 1188 7035 868 2713 5784 14879 3602 3147 1662 822 804 350
videos.hw01/01_frame/399.jpg 2560 1318 1192 2075 11313 10763 5946 13283 4110 10418 3488 7219 2640 1230 1718 2945
videos.hw01/01_frame/400.jpg 808 868 106 796 547 2683 1591 4415 1710 2120 613 6890 266 262 604 228
videos.hw01/01_frame/401.jpg 908 12358 4402 6734 1926 3799 2074 2125 4504 8571 688 3263 888 1844 1404 6217
videos.hw01/01_frame/402.jpg 686 428 3581 966 1219 3672 3133 732 4302 5663 1897 2969 492 144 270 226
videos.hw01/01_frame/403.jpg 0 0 372 689 0 1034 103 694 0 222 278 127 0 168 176 94
videos.hw01/01_frame/404.jpg 2478 4 1128 10587 1220 19116 7941 1372 4670 2094 5800 14488 336 98 834 156
videos.hw01/01_frame/405.jpg 13190 1552 15149 3954 4539 12306 3087 15723 5212 27133 2200 42671 768 2882 702 988
videos.hw01/01_frame/406.jpg 2828 464 1692 531 2008 3883 1246 2059 4920 7721 2530 2300 1578 2876 1388 251
videos.hw01/01_frame/407.jpg 0 0 0 0 336 256 0 0 592 642 0 0 0 0 0 0
videos.hw01/01_frame/408.jpg 5250 824 924 1276 1240 7217 2089 4912 1912 3528 732 4245 312 658 508 562
videos.hw01/01_frame/409.jpg 4518 20718 13460 3717 5956 32432 3584 49587 7218 6236 2834 34643 4440 17580 6152 5132
videos.hw01/01_frame/410.jpg 0 54 1524 288 3260 4724 1514 19752 2004 14855 1292 33458 140 442 444 156
videos.hw01/01_frame/411.jpg 1396 38 0 112 5104 18528 1813 48176 2168 15234 1421 52876 2 62 200 397
videos.hw01/01_frame/412.jpg 1974 2216 92 970 1070 15008 862 145953 3926 9973 598 69685 110 718 994 593
videos.hw01/01_frame/413.jpg 712 0 556 3270 1558 6998 1877 131756 3320 16995 3900 50143 214 6 1488 167
videos.hw01/01_frame/414.jpg 144 558 1060 5020 921 8234 2216 159840 4506 6788 4303 41077 144 344 2882 3757
videos.hw01/01_frame/415.jpg 0 1586 169 820 0 690 158 426 8 260 106 297 0 26 92 90
videos.hw01/01_frame/416.jpg 2094 304 361 12473 1079 4790 2130 61149 2786 6597 969 39578 152 700 1824 2312
videos.hw01/01_frame/417.jpg 5966 13328 5136 25747 1900 5130 8436 128203 1078 5672 7556 16606 4340 2568 2604 6191
videos.hw01/01_frame/418.jpg 0 132 206 191 0 72 340 252 0 486 270 111 0 364 148 168
videos.hw01/01_frame/419.jpg 3864 39500 6451 13790 1650 32332 3929 15207 3226 9294 2218 263642 191338 93320 740 8897
videos.hw01/01_frame/420.jpg 2691164 2446246 1889620 739900 4298410 3960113 2959038 1528609 8217461 4265543 3339723 1483743 10547816 8584923 2909342 1176452
videos.hw01/01_frame/421.jpg 3924 5736 13333 3042 2035 2783 18028 1716 784 1820 20762 3708 20 3647 12267 557
videos.hw01/01_frame/422.jpg 7618 9252 11711 5777 6759 7523 85917 6079 1120 2040 5554 1150 744 16972 18341 1264
videos.hw01/01_frame/423.jpg 5378 2266 1890 2284 1823 1500 14543 6311 1400 1170 8217 6702 254 11059 7787 630
videos.hw01/01_frame/424.jpg 734 635 579 503 1302 2321 9251 2344 529 2656 6134 2129 1808 6778 6373 807
videos.hw01/01_frame/425.jpg 1088 114 0 40 227 514 1158 30 111 262 278 837 14 880 687 60
videos.hw01/01_frame/426.jpg 3698 5214 380 485 2555 2386 10968 2384 317 688 3373 2254 174 2712 4346 985
videos.hw01/01_frame/427.jpg 1658 4766 1175 3680 6377 1094 4445 4289 380 4938 13981 5942 854 2208 3273 823
videos.hw01/01_frame/428.jpg 1478 3368 3873 1767 8809 2691 10841 5559 499 4585 4573 3675 126 19159 5983 595
videos.hw01/01_frame/429.jpg 2204 4348 2127 11095 6744 4379 12646 603 853 1969 7068 8345 1842 1745 3671 360
videos.hw01/01_frame/430.jpg 2760 2169 7529 9494 4650 8288 6160 7394 311 2196 4964 5039 86 3081 2665 375
videos.hw01/01_frame/431.jpg 2938 5549 2174 10452 2056 7229 24269 8845 726 1626 4877 14669 2906 11200 2420 425
videos.hw01/01_frame/432.jpg 130 968 324 1862 447 4259 1926 2932 141 613 4098 1361 34 2058 3281 314
videos.hw01/01_frame/433.jpg 2604 1393 2424 483 3646 6385 6493 1700 331 4484 8580 1084 26 2428 8599 817
videos.hw01/01_frame/434.jpg 5490 3232 1147 1529 3046 2963 6339 3276 931 4774 7122 1386 248 2577 4839 722
videos.hw01/01_frame/435.jpg 6842 3199 4013 7839 10405 9700 10735 2176 1470 1973 5122 1197 4244 6284 7965 629
videos.hw01/01_frame/436.jpg 5160 3045 6593 7230 7978 2799 14181 1330 1225 4126 10579 3395 850 1734 4516 748
videos.hw01/01_frame/437.jpg 1920 1573 8421 1169 4381 1690 4237 1514 293 3894 5935 4829 734 7541 17083 656
videos.hw01/01_frame/438.jpg 4516 1779 1081 1677 5544 1736 3040 5251 417 3613 1555 722 1970 1783 2379 1001
videos.hw01/01_frame/439.jpg 0 256 19522 417 0 34 517 148 2 852 791 109 0 328 640 68
videos.hw01/01_frame/440.jpg 4056 1365 19186 2190 3086 1276 5110 3124 1147 1380 2679 2775 114 1627 13024 529
videos.hw01/01_frame/441.jpg 2574 8511 1657 16273 3691 1999 12985 26161 903 4495 17120 12299 4610 2494 10023 1622
videos.hw01/01_frame/442.jpg 3246 1346 2872 2842 1482 672 2740 2855 250 1639 3145 4343 206 2182 10812 377
videos.hw01/01_frame/443.jpg 528 2375 5948 2132 4382 1393 3240 698 567 1440 2202 7432 872 14509 3066 702
videos.hw01/01_frame/444.jpg 1380 4470 1313 13587 2005 3523 5722 3734 239 13416 889 1047 446 9366 1766 403
videos.hw01/01_frame/445.jpg 0 243 406 475 0 2 409 454 2 126 323 469 32 220 813 15
videos.hw01/01_frame/446.jpg 8054 4382 8995 6062 5803 4946 7566 1837 155 3289 5607 4076 292 3617 5111 465
videos.hw01/01_frame/447.jpg 3388 5467 5724 8768 4541 5810 6281 2120 303 3815 3973 1986 1310 24315 2578 596
videos.hw01/01_frame/448.jpg 2590 2004 5009 4698 2523 2385 1602 3724 232 1284 3640 3060 2394 939 4986 625
videos.hw01/01_frame/449.jpg 6546 4682 3356 12148 6724 2790 5184 5784 1697 5152 9850 7387 946 987 5461 584
videos.hw01/01_frame/450.jpg 0 0 326 528 0 32 20 348 0 210 254 246 0 60 437 28
videos.hw01/01_frame/451.jpg 21486 3358 4826 2669 8569 2450 12835 8020 711 2706 4082 3727 502 3267 4682 532
videos.hw01/01_frame/452.jpg 2814 1875 7194 6397 6044 9996 8564 8312 3023 1690 7062 8566 686 25266 3825 725
videos.hw01/01_frame/453.jpg 7468 4580 4506 7268 6507 2660 12966 5330 148 4873 11015 5637 450 2212 8855 511
videos.hw01/01_frame/454.jpg 9146 13170 14815 25706 13557 7751 9586 31606 1280 14734 7159 21079 5070 9902 8098 1525
videos.hw01/01_frame/455.jpg 6858 1329 685 1065 3659 1868 1113 202 158 330 487 1338 28 458 1362 417
videos.hw01/01_frame/456.jpg 2648 5528 4195 5882 11493 6745 17678 23910 491 3916 4782 5248 336 2927 9285 1744
videos.hw01/01_frame/457.jpg 3246 15774 26578 9604 11740 17877 60781 27434 513 6607 10652 7643 6694 4772 13735 2230
videos.hw01/01_frame/458.jpg 4726 4673 11992 4221 4018 14566 8706 12454 832 5426 2142 1065 3512 2256 6986 584
videos.hw01/01_frame/459.jpg 2028 4677 5628 1519 4205 5630 20970 3876 370 5322 5558 628 1118 613 5707 1174
videos.hw01/01_frame/460.jpg 5762 5304 4669 10505 6705 9990 11632 2826 171 8562 3849 1757 1514 4004 5846 512
videos.hw01/01_frame/461.jpg 3172 2386 2610 846 2938 8745 9427 4605 308 2284 4249 251 774 1967 5879 532
videos.hw01/01_frame/462.jpg 5992 3272 5527 1734 3400 17942 5271 2220 1258 2044 8100 2329 2798 5108 5008 185
videos.hw01/01_frame/463.jpg 0 290 28 293 0 283 230 228 16 429 347 174 0 150 397 103
videos.hw01/01_frame/464.jpg 3754 1666 2507 9527 3689 10511 5701 2861 475 6859 4428 4047 4826 6425 6660 1003
videos.hw01/01_frame/465.jpg 3070 5659 2552 5339 6763 7865 12885 6039 2391 6166 8833 5236 474 10311 3681 687
videos.hw01/01_frame/466.jpg 5330 3246 3284 4713 7473 12733 11420 15215 420 6824 4356 2156 776 2064 11171 523
videos.hw01/01_frame/467.jpg 7950 2742 512 600 2884 2976 3065 4013 788 4863 1862 1117 402 7114 8142 49
videos.hw01/01_frame/468.jpg 11170 6931 1537 2043 3447 14249 2447 3436 1502 886 2437 1892 652 8605 3630 172
videos.hw01/01_frame/469.jpg 13184 3003 4411 1585 5639 9624 1970 1936 564 1793 591 211 1250 967 453 27
videos.hw01/01_frame/470.jpg 504 1174 231 66 1200 475 385 100 49 308 55 4 0 72 36 0
videos.hw01/01_frame/471.jpg 9570 6030 5184 1943 5365 3955 10048 13296 585 2408 5487 3913 608 6084 1881 60
videos.hw01/01_frame/472.jpg 3451 2363 4456 2182 7588 13442 15323 4633 413 5435 4298 855 1518 8495 11165 463
videos.hw01/01_frame/473.jpg 2750 6222 8723 1223 3690 7755 7305 2645 172 4810 4657 1482 3746 3080 2164 916
videos.hw01/01_frame/474.jpg 3227065 3791245 3219328 1977963 1555158 2712882 2027652 972115 13103110 5865735 5274334 4547673 10052742 8495428 2024956 1325135
videos.hw01/01_frame/475.jpg 0 18 622 388 0 232 95 154 0 1308 110 186 0 30 510 401
videos.hw01/01_frame/476.jpg 3630 3090 12315 8007 12808 23924 5889 17374 3752 12475 6301 1277 1260 840 5098 2053
videos.hw01/01_frame/477.jpg 452 1178 7683 10715 18970 11898 38930 65062 802 38455 1638 4761 5206 2536 2590 104
videos.hw01/01_frame/478.jpg 462 7732 1896 4568 10312 4835 3123 6407 634 5169 760 581 2 626 460 92
videos.hw01/01_frame/479.jpg 426 7314 7120 5699 16851 6618 4097 4833 630 30286 1371 5273 1000 248 362 281
videos.hw01/01_frame/480.jpg 18 1768 12640 5520 3985 4412 18294 7107 1094 19879 447 1353 356 1490 876 18
videos.hw01/01_frame/481.jpg 34 452 13211 7637 2664 4196 29182 9710 2196 6769 600 454 3456 2728 992 38
videos.hw01/01_frame/482.jpg 772 4402 14235 8345 2396 5626 22065 13371 3754 15909 2316 802 4044 2862 1728 48
videos.hw01/01_frame/483.jpg 1688 8102 10772 13640 10924 8494 13198 7899 2966 19139 2362 2770 2070 4884 5138 80
videos.hw01/01_frame/484.jpg 9430 538 11126 8202 7218 16716 11763 7751 8376 17674 1240 819 9390 2156 4704 92
videos.hw01/01_frame/485.jpg 2 6132 11665 4786 3090 7476 11971 7786 5744 2851 471 12935 914 6606 3130 798
videos.hw01/01_frame/486.jpg 962 2534 6026 1936 3366 11216 6048 3622 8092 2268 358 1476 3194 3348 1730 659
videos.hw01/01_frame/487.jpg 0 1124 642 301 0 108 193 586 0 698 253 22 0 32 228 22
videos.hw01/01_frame/488.jpg 1890 1880 4901 2373 2796 12344 3217 15751 3680 14205 190 312 904 1352 2092 46
videos.hw01/01_frame/489.jpg 2870 3278 11862 6634 5500 28628 16406 12091 10848 10455 1920 945 3770 3046 2642 871
videos.hw01/01_frame/490.jpg 276 10876 17912 4712 5038 7398 9571 7551 5932 4293 1441 1810 1918 2294 2000 3779
videos.hw01/01_frame/491.jpg 3100 8948 16858 5456 6830 24543 11478 15872 702 4604 917 3616 1090 1302 2422 822
videos.hw01/01_frame/492.jpg 9944 5844 21254 11604 1758 19182 16655 7646 1680 3206 1493 1495 10088 8190 1346 3425
videos.hw01/01_frame/493.jpg 374 3660 33622 9969 1548 5003 15075 2788 2058 3628 1351 439 812 2684 4082 136
videos.hw01/01_frame/494.jpg 3374 3446 18206 2837 1400 9255 18176 1102 2726 5632 561 599 1150 2402 1016 25
videos.hw01/01_frame/495.jpg 17008 1290 16262 3638 3732 8343 3279 824 3244 2712 2084 1503 11826 2412 1438 178
videos.hw01/01_frame/496.jpg 6832 4878 1966 1479 1170 4994 2327 2705 1834 6839 527 326 766 974 816 0
videos.hw01/01_frame/497.jpg 4306 1364 3715 2697 546 4487 4701 3444 452 3541 1909 450 1358 1344 2994 431
videos.hw01/01_frame/498.jpg 1144 1580 5321 2469 384 29128 6717 2956 1276 5804 580 1009 632 822 2498 108
videos.hw01/01_frame/499.jpg 0 650 280 105 0 421 343 436 0 117 39 420 0 358 220 478
videos.hw01/01_frame/500.jpg 9228 640 5262 3366 2444 24242 6543 7160 412 832 453 1781 2172 1898 414 353
videos.hw01/01_frame/501.jpg 31632 5314 8681 12283 5574 12129 32862 19712 3696 12120 1233 2067 10302 1186 788 236
videos.hw01/01_frame/502.jpg 16 290 7013 7415 1468 7884 10272 2597 2888 2460 491 644 212 712 364 20
videos.hw01/01_frame/503.jpg 2724 204 4423 9088 2472 15487 8217 7983 2086 2315 611 996 6 1384 872 24
videos.hw01/01_frame/504.jpg 412 228 4892 2631 1488 7605 8664 2236 2038 3684 757 488 532 202 1316 122
videos.hw01/01_frame/505.jpg 158 638 4416 1966 2396 14654 10511 4860 1672 4426 2864 2143 1164 318 704 186
videos.hw01/01_frame/506.jpg 42 126 1965 1306 1910 7068 2566 2095 1150 5833 408 2512 126 1288 1914 46
videos.hw01/01_frame/507.jpg 506 674 13262 1663 3064 38978 4533 5464 1282 4364 535 883 2362 664 1138 766
videos.hw01/01_frame/508.jpg 7060 1956 5434 5351 2270 33142 7835 1679 1524 1782 644 561 1722 1950 6094 1329
videos.hw01/01_frame/509.jpg 494 280 3367 7533 2586 30991 12018 4222 1940 2171 992 304 212 158 968 416
videos.hw01/01_frame/510.jpg 8852 15626 16936 10638 1266 4084 18826 3260 3312 580 788 118 914 726 1620 556
videos.hw01/01_frame/511.jpg 2 1704 951 883 10 1980 505 91 194 7137 361 348 54 676 464 650
videos.hw01/01_frame/512.jpg 4918 2884 6789 10521 3446 3078 24084 11241 888 7386 2099 496 980 692 1890 750
videos.hw01/01_frame/513.jpg 2458 10756 23827 25620 8020 19040 100953 30772 13146 2622 1969 1357 1402 3580 2416 246
videos.hw01/01_frame/514.jpg 56 3422 6265 8456 2468 4447 3642 631 1502 4634 204 267 374 888 398 208
videos.hw01/01_frame/515.jpg 184 282 1911 2574 2538 6925 2536 1635 1854 4197 3327 131 146 1124 1264 0
videos.hw01/01_frame/516.jpg 1756 1264 2137 1684 3806 24706 2655 1260 1862 2461 6583 15420 1952 1546 1068 218
videos.hw01/01_frame/517.jpg 698 3060 1833 4401 2096 10478 2019 4043 1362 3455 824 1901 1092 1716 248 38
videos.hw01/01_frame/518.jpg 2956 6886 1374 1283 1426 10247 1530 3103 1830 3269 580 2362 82 1054 662 56
videos.hw01/01_frame/519.jpg 2476 1674 2128 1053 5388 8014 2049 1934 1704 4103 861 837 256 1116 726 104
videos.hw01/01_frame/520.jpg 1382 302 805 2254 3182 7906 2353 1628 2934 3505 259 510 1018 1676 1190 60
videos.hw01/01_frame/521.jpg 2752 214 481 207 2684 5025 1468 363 1038 7023 1146 808 468 206 400 0
videos.hw01/01_frame/522.jpg 4 1194 972 899 5048 8364 4619 885 1106 3992 1536 661 254 234 1256 356
videos.hw01/01_frame/523.jpg 0 40 387 966 100 1110 246 16 0 568 215 0 0 0 4 24
videos.hw01/01_frame/524.jpg 9288 4640 5366 4261 13428 5131 2854 1368 1110 5880 1159 9533 3134 2168 2102 839
videos.hw01/01_frame/525.jpg 4220 742 1553 1638 4516 4297 4135 2618 4438 3443 452 3757 526 1480 576 106
videos.hw01/01_frame/526.jpg 868 5402 4128 2288 3222 5766 4441 782 960 2695 611 495 1674 764 2952 656
videos.hw01/01_frame/527.jpg 344 804 764 1416 2000 5355 8700 1788 1106 8169 984 694 410 1254 1228 382
videos.hw01/01_frame/528.jpg 2200 1494 3776 6780 6558 18442 2242 2197 1490 25227 1557 554 936 2184 1868 150
videos.hw01/01_frame/529.jpg 5044 1258 2250 4511 1254 8407 3228 1775 484 7661 179 131 292 1984 648 0
videos.hw01/01_frame/530.jpg 294 500 3059 2743 1884 3658 1988 1481 428 1581 2103 3633 276 2020 282 93
videos.hw01/01_frame/531.jpg 544 7110 4039 3052 1701 6555 4209 960 1388 14383 1386 719 1448 1618 754 206
videos.hw01/01_frame/532.jpg 98 970 9351 6069 2154 3374 4300 2438 278 2465 875 2086 474 1426 768 292
videos.hw01/01_frame/533.jpg 392 1390 5045 5388 6180 4151 4911 3518 962 4481 3086 8085 650 1352 462 34
videos.hw01/01_frame/534.jpg 56 406 3862 7283 1011 3324 11070 836 268 2097 284 112 1036 1016 250 0
videos.hw01/01_frame/535.jpg 242 210 408 201 0 514 580 368 134 978 105 56 2 198 216 230
videos.hw01/01_frame/536.jpg 528 370 7021 3796 740 5260 11167 2703 1380 5091 350 1158 56 898 632 230
videos.hw01/01_frame/537.jpg 360 3996 10736 19329 5572 13960 17694 3328 1600 6946 3111 2373 182 828 3482 902
videos.hw01/01_frame/538.jpg 170 204 4718 5998 1636 6390 7351 1923 2078 1918 1144 1026 190 96 146 66
videos.hw01/01_frame/539.jpg 968 274 3310 1122 3326 5133 3720 944 1388 21352 2082 2669 32 4674 1094 26
videos.hw01/01_frame/540.jpg 148 3006 2637 2265 3200 4099 3962 4763 4970 1141 2360 938 2028 998 2258 54
videos.hw01/01_frame/541.jpg 4424 1152 5123 9935 424 2232 9473 3027 888 445 754 6712 994 3050 498 248
videos.hw01/01_frame/542.jpg 414 672 8380 12542 988 3185 13167 2293 1848 1307 75 462 6 1982 26 0
videos.hw01/01_frame/543.jpg 892 106 5369 9678 2378 3805 22134 4663 2594 1153 1681 2013 78 50 628 95
videos.hw01/01_frame/544.jpg 896 1984 15670 8268 3082 6422 23202 5335 2150 6724 922 6022 508 462 266 68
videos.hw01/01_frame/545.jpg 1174 6 5230 2998 3866 3022 7795 868 1302 1960 2660 18706 162 310 134 32
videos.hw01/01_frame/546.jpg 124 8120 13429 2241 3900 5868 6638 4962 2458 2017 1471 1111 3816 1886 1056 520
videos.hw01/01_frame/547.jpg 0 168 2216 287 0 776 496 26 0 472 79 52 0 444 438 373
videos.hw01/01_frame/548.jpg 3794 1184 3876 3132 996 5268 11802 5910 1466 4169 1860 1306 1374 178 480 891
videos.hw01/01_frame/549.jpg 7642 1996 26069 23456 2656 14711 46601 11592 6886 3532 1353 2324 2058 5590 4064 291
videos.hw01/01_frame/550.jpg 3466 1684 8905 8976 3534 6813 25729 3155 2572 1851 2033 1248 176 1214 328 736
videos.hw01/01_frame/551.jpg 94 114 10099 6527 8136 10446 17661 1334 4546 5831 2993 981 0 434 48 0
videos.hw01/01_frame/552.jpg 146 476 21927 9487 5198 5455 31889 3658 4914 3919 945 2698 114 540 304 16
videos.hw01/01_frame/553.jpg 3520 870 27197 3435 3402 5159 16192 6959 1912 4893 362 408 426 284 1052 296
videos.hw01/01_frame/554.jpg 372 2012 3994 1789 3086 5021 9023 1398 3146 3472 2413 2030 240 2072 1970 678
videos.hw01/01_frame/555.jpg 124 1852 1975 595 6314 3933 7479 1529 222 655 1601 591 150 1156 302 26
videos.hw01/01_frame/556.jpg 0 938 6000 4685 2454 8524 18143 3110 2294 1970 2753 2710 42 430 346 56
videos.hw01/01_frame/557.jpg 142 820 7096 8087 3484 3410 32306 8774 2064 2917 732 438 0 1114 1130 552
videos.hw01/01_frame/558.jpg 1176 440 11253 8564 1566 3140 52897 1922 1590 1061 183 990 502 330 258 4
videos.hw01/01_frame/559.jpg 0 264 585 115 0 1938 708 2938 4 391 440 204 38 180 10 0
videos.hw01/01_frame/560.jpg 62 268 6515 9926 3364 12186 32200 8833 2492 14775 1883 2340 112 1904 878 0
videos.hw01/01_frame/561.jpg 2520 1374 8662 4876 7226 18320 9687 4645 11566 4235 766 1643 1262 7168 2438 84
videos.hw01/01_frame/562.jpg 1064 638 10071 1952 976 4630 5883 2282 1372 3899 1722 3079 526 1454 594 368
videos.hw01/01_frame/563.jpg 348 556 4543 4888 5886 77549 14908 2314 1686 4701 1082 1373 624 732 414 127
videos.hw01/01_frame/564.jpg 996 5670 7429 2971 5318 61118 7662 2233 6958 8321 4155 1101 1706 2474 1552 58
videos.hw01/01_frame/565.jpg 2626 672 1499 806 4336 10475 3305 1454 1442 8215 2283 895 370 1612 608 0
videos.hw01/01_frame/566.jpg 1010 852 6479 5656 2222 3023 5734 1806 4488 3846 1754 1111 1980 1392 1670 128
videos.hw01/01_frame/567.jpg 476 3484 6896 7918 1000 3564 17039 4537 1516 4303 275 482 794 1208 96 290
videos.hw01/01_frame/568.jpg 132 48 7360 5615 2742 2090 19838 8776 1900 3630 1557 1209 0 470 204 0
videos.hw01/01_frame/569.jpg 2716 1992 14838 3155 4074 22136 5702 1815 1246 2361 1707 1171 672 1474 600 64
videos.hw01/01_frame/570.jpg 480 10220 2651 1966 1544 3827 4039 2395 650 4623 1823 1697 144 584 2186 64
videos.hw01/01_frame/571.jpg 0 148 276 239 0 598 280 206 0 190 222 930 0 234 166 0
videos.hw01/01_frame/572.jpg 544 15036 4405 2847 376 4494 2045 2343 664 1190 1838 3677 3978 3896 1576 719
videos.hw01/01_frame/573.jpg 1718 6886 5998 3318 5340 7902 7130 9737 5556 3417 1405 1648 2466 15380 806 265
videos.hw01/01_frame/574.jpg 1922 380 6428 2791 1000 2854 697 2920 336 2003 657 249 518 1426 522 1003
videos.hw01/01_frame/575.jpg 266 52 2585 1864 1670 4530 4328 1630 74 381 423 137 154 392 16 48
videos.hw01/01_frame/576.jpg 12590 2514 10833 9665 1510 7859 5613 1650 1130 4669 3540 1372 612 308 1484 160
videos.hw01/01_frame/577.jpg 964 38 3871 2160 2120 7419 4173 2029 946 3076 842 447 0 290 264 8
videos.hw01/01_frame/578.jpg 56 412 5939 7141 1686 18806 8358 5704 1414 6100 2127 4010 10 54 780 193
videos.hw01/01_frame/579.jpg 30 26 582 455 24 1070 259 129 208 652 269 552 304 114 42 153
videos.hw01/01_frame/580.jpg 684 406 8884 5727 2898 14458 15120 6581 1332 9518 3381 947 24 768 1020 3483
videos.hw01/01_frame/581.jpg 4464996 5843069 2641561 1411692 2460886 1671575 6481392 4322528 1194448 2033957 4308509 4651930 128104 3946182 1643351 734295
videos.hw01/01_frame/582.jpg 5808 2196 3300 1879 10546 5543 1790 3232 3528 9998 3661 1758 4664 5223 3813 2787
videos.hw01/01_frame/583.jpg 264 603 1177 638 330 533 543 987 4420 1815 2623 127 340 1293 1765 382
videos.hw01/01_frame/584.jpg 770 888 330 751 396 868 1286 419 2706 1694 1183 429 1606 2068 2702 589
videos.hw01/01_frame/585.jpg 1660 1836 4765 927 1088 1638 1250 3246 3972 11623 2081 1406 1174 1089 4609 1812
videos.hw01/01_frame/586.jpg 366 66 36 32 132 239 0 54 790 2130 1104 65 392 1062 3365 462
videos.hw01/01_frame/587.jpg 548 566 233 44 708 648 1686 316 764 2613 1277 194 948 3865 9281 236
videos.hw01/01_frame/588.jpg 0 60 290 44 34 42 68 228 956 3574 551 82 446 866 472 57
videos.hw01/01_frame/589.jpg 42 134 9 15 154 219 231 456 675 1661 338 65 910 2598 818 122
videos.hw01/01_frame/590.jpg 444 627 534 195 128 1178 254 807 1269 1989 3038 126 316 1999 4690 108
videos.hw01/01_frame/591.jpg 400 1611 2670 602 1428 3009 1211 1139 2660 1837 3192 2029 626 2005 872 628
videos.hw01/01_frame/592.jpg 50 249 6 322 186 787 318 137 1246 1170 156 109 360 932 1244 254
videos.hw01/01_frame/593.jpg 158 110 6 14 4 61 56 34 206 1851 212 250 336 911 256 497
videos.hw01/01_frame/594.jpg 5596 2359 1852 1807 380 4433 3328 1481 1574 5228 4500 1005 871 3358 2564 1242
videos.hw01/01_frame/595.jpg 26 174 112 16 0 395 19 75 430 210 565 18 249 727 136 22
videos.hw01/01_frame/596.jpg 154 215 2464 16 90 363 219 133 678 1358 972 66 440 1463 164 168
videos.hw01/01_frame/597.jpg 1534 299 1313 344 664 1088 1082 1060 5424 8685 1539 694 1710 1012 1376 1726
videos.hw01/01_frame/598.jpg 3006 4100 2226 1778 868 2704 643 1215 641 5946 13155 675 645 2631 738 1339
videos.hw01/01_frame/599.jpg 1100 370 386 249 846 1764 1465 596 542 3193 792 173 1159 687 1508 160
videos.hw01/01_frame/600.jpg 638 293 668 149 88 1767 511 590 197 1526 4967 176 692 700 548 290
videos.hw01/01_frame/601.jpg 1166 687 169 474 922 1961 609 1277 831 1463 712 287 338 1265 600 426
videos.hw01/01_frame/602.jpg 1634 2235 460 165 4654 1903 2455 263 1179 4813 579 511 1747 1548 1870 1297
videos.hw01/01_frame/603.jpg 1278 1708 2202 951 1730 3415 2172 1117 1422 1672 1048 1891 407 2489 6242 398
videos.hw01/01_frame/604.jpg 188 178 546 65 462 955 133 202 734 3171 176 551 796 903 1552 4
videos.hw01/01_frame/605.jpg 284 2561 752 508 96 2677 1121 856 1448 3075 854 752 1026 2104 1162 332
videos.hw01/01_frame/606.jpg 1296 2530 600 541 306 3212 632 1077 1748 1420 2075 978 1196 2031 2674 1452
videos.hw01/01_frame/607.jpg 68 268 6 2 146 86 12 6 198 1680 76 0 80 549 12 0
videos.hw01/01_frame/608.jpg 138 1878 619 333 328 2801 1454 1840 806 1477 648 1433 108 2691 1002 445
videos.hw01/01_frame/609.jpg 1372 2701 3281 370 346 3480 1016 1070 1846 3611 771 1415 776 5628 4650 592
videos.hw01/01_frame/610.jpg 962 4382 1922 1274 418 4008 1078 1318 522 5750 4156 822 526 4234 4744 925
videos.hw01/01_frame/611.jpg 64 543 93 99 134 803 259 190 166 1177 346 249 100 1356 422 257
videos.hw01/01_frame/612.jpg 604 1648 801 417 218 1745 765 401 2098 4681 301 186 108 5287 3550 383
videos.hw01/01_frame/613.jpg 2170 1024 473 461 660 1401 1538 348 272 3788 596 246 938 1708 3194 52
videos.hw01/01_frame/614.jpg 196 610 192 64 158 79 422 104 446 1643 205 390 208 1312 634 152
videos.hw01/01_frame/615.jpg 788 3503 2088 1577 2694 4772 4150 1062 3936 3920 10006 691 515 5942 2142 1079
videos.hw01/01_frame/616.jpg 906 18 0 28 0 72 37 258 336 2553 899 4 110 2085 972 217
videos.hw01/01_frame/617.jpg 810 3073 665 503 548 1931 754 615 1416 1946 2940 861 4591 1485 988 1661
videos.hw01/01_frame/618.jpg 1628 136 23 232 214 493 24 368 586 1995 872 482 954 1332 1086 197
videos.hw01/01_frame/619.jpg 910 288 22 279 86 221 240 6 1160 1153 234 12 2070 545 96 320
videos.hw01/01_frame/620.jpg 1396 2114 2116 838 1552 3609 5519 1487 974 4995 898 1664 3434 3370 1666 1044
videos.hw01/01_frame/621.jpg 1502 2871 3040 320 1526 6666 4157 3680 773 3515 2551 777 654 6091 5614 2785
videos.hw01/01_frame/622.jpg 1530 4086 3356 515 2466 10511 3773 1548 911 6962 1378 553 312 2652 2964 704
videos.hw01/01_frame/623.jpg 754 2394 1353 724 1164 2476 501 1203 10707 3172 3036 405 258 1708 784 5247
videos.hw01/01_frame/624.jpg 897 2558 1537 234 1394 1929 676 2040 2350 8690 1251 732 638 1345 798 630
videos.hw01/01_frame/625.jpg 1673 3751 1750 749 1312 5890 2190 727 291 2546 1682 679 158 1388 1614 1124
videos.hw01/01_frame/626.jpg 1648 888 3876 383 158 3340 363 2249 1237 2893 3526 1531 292 4940 226 1817
videos.hw01/01_frame/627.jpg 0 348 299 112 2 1080 265 425 86 1053 182 429 16 768 1048 117
videos.hw01/01_frame/628.jpg 853 314 507 1021 324 2435 557 721 270 1210 480 658 195 2341 3694 179
videos.hw01/01_frame/629.jpg 2962 6484 4104 1345 1514 7356 6168 2165 1840 6595 7295 5027 4037 3949 4800 1570
videos.hw01/01_frame/630.jpg 382 1446 3311 794 336 1160 2714 1352 1143 3297 1393 692 106 2186 1030 628
videos.hw01/01_frame/631.jpg 46 135 0 42 52 777 0 0 170 1376 0 15 24 354 106 67
videos.hw01/01_frame/632.jpg 705 361 780 335 368 2216 247 264 1517 2445 688 471 1044 1572 1436 1923
videos.hw01/01_frame/633.jpg 582 1056 3015 2180 1742 4322 2331 1602 1219 2380 4330 3142 3186 1742 3188 1675
videos.hw01/01_frame/634.jpg 328 811 216 151 240 1321 145 320 762 2319 87 374 536 2226 668 268
videos.hw01/01_frame/635.jpg 2409 1872 4588 691 2474 2965 936 3573 826 5722 1927 775 1460 3342 4428 1453
videos.hw01/01_frame/636.jpg 144 292 539 137 922 3372 368 2404 2832 6819 3120 525 980 6220 1182 1262
videos.hw01/01_frame/637.jpg 588 380 148 50 618 1841 18 940 1171 8087 7288 67 140 2336 1916 256
videos.hw01/01_frame/638.jpg 5053 2593 1259 456 5532 4578 3027 1092 2582 7705 4887 1050 2014 3960 9266 898
videos.hw01/01_frame/639.jpg 294 263 280 92 138 605 478 982 3199 4883 1094 134 430 935 856 196
videos.hw01/01_frame/640.jpg 282 150 226 120 124 432 58 34 11418 1812 984 64 720 815 1820 218
videos.hw01/01_frame/641.jpg 858 544 1710 1194 838 1241 971 315 4096 2915 1201 262 1399 1466 2090 368
videos.hw01/01_frame/642.jpg 0 30 702 58 0 90 81 211 0 392 181 42 0 44 110 329
videos.hw01/01_frame/643.jpg 112 191 255 48 116 322 145 507 1498 1818 182 54 815 288 200 375
videos.hw01/01_frame/644.jpg 1499 1913 4808 936 3458 5974 1745 2072 6300 14664 33839 6091 4092 2468 1510 3909
videos.hw01/01_frame/645.jpg 1523 370 1488 797 920 1712 2484 692 1742 2782 702 1057 4685 1387 2160 625
videos.hw01/01_frame/646.jpg 647 1505 114 437 82 1940 948 420 4082 2808 1010 437 211 2153 240 400
videos.hw01/01_frame/647.jpg 14 245 213 77 38 111 238 248 2636 932 46 262 192 676 384 274
videos.hw01/01_frame/648.jpg 580 988 479 181 174 1166 471 427 2268 4275 297 797 572 530 770 222
videos.hw01/01_frame/649.jpg 32 186 237 185 128 310 51 61 470 1033 32 412 54 298 88 36
videos.hw01/01_frame/650.jpg 667 914 281 111 966 1698 977 1282 428 1876 1268 552 166 935 696 429
videos.hw01/01_frame/651.jpg 1130 1871 688 59 216 1286 876 58 124 574 183 68 46 238 638 133
videos.hw01/01_frame/652.jpg 324 1379 4 0 420 589 0 2 158 110 52 614 70 139 16 133
videos.hw01/01_frame/653.jpg 1067 5280 4536 868 1618 3420 3158 44122 13614 3112 1870 2255 7666 1819 6612 2041
videos.hw01/01_frame/654.jpg 4296637 5669275 2617927 1198204 2084394 1975174 5699925 3655181 987498 2276443 4119908 4744844 173436 4314168 1871116 778111
videos.hw01/01_frame/655.jpg 0 0 860 3188 0 68 468 56 0 56 24 184 0 18 842 817
videos.hw01/01_frame/656.jpg 616 14354 3376 3569 2736 11830 4026 4639 3798 8479 1436 4845 5524 2856 1090 1713
videos.hw01/01_frame/657.jpg 798 974 2221 3480 1506 14782 1158 1525 1036 492 2174 2293 900 306 908 3923
videos.hw01/01_frame/658.jpg 338 4086 536 265 536 1344 4569 1826 802 1284 410 1972 430 712 36 2
videos.hw01/01_frame/659.jpg 5620 8590 4066 3540 7552 43772 1554 4796 2408 5083 1278 23133 4214 4308 4682 16548
videos.hw01/01_frame/660.jpg 6 280 8 5520 1282 3657 941 15433 958 3581 141 1282 160 294 234 620
videos.hw01/01_frame/661.jpg 292 1086 216 6380 4134 10429 6511 31571 850 764 902 691 368 376 1422 2428
videos.hw01/01_frame/662.jpg 130 210 98 13182 3594 6769 3399 37460 2406 1314 1043 1551 66 308 348 294
videos.hw01/01_frame/663.jpg 1088 2186 863 5125 6016 10304 1985 19265 3382 1843 238 1196 482 1308 664 540
videos.hw01/01_frame/664.jpg 898 4126 732 2654 928 4411 3404 22871 1738 2076 248 574 824 964 796 370
videos.hw01/01_frame/665.jpg 8 934 689 3334 2746 7614 1570 7232 944 965 883 604 110 642 1314 474
videos.hw01/01_frame/666.jpg 1548 6392 834 6360 996 4558 3111 8817 456 954 427 907 1450 200 1838 207
videos.hw01/01_frame/667.jpg 0 14 152 264 0 1257 404 250 0 388 143 54 0 90 1150 705
videos.hw01/01_frame/668.jpg 644 706 2592 1211 1286 7527 5570 23711 1342 1860 4535 274 362 724 1486 1146
videos.hw01/01_frame/669.jpg 3716 1078 3517 18084 1304 7671 6731 137030 1610 8637 1259 1185 1540 5948 5404 918
videos.hw01/01_frame/670.jpg 516 2162 1089 8359 5180 10517 1685 9171 1464 1698 1069 1163 594 1648 1016 636
videos.hw01/01_frame/671.jpg 1320 2490 2082 14779 380 24123 1171 22646 1594 7950 733 4386 606 1482 1314 635
videos.hw01/01_frame/672.jpg 2236 5710 5639 15942 1590 8360 1051 18030 1424 1633 771 7616 7234 3292 1718 1391
videos.hw01/01_frame/673.jpg 2240 4086 1774 9428 2512 27405 1661 15408 1030 1699 603 478 2740 372 1476 682
videos.hw01/01_frame/674.jpg 266 2906 1601 9352 1436 9321 5053 7959 818 3427 527 212 406 1280 1642 250
videos.hw01/01_frame/675.jpg 738 336 2115 3232 2708 5540 3028 4747 564 3893 4167 332 1930 1232 1288 1062
videos.hw01/01_frame/676.jpg 4900 3184 1602 3679 548 3124 1307 7388 274 4744 566 598 230 1694 416 273
videos.hw01/01_frame/677.jpg 1376 2978 4844 5881 928 10288 920 35899 924 5244 4669 1043 984 658 1418 1438
videos.hw01/01_frame/678.jpg 778 1866 1592 12084 136 10033 1057 10605 304 3148 1896 109 910 1126 1128 482
videos.hw01/01_frame/679.jpg 4 1746 130 540 0 300 208 448 18 336 8 12 0 74 1006 8
videos.hw01/01_frame/680.jpg 530 92 851 5947 1042 2017 1295 2509 138 218 566 177 818 310 3818 428
videos.hw01/01_frame/681.jpg 468 2614 7807 34036 3670 12973 1847 115692 2400 5709 1618 1462 706 842 1970 8613
videos.hw01/01_frame/682.jpg 112 196 1265 18297 336 15708 2411 63153 1584 3859 558 554 64 94 48 60
videos.hw01/01_frame/683.jpg 10 742 183 9042 666 6920 6897 44279 182 3262 269 10526 164 68 1634 2226
videos.hw01/01_frame/684.jpg 1546 4554 73 13638 384 2959 8711 43972 420 4632 671 468 608 162 1652 67
videos.hw01/01_frame/685.jpg 10 2 189 13132 912 23014 11847 38655 46 3502 1083 19104 608 236 98 18
videos.hw01/01_frame/686.jpg 402 110 1078 13906 802 9646 4759 43875 1552 9215 4308 870 276 1896 378 112
videos.hw01/01_frame/687.jpg 38 2438 74 4708 932 10328 2493 15823 156 15977 2830 579 344 184 680 574
videos.hw01/01_frame/688.jpg 436 2926 4566 983 3492 2863 4116 35110 564 6079 1749 7214 102 644 3124 340
videos.hw01/01_frame/689.jpg 702 348 791 1191 2178 7758 4461 4089 160 1306 407 115 302 2124 1814 128
videos.hw01/01_frame/690.jpg 9880 1926 4263 8315 776 13289 6914 10016 1414 7373 1254 327 1844 186 1892 5262
videos.hw01/01_frame/691.jpg 4614 642 1153 1002 184 1702 430 658 6 2560 342 264 8 232 258 5177
videos.hw01/01_frame/692.jpg 3062 2378 4625 24151 2338 10362 1868 43734 740 2267 579 817 1746 382 1950 5214
videos.hw01/01_frame/693.jpg 2924 8386 3214 112712 3614 14409 11719 504462 722 11369 755 1209 922 4814 2854 1248
videos.hw01/01_frame/694.jpg 162 3148 1476 9458 220 10915 1633 54155 156 4183 409 148 608 562 564 106
videos.hw01/01_frame/695.jpg 754 712 1017 7172 1634 14012 5496 27261 194 5522 313 1571 2548 396 4046 466
videos.hw01/01_frame/696.jpg 76 2026 296 3678 938 3631 1952 4231 94 1234 1672 824 156 648 1828 32
videos.hw01/01_frame/697.jpg 312 430 1756 2121 1156 6489 1492 1559 796 6875 531 3454 596 1994 1762 450
videos.hw01/01_frame/698.jpg 778 322 502 2722 712 4914 1588 2386 424 7476 846 46 114 1292 3834 208
videos.hw01/01_frame/699.jpg 1074 392 72 2648 1588 2860 464 848 506 474 98 2 62 138 62 117
videos.hw01/01_frame/700.jpg 2564 92 342 4182 864 4987 1163 1458 628 15649 744 0 6 0 282 3518
videos.hw01/01_frame/701.jpg 506 326 1201 2803 4002 13197 3129 4064 1274 31904 686 382 338 398 146 0
videos.hw01/01_frame/702.jpg 24 842 516 1564 2656 12580 2014 905 1988 2471 866 421 130 132 216 0
videos.hw01/01_frame/703.jpg 0 110 210 265 0 582 343 246 0 180 72 268 0 30 0 28
videos.hw01/01_frame/704.jpg 636 78 1264 4962 7506 11681 2231 2608 682 4771 349 1204 30 30 0 24
videos.hw01/01_frame/705.jpg 1270 268 10984 12500 11300 26651 3689 5224 5754 8578 1054 334 412 324 1774 886
videos.hw01/01_frame/706.jpg 0 16 767 215 0 544 215 127 14 897 206 163 0 60 636 42
videos.hw01/01_frame/707.jpg 355404 85822 17204 4573 2232 14501 10148 5060 1510 7868 604 989 996 48098 3854 144
videos.hw01/01_frame/708.jpg 2829949 7424768 4580790 3310327 2148739 2522542 11393935 7527357 6350314 8316120 14715638 6231200 4621763 5858688 2959178 531817
videos.hw01/01_frame/709.jpg 2932 4118 8824 3460 5233 2125 2318 6400 4916 5025 1096 381 1863 53747 675 1932
videos.hw01/01_frame/710.jpg 1143 466 4298 294 3302 957 2042 292 1162 633 83 2355 2994 290 195 385
videos.hw01/01_frame/711.jpg 2495 2184 502 2026 2983 2282 92 98 5895 1335 48 438 4782 782 571 1504
videos.hw01/01_frame/712.jpg 667 565 607 392 760 2238 713 364 538 365 188 1046 692 254 393 696
videos.hw01/01_frame/713.jpg 1291 2226 1272 2268 2939 2488 737 324 2714 2897 496 1058 1566 1869 672 1252
videos.hw01/01_frame/714.jpg 240 293 252 460 325 160 704 1384 606 1002 247 445 504 716 170 395
videos.hw01/01_frame/715.jpg 0 55 130 7 0 60 134 166 406 633 48 217 274 1059 66 133
videos.hw01/01_frame/716.jpg 673 704 1020 1299 773 153 393 2116 2126 787 243 1945 1014 427 303 778
videos.hw01/01_frame/717.jpg 3164 1939 1735 866 2020 1189 3922 440 3240 1611 1441 2127 1747 1722 898 1067
videos.hw01/01_frame/718.jpg 2240 1441 1247 876 2840 2741 471 802 4240 725 528 1216 2752 4194 535 1638
videos.hw01/01_frame/719.jpg 392 366 276 170 128 351 317 848 1659 438 76 1101 570 521 150 509
videos.hw01/01_frame/720.jpg 3139 1015 522 592 1214 1659 132 64 3330 2845 1290 1432 2295 1569 1176 869
videos.hw01/01_frame/721.jpg 644 447 433 122 1304 615 530 206 926 236 9 422 2499 1378 106 312
videos.hw01/01_frame/722.jpg 3679 1111 2661 294 2978 2635 560 416 9932 1781 366 1265 854 3437 422 2374
videos.hw01/01_frame/723.jpg 1476 585 782 142 891 467 1876 944 3802 395 82 569 384 1378 21 247
videos.hw01/01_frame/724.jpg 1300 952 527 334 1954 4781 816 132 4812 2361 189 1779 3162 14203 251 705
videos.hw01/01_frame/725.jpg 3235 760 99 122 2549 1450 1500 4348 4875 3523 50 560 1622 400 66 733
videos.hw01/01_frame/726.jpg 832 2822 381 1046 1884 2051 623 668 1376 447 1759 2911 2677 1459 555 1140
videos.hw01/01_frame/727.jpg 0 147 75 396 120 622 20 274 146 811 784 477 18 202 201 278
videos.hw01/01_frame/728.jpg 692 3454 250 504 2149 1499 263 3416 3922 1569 1905 2480 449 412 763 2414
videos.hw01/01_frame/729.jpg 1382 1740 686 4813 2450 1371 3314 1372 1899 2059 1409 836 533 1629 582 1703
videos.hw01/01_frame/730.jpg 3940 4182 3198 524 3558 3077 274 4822 4786 2372 1879 4071 4284 7694 980 1137
videos.hw01/01_frame/731.jpg 1560 542 237 614 1623 1100 347 4806 1975 854 65 1111 3183 730 196 279
videos.hw01/01_frame/732.jpg 2247 4251 518 42 4873 2166 828 1144 6492 2066 473 1081 2030 746 401 639
videos.hw01/01_frame/733.jpg 697 369 3295 1148 382 683 172 1028 680 283 261 209 2269 635 364 452
videos.hw01/01_frame/734.jpg 1462 1154 907 1046 1499 767 190 1440 3433 1193 140 1130 1769 1037 1919 635
videos.hw01/01_frame/735.jpg 1051 2340 2611 292 1664 701 774 288 2207 3824 166 1872 470 2742 260 1746
videos.hw01/01_frame/736.jpg 966 1742 333 82 997 430 168 792 1593 929 42 816 1136 560 292 104
videos.hw01/01_frame/737.jpg 1087 1339 298 268 2393 1745 870 1430 6118 1695 1271 788 4085 5620 271 954
videos.hw01/01_frame/738.jpg 1418 460 588 118 342 649 298 2718 5020 1298 107 110 2381 1960 251 584
videos.hw01/01_frame/739.jpg 0 44 12 87 0 48 46 180 0 262 8 61 0 417 51 9
videos.hw01/01_frame/740.jpg 1258 499 5155 1591 1479 1928 517 4460 3172 1080 625 83 730 1347 423 1127
videos.hw01/01_frame/741.jpg 1630 2735 1031 1912 5254 1156 1039 9594 4125 1702 224 2347 2053 1489 1546 1523
videos.hw01/01_frame/742.jpg 1709 2182 2054 1136 1739 1395 3368 1292 2958 1211 592 1120 2041 1936 691 1529
videos.hw01/01_frame/743.jpg 76 0 24 8 52 8 18 34 352 37 6 0 122 0 6 0
videos.hw01/01_frame/744.jpg 1791 2331 564 776 2705 1508 333 9094 1640 1616 1308 1972 1239 1945 277 1363
videos.hw01/01_frame/745.jpg 1913 1324 5552 600 2816 3560 1563 9438 5909 1829 523 1458 4836 3541 364 1786
videos.hw01/01_frame/746.jpg 2235 224 1022 588 2949 1493 402 1112 433 2922 177 417 1242 1263 1009 1120
videos.hw01/01_frame/747.jpg 3580 552 127 768 2690 1512 402 764 3818 1952 209 538 1187 3720 1878 514
videos.hw01/01_frame/748.jpg 531 3318 513 416 1771 632 618 1750 1902 2325 237 399 1847 1917 692 1084
videos.hw01/01_frame/749.jpg 597 1018 971 642 2610 1467 147 142 2135 974 703 1581 1690 3461 293 422
videos.hw01/01_frame/750.jpg 803 782 1910 1976 1970 1828 560 800 2188 3892 1017 1325 1968 1000 874 839
videos.hw01/01_frame/751.jpg 0 22 60 216 0 241 4 528 18 1677 187 199 0 137 83 140
videos.hw01/01_frame/752.jpg 940 1197 131 1894 2121 2270 706 450 1377 1515 601 3369 362 1463 363 669
videos.hw01/01_frame/753.jpg 1818 2854 3755 1178 2335 2384 420 2172 3238 2545 1008 1414 2339 1678 830 2228
videos.hw01/01_frame/754.jpg 1636 698 291 60 1143 961 806 1192 1572 1536 1860 1488 498 785 565 283
videos.hw01/01_frame/755.jpg 903 2467 2828 1170 1533 3304 153 1596 3499 4695 341 1306 3348 2256 452 279
videos.hw01/01_frame/756.jpg 1605 305 756 318 1179 1500 1010 1512 1175 1219 2487 1564 1731 9232 5689 1268
videos.hw01/01_frame/757.jpg 400 335 1064 1440 287 269 770 672 1954 394 300 1080 302 116 401 99
videos.hw01/01_frame/758.jpg 2212 828 633 176 1663 2456 4087 786 4293 3486 387 1413 1333 3149 1191 347
videos.hw01/01_frame/759.jpg 458 1629 251 57 545 137 1210 1110 988 948 154 1056 214 1653 337 639
videos.hw01/01_frame/760.jpg 1760 404 511 1042 2369 873 2502 828 3023 1120 259 1444 642 1343 601 701
videos.hw01/01_frame/761.jpg 1218 3468 269 1456 1104 971 1060 658 2059 2556 590 3187 2334 2105 197 545
videos.hw01/01_frame/762.jpg 5278 2509 859 9071 3371 2060 3562 1862 7755 4154 2654 1191 3442 1926 1977 1634
videos.hw01/01_frame/763.jpg 268 393 28 910 478 572 842 390 94 1081 94 779 28 84 70 310
videos.hw01/01_frame/764.jpg 284 94 112 54 1034 491 157 420 2794 539 105 685 1508 133 250 162
videos.hw01/01_frame/765.jpg 2268 3435 4109 1320 1526 1880 912 4200 2632 6767 5101 1115 2282 2570 1027 2137
videos.hw01/01_frame/766.jpg 2532 383 862 517 3105 1198 2064 3429 997 5153 146 1366 1372 2576 764 234
videos.hw01/01_frame/767.jpg 76 254 0 8 95 61 10 36 698 124 0 0 478 28 2 11
videos.hw01/01_frame/768.jpg 924 482 2308 42 1552 1508 122 6995 4655 1976 218 2250 1320 634 409 1699
videos.hw01/01_frame/769.jpg 4728132 8491019 4257782 4155449 1768107 2771757 10518325 5990675 6176179 8548241 14547794 5394767 4669963 6839710 3360213 396032
videos.hw01/01_frame/770.jpg 5282 3702 1118 10367 2894 9959 601 1368 896 2772 193 397 364 1344 676 248
videos.hw01/01_frame/771.jpg 568 3246 549 4364 2656 9127 836 2469 860 624 69 342 132 616 488 36
videos.hw01/01_frame/772.jpg 8390 964 3472 3905 1702 6023 1540 9148 2840 2066 756 381 286 656 1896 813
videos.hw01/01_frame/773.jpg 90 188 3575 3927 376 2061 886 2103 296 159 240 424 326 192 1016 6
videos.hw01/01_frame/774.jpg 56 1144 3048 4061 1322 4916 2122 7076 288 3833 442 2228 6728 2066 2164 1501
videos.hw01/01_frame/775.jpg 146 100 1162 385 76 210 475 641 38 122 20 54 34 62 186 28
videos.hw01/01_frame/776.jpg 32 264 4121 4110 198 5013 5235 3828 248 1681 240 815 436 314 836 239
videos.hw01/01_frame/777.jpg 1636 4372 22737 22864 15194 8594 29222 28591 4486 3853 2250 2750 2048 6340 4696 1639
videos.hw01/01_frame/778.jpg 70 114 4324 6727 3452 3593 12870 10892 1608 1754 678 247 564 1972 266 361
videos.hw01/01_frame/779.jpg 2076 526 12580 6508 4916 8199 14362 4181 2714 36858 512 503 70 304 970 134
videos.hw01/01_frame/780.jpg 3008 1084 8360 10852 4928 10761 10771 12523 1506 8168 1015 422 352 1418 1100 167
videos.hw01/01_frame/781.jpg 2374 332 6841 12916 3314 5963 13182 3995 758 1485 283 893 1422 566 380 442
videos.hw01/01_frame/782.jpg 500 1026 4754 7719 1510 6865 17702 14199 590 1550 525 610 0 90 180 0
videos.hw01/01_frame/783.jpg 882 246 3507 3456 942 3273 6109 1760 336 3925 721 291 1784 974 4840 26
videos.hw01/01_frame/784.jpg 2152 3648 3529 2860 2038 4894 7497 1986 1000 5759 896 824 8 0 3248 1459
videos.hw01/01_frame/785.jpg 348 1756 6106 1048 682 8919 29536 18195 662 4547 2815 4423 2458 598 722 783
videos.hw01/01_frame/786.jpg 740 512 4496 886 2144 4443 12935 1386 384 2106 1694 2219 1452 424 1014 1122
videos.hw01/01_frame/787.jpg 3522 5032 2132 693 198 3008 570 194 1238 2239 237 702 1694 2216 2856 903
videos.hw01/01_frame/788.jpg 620 918 3214 3194 3268 26646 21863 7239 2062 1197 2654 3907 888 3290 1926 386
videos.hw01/01_frame/789.jpg 1344 2754 10829 5366 7476 25302 7695 8062 1448 4441 2190 2192 702 860 11756 144
videos.hw01/01_frame/790.jpg 580 1282 4568 4430 1186 3236 11887 3048 796 3171 699 381 344 38 2376 646
videos.hw01/01_frame/791.jpg 716 140 11319 8521 1010 3373 39235 55738 730 2385 1727 1136 484 2 738 1030
videos.hw01/01_frame/792.jpg 206 98 36029 20118 1250 2369 39441 49599 158 2623 595 1505 410 18 370 140
videos.hw01/01_frame/793.jpg 2206 3982 18529 27652 6174 3328 10984 120526 322 1482 1069 26807 954 752 456 176
videos.hw01/01_frame/794.jpg 214 506 22884 15038 4718 4455 38836 16509 680 3687 1222 1496 54 182 934 118
videos.hw01/01_frame/795.jpg 56 64 5419 3575 5950 8730 4051 1759 1186 13959 523 440 8 120 388 464
videos.hw01/01_frame/796.jpg 170 376 8159 2696 3492 8142 3413 1352 792 2994 419 237 364 1142 918 527
videos.hw01/01_frame/797.jpg 28 62 22566 8796 1256 4275 7407 11671 1096 712 474 547 98 668 638 1336
videos.hw01/01_frame/798.jpg 12 78 12628 8366 1320 6273 5438 6294 346 1544 503 1194 1192 78 2014 687
videos.hw01/01_frame/799.jpg 12 36 470 196 26 74 230 102 46 92 32 52 246 894 128 87
videos.hw01/01_frame/800.jpg 2 326 9588 11049 3204 6258 15945 7304 2292 1726 1640 2152 2 0 796 676
videos.hw01/01_frame/801.jpg 348 1374 9032 10653 16602 10737 24116 20196 2812 5757 888 16326 364 818 4948 1832
videos.hw01/01_frame/802.jpg 518 30 4956 2458 2968 6786 6151 1417 1226 6186 516 2805 10 0 1172 30
videos.hw01/01_frame/803.jpg 2402 828 4270 2153 1736 1972 4597 3321 410 3202 1572 346 34 428 1962 151
videos.hw01/01_frame/804.jpg 2182 2062 13268 4498 1728 12386 6068 2401 2000 1913 891 97 766 2676 3626 1894
videos.hw01/01_frame/805.jpg 832 470 8300 2685 2570 37940 11974 5038 1542 3489 807 2248 3134 9516 1614 250
videos.hw01/01_frame/806.jpg 1250 48 14397 9853 2976 6292 24903 83687 428 1745 2493 1027 616 1964 1952 402
videos.hw01/01_frame/807.jpg 3704 232 15202 10914 1096 7389 33738 3868 84 4234 1595 1437 174 802 3782 620
videos.hw01/01_frame/808.jpg 1754 2708 34682 5461 10154 6881 2566 1395 1316 2898 3069 406 1632 2736 3584 2251
videos.hw01/01_frame/809.jpg 462 296 17515 8031 798 3622 1463 1127 454 569 494 1227 60 986 666 448
videos.hw01/01_frame/810.jpg 18 1154 8616 9335 1912 13598 19189 8287 232 2951 1043 3632 514 1060 2186 1611
videos.hw01/01_frame/811.jpg 56 878 216 111 160 400 681 322 176 238 46 65 620 854 996 330
videos.hw01/01_frame/812.jpg 152 898 13247 8658 1808 14772 38406 16196 148 1539 623 2756 946 512 810 598
videos.hw01/01_frame/813.jpg 374 1616 21791 27625 6594 19016 169721 79125 2998 6390 6618 15597 810 4518 8838 3983
videos.hw01/01_frame/814.jpg 1202 136 9926 3600 2502 9247 17943 12224 998 3313 666 39 250 1748 784 135
videos.hw01/01_frame/815.jpg 72 980 19620 12629 4124 5023 33303 36522 168 1989 971 1668 62 2420 4802 502
videos.hw01/01_frame/816.jpg 52 920 33180 6314 1282 10268 19972 37206 1110 3248 821 246 58 340 2192 2248
videos.hw01/01_frame/817.jpg 1186 416 40786 10409 3362 14956 84147 72997 330 3113 6692 340 634 138 1918 1198
videos.hw01/01_frame/818.jpg 18 104 47735 50138 4652 14130 128007 116426 140 2285 1772 322 122 1072 1816 813
videos.hw01/01_frame/819.jpg 18 164 4697 98888 4208 21402 20571 84701 128 3326 2635 392 392 962 2568 1825
videos.hw01/01_frame/820.jpg 18 418 5562 117076 1982 12648 11291 382299 542 10000 4264 126 234 668 4532 614
videos.hw01/01_frame/821.jpg 0 382 5138 12758 4372 25406 9526 163627 842 5150 5235 121 784 232 4618 1612
videos.hw01/01_frame/822.jpg 1352 722 9157 21813 9800 23306 14462 2283 682 7476 3106 121 188 416 4816 10228
videos.hw01/01_frame/823.jpg 2696 11018 3270 932 352 812 140 271 438 2524 209 1009 2490 782 1424 1873
videos.hw01/01_frame/824.jpg 90 8260 7042 4800 14538 58476 13200 13282 484 7604 2763 3858 96 1350 4388 1228
videos.hw01/01_frame/825.jpg 2442 2884 4670 1273 27986 79534 16721 14184 1374 5870 4187 3035 1690 12400 3324 2197
videos.hw01/01_frame/826.jpg 2036 920 1132 20005 33608 47596 14789 2450 204 4836 13844 53 1174 1672 7428 1578
videos.hw01/01_frame/827.jpg 142 664 190 315 196 1246 658 235 74 586 124 60 522 8 722 4074
videos.hw01/01_frame/828.jpg 142 2 180 234 20 50 554 1152 2 338 1008 46 0 1376 980 792
