videos.hw01/01_frame/0.jpg 0 0 0 0 0 0 0 0 0 0 0 0 0 0 0 0
videos.hw01/01_frame/1.jpg 186 199 232 196 116 230 201 181 130 370 282 108 150 188 206 101
videos.hw01/01_frame/2.jpg 84 82 112 80 40 134 112 116 42 296 212 165 22 101 120 73
videos.hw01/01_frame/3.jpg 92 210 147 127 86 193 161 100 92 305 196 174 80 165 144 108
videos.hw01/01_frame/4.jpg 114 115 183 71 90 188 141 123 146 343 168 78 80 131 86 103
videos.hw01/01_frame/5.jpg 148 125 132 88 50 195 182 125 56 206 202 101 160 170 96 64
videos.hw01/01_frame/6.jpg 66 246 246 137 54 206 115 136 88 259 160 82 110 162 166 141
videos.hw01/01_frame/7.jpg 56 103 26 24 50 105 43 32 66 90 70 56 58 95 28 36
videos.hw01/01_frame/8.jpg 122 159 193 138 86 176 121 107 120 275 176 64 74 120 168 53
videos.hw01/01_frame/9.jpg 160 150 278 204 156 268 233 202 134 234 227 122 144 157 324 81
videos.hw01/01_frame/10.jpg 92 112 134 141 92 170 120 120 122 269 167 146 108 109 118 82
videos.hw01/01_frame/11.jpg 160 262 214 145 184 276 193 120 124 301 160 131 112 178 146 151
videos.hw01/01_frame/12.jpg 8 28 14 0 22 86 12 0 8 88 16 18 20 51 0 12
videos.hw01/01_frame/13.jpg 74 123 143 123 82 127 148 157 42 243 118 100 78 109 122 48
videos.hw01/01_frame/14.jpg 238 258 226 184 112 427 271 170 82 268 249 205 160 170 166 99
videos.hw01/01_frame/15.jpg 100 169 106 121 86 195 129 146 112 169 105 83 154 148 66 42
videos.hw01/01_frame/16.jpg 148 93 167 107 50 174 142 134 58 161 152 88 134 101 34 64
videos.hw01/01_frame/17.jpg 158 232 160 149 84 221 189 228 122 264 169 63 102 183 90 56
videos.hw01/01_frame/18.jpg 122 139 208 93 66 243 127 109 130 246 227 151 103 137 178 172
videos.hw01/01_frame/19.jpg 102 60 81 54 74 174 79 68 56 97 130 76 26 147 92 68
videos.hw01/01_frame/20.jpg 122 207 150 98 24 144 99 108 90 152 143 77 32 241 76 44
videos.hw01/01_frame/21.jpg 222 256 205 145 80 358 169 236 128 301 239 122 111 246 136 112
videos.hw01/01_frame/22.jpg 62 158 57 86 34 103 106 119 72 138 132 74 124 119 110 37
videos.hw01/01_frame/23.jpg 178 244 165 236 126 297 214 182 142 344 140 130 153 172 150 92
videos.hw01/01_frame/24.jpg 90 173 104 40 32 196 95 101 52 133 112 74 73 103 94 65
videos.hw01/01_frame/25.jpg 102 197 357 164 64 230 142 182 136 198 127 94 166 182 132 85
videos.hw01/01_frame/26.jpg 88 161 217 126 116 246 124 127 72 150 184 108 130 261 142 76
videos.hw01/01_frame/27.jpg 68 0 24 4 26 72 72 38 74 205 132 50 60 134 64 49
videos.hw01/01_frame/28.jpg 190 161 153 147 120 263 132 130 144 312 194 115 134 154 258 153
videos.hw01/01_frame/29.jpg 114 71 19 21 22 124 9 59 54 174 88 64 76 111 102 66
videos.hw01/01_frame/30.jpg 82 123 139 134 48 144 59 55 44 190 235 100 133 195 208 105
videos.hw01/01_frame/31.jpg 28 25 38 33 54 108 18 37 38 193 97 40 36 62 74 20
videos.hw01/01_frame/32.jpg 76 186 203 86 16 133 61 86 66 145 97 83 82 166 118 87
videos.hw01/01_frame/33.jpg 104 191 163 226 100 223 142 80 110 245 226 97 113 247 226 192
videos.hw01/01_frame/34.jpg 96 83 97 64 10 90 45 15 104 152 144 106 102 155 126 156
videos.hw01/01_frame/35.jpg 138 235 211 74 48 112 154 81 100 230 167 102 80 194 116 102
videos.hw01/01_frame/36.jpg 88 150 178 166 42 150 96 69 78 184 115 101 105 257 182 142
videos.hw01/01_frame/37.jpg 128 188 249 107 130 173 154 133 126 135 356 122 165 316 176 167
videos.hw01/01_frame/38.jpg 148 123 244 123 76 173 90 105 54 149 144 126 120 198 208 195
videos.hw01/01_frame/39.jpg 28 41 0 32 22 40 0 14 50 102 0 4 104 74 20 49
videos.hw01/01_frame/40.jpg 120 42 72 72 50 58 84 83 136 129 124 105 110 158 103 102
videos.hw01/01_frame/41.jpg 190 241 296 202 130 294 116 130 224 242 250 128 102 214 275 167
videos.hw01/01_frame/42.jpg 44 93 96 45 12 121 33 52 44 125 138 89 76 255 234 141
videos.hw01/01_frame/43.jpg 6 81 68 51 6 121 33 52 62 78 16 41 74 84 90 58
videos.hw01/01_frame/44.jpg 36 93 154 82 16 68 65 63 38 203 194 86 135 205 170 82
videos.hw01/01_frame/45.jpg 148 254 217 177 108 223 119 119 48 312 232 166 91 240 268 241
videos.hw01/01_frame/46.jpg 52 182 225 89 58 119 134 67 74 207 182 76 106 282 285 101
videos.hw01/01_frame/47.jpg 48 128 263 67 132 208 153 124 116 203 200 71 114 300 191 54
videos.hw01/01_frame/48.jpg 104 132 106 126 88 210 100 99 146 219 146 112 64 178 154 118
videos.hw01/01_frame/49.jpg 134 198 249 220 76 196 132 164 118 222 288 184 136 186 119 218
videos.hw01/01_frame/50.jpg 122 233 197 86 80 192 88 122 26 220 112 150 116 231 229 208
videos.hw01/01_frame/51.jpg 86 251 228 171 124 191 163 99 46 172 234 153 112 203 205 136
videos.hw01/01_frame/52.jpg 206 214 166 132 80 286 200 214 72 232 282 126 68 273 139 160
videos.hw01/01_frame/53.jpg 136 292 121 179 62 215 110 119 96 306 326 123 92 217 202 126
videos.hw01/01_frame/54.jpg 24 24 0 28 60 58 0 26 46 72 32 20 30 77 6 44
videos.hw01/01_frame/55.jpg 124 185 172 68 196 214 248 114 22 240 176 89 86 288 148 129
videos.hw01/01_frame/56.jpg 152 260 174 198 146 240 286 232 76 312 231 142 124 215 307 183
videos.hw01/01_frame/57.jpg 174 200 172 165 172 207 141 105 136 258 218 118 128 276 187 150
videos.hw01/01_frame/58.jpg 160 210 224 221 114 316 231 181 122 320 248 192 133 240 219 272
videos.hw01/01_frame/59.jpg 152 250 198 238 146 319 188 219 106 280 217 167 86 157 154 127
videos.hw01/01_frame/60.jpg 148 146 221 178 72 328 116 100 118 212 210 77 119 278 228 198
videos.hw01/01_frame/61.jpg 154 135 144 126 82 246 150 118 150 178 314 104 176 360 157 160
videos.hw01/01_frame/62.jpg 130 199 163 99 144 214 136 150 74 170 200 119 91 265 195 190
videos.hw01/01_frame/63.jpg 150 213 103 134 108 196 219 128 100 154 388 197 79 295 204 179
videos.hw01/01_frame/64.jpg 118 193 153 35 102 90 34 26 120 270 222 118 65 209 255 92
videos.hw01/01_frame/65.jpg 166 273 390 211 254 314 197 147 114 524 293 194 137 232 324 189
videos.hw01/01_frame/66.jpg 44 42 18 38 24 86 24 40 40 42 62 51 14 103 20 48
videos.hw01/01_frame/67.jpg 346 241 235 120 58 236 313 214 116 138 167 138 108 220 198 290
videos.hw01/01_frame/68.jpg 5662 6870 5989 4098 3962 5906 6761 5503 2080 4654 6934 4341 1746 6233 4250 1781
videos.hw01/01_frame/69.jpg 480 466 567 213 300 529 321 340 284 423 356 400 352 220 348 386
videos.hw01/01_frame/70.jpg 92 156 268 166 190 487 245 242 390 281 193 208 134 126 176 150
videos.hw01/01_frame/71.jpg 58 218 498 298 136 295 267 216 208 380 208 217 32 78 198 165
videos.hw01/01_frame/72.jpg 42 106 296 182 190 459 298 271 304 366 158 198 26 66 276 128
videos.hw01/01_frame/73.jpg 108 246 315 183 260 421 373 248 212 280 330 307 86 196 196 155
videos.hw01/01_frame/74.jpg 88 124 220 290 236 392 330 268 318 326 257 205 92 138 246 180
videos.hw01/01_frame/75.jpg 92 86 295 245 188 312 299 280 294 302 187 170 34 110 210 155
videos.hw01/01_frame/76.jpg 96 248 342 190 206 362 281 271 308 439 234 188 88 122 256 260
videos.hw01/01_frame/77.jpg 46 266 324 208 222 386 305 335 206 293 154 117 100 88 214 127
videos.hw01/01_frame/78.jpg 88 100 363 162 336 485 273 206 249 390 188 173 84 92 324 211
videos.hw01/01_frame/79.jpg 8 22 0 0 22 68 78 54 34 44 45 18 0 22 76 10
videos.hw01/01_frame/80.jpg 38 150 198 138 278 474 359 231 231 555 185 214 30 154 244 194
videos.hw01/01_frame/81.jpg 232 226 330 402 350 875 450 824 330 967 246 117 168 104 482 295
videos.hw01/01_frame/82.jpg 268 126 188 190 374 737 264 775 196 590 165 107 102 132 260 310
videos.hw01/01_frame/83.jpg 120 140 288 242 166 434 249 676 136 392 207 83 26 108 344 138
videos.hw01/01_frame/84.jpg 210 264 292 382 366 374 349 644 236 388 227 190 114 184 344 242
videos.hw01/01_frame/85.jpg 112 222 342 272 174 373 294 592 152 242 260 349 66 112 250 132
videos.hw01/01_frame/86.jpg 64 252 228 284 332 261 202 423 158 256 156 106 102 148 188 328
videos.hw01/01_frame/87.jpg 146 116 403 286 326 302 446 829 170 352 170 112 92 196 212 260
videos.hw01/01_frame/88.jpg 184 188 308 298 408 482 308 716 248 324 264 254 192 124 294 257
videos.hw01/01_frame/89.jpg 42 142 226 274 266 440 214 699 164 360 188 100 92 80 178 144
videos.hw01/01_frame/90.jpg 124 118 259 216 284 556 184 417 156 240 224 304 150 86 280 255
videos.hw01/01_frame/91.jpg 14 0 58 66 68 82 75 106 42 48 32 6 42 10 26 0
videos.hw01/01_frame/92.jpg 74 108 202 258 258 496 228 614 56 150 122 204 112 112 154 192
videos.hw01/01_frame/93.jpg 94 220 334 253 336 1319 454 574 242 168 216 361 130 220 208 222
videos.hw01/01_frame/94.jpg 108 252 310 142 280 514 320 503 128 172 224 103 126 168 172 305
videos.hw01/01_frame/95.jpg 234 152 200 212 288 431 255 392 96 268 144 268 124 162 262 196
videos.hw01/01_frame/96.jpg 90 392 234 264 194 504 232 775 178 164 266 275 106 114 204 228
videos.hw01/01_frame/97.jpg 118 278 184 182 160 443 223 290 102 226 166 82 58 154 130 90
videos.hw01/01_frame/98.jpg 110 384 240 59 226 421 209 171 120 294 138 36 138 138 238 185
videos.hw01/01_frame/99.jpg 96 314 224 185 206 398 220 299 136 106 194 54 156 198 158 281
videos.hw01/01_frame/100.jpg 128 284 218 91 216 664 249 237 88 94 108 86 70 138 122 204
videos.hw01/01_frame/101.jpg 156 330 166 126 210 466 241 331 66 154 96 43 34 140 158 182
videos.hw01/01_frame/102.jpg 166 312 214 182 236 426 331 222 100 118 166 70 168 156 188 266
videos.hw01/01_frame/103.jpg 66 124 128 76 40 366 85 56 40 104 84 10 34 80 104 83
videos.hw01/01_frame/104.jpg 174 242 184 181 98 538 198 354 104 336 96 175 154 156 252 205
videos.hw01/01_frame/105.jpg 108 256 282 268 208 739 228 191 146 166 300 40 120 198 244 235
videos.hw01/01_frame/106.jpg 140 218 272 268 130 487 256 211 94 348 162 35 156 116 348 207
videos.hw01/01_frame/107.jpg 170 210 320 143 118 594 251 263 90 232 200 47 130 62 188 131
videos.hw01/01_frame/108.jpg 84 182 304 204 214 318 199 544 124 212 196 69 86 186 246 232
videos.hw01/01_frame/109.jpg 90 212 282 186 182 244 218 391 130 182 168 46 112 210 212 161
videos.hw01/01_frame/110.jpg 118 158 309 178 152 497 305 593 76 244 130 174 90 200 168 188
videos.hw01/01_frame/111.jpg 108 206 206 164 236 384 158 178 26 170 160 30 68 124 148 130
videos.hw01/01_frame/112.jpg 110 220 266 178 312 651 192 296 62 180 184 86 58 180 146 147
videos.hw01/01_frame/113.jpg 60 146 177 184 246 256 198 190 22 156 220 99 28 20 182 188
videos.hw01/01_frame/114.jpg 34 266 199 165 246 296 226 190 96 162 166 60 134 128 148 133
videos.hw01/01_frame/115.jpg 0 12 0 0 0 4 0 0 0 42 0 0 4 12 0 0
videos.hw01/01_frame/116.jpg 164 132 228 107 270 287 262 184 24 98 151 101 22 86 186 140
videos.hw01/01_frame/117.jpg 70 134 252 310 242 498 352 346 54 292 163 109 226 100 288 230
videos.hw01/01_frame/118.jpg 80 76 240 175 216 623 231 442 100 191 178 26 94 92 172 130
videos.hw01/01_frame/119.jpg 4 58 191 223 186 374 185 414 62 127 120 43 32 50 162 130
videos.hw01/01_frame/120.jpg 16 268 446 153 192 447 246 310 144 363 164 63 38 298 868 152
videos.hw01/01_frame/121.jpg 0 18 86 15 50 221 144 107 12 94 27 4 0 16 54 68
videos.hw01/01_frame/122.jpg 126 204 282 167 170 404 436 413 98 171 128 72 136 86 304 165
videos.hw01/01_frame/123.jpg 5621 7813 5642 3873 3724 6444 5838 6488 6122 7374 6771 4822 6378 7714 6413 1895
videos.hw01/01_frame/124.jpg 45 61 171 28 76 211 136 92 8 116 237 99 43 147 123 70
videos.hw01/01_frame/125.jpg 119 152 129 100 121 120 118 80 40 135 124 79 43 169 181 48
videos.hw01/01_frame/126.jpg 48 77 46 86 79 81 166 60 26 129 125 46 24 98 79 14
videos.hw01/01_frame/127.jpg 0 38 52 0 4 42 38 24 0 85 75 26 5 15 12 30
videos.hw01/01_frame/128.jpg 29 36 180 18 54 74 234 86 40 127 110 48 24 109 93 60
videos.hw01/01_frame/129.jpg 128 90 188 110 158 141 150 212 42 224 230 103 49 117 92 64
videos.hw01/01_frame/130.jpg 48 136 160 37 95 162 72 94 110 222 129 56 54 182 81 74
videos.hw01/01_frame/131.jpg 23 96 81 46 58 96 60 78 82 140 201 85 42 108 110 16
videos.hw01/01_frame/132.jpg 71 85 152 64 67 114 98 62 36 151 131 87 30 153 183 37
videos.hw01/01_frame/133.jpg 97 78 47 74 46 149 176 130 48 121 108 84 55 123 90 39
videos.hw01/01_frame/134.jpg 32 82 47 50 76 108 124 62 42 130 126 63 24 41 90 29
videos.hw01/01_frame/135.jpg 0 34 42 12 6 59 14 10 10 61 39 26 4 59 17 35
videos.hw01/01_frame/136.jpg 57 139 49 42 58 51 78 72 72 106 198 44 18 75 83 30
videos.hw01/01_frame/137.jpg 138 185 130 163 121 138 226 78 74 254 235 95 66 102 216 73
videos.hw01/01_frame/138.jpg 96 97 35 74 82 215 46 36 28 29 33 12 12 23 39 2
videos.hw01/01_frame/139.jpg 37 38 53 12 28 62 56 6 36 144 64 12 19 52 55 2
videos.hw01/01_frame/140.jpg 90 157 94 28 103 142 130 36 34 191 49 28 35 78 35 0
videos.hw01/01_frame/141.jpg 101 107 95 48 134 153 236 68 104 143 155 52 32 131 125 89
videos.hw01/01_frame/142.jpg 32 69 70 96 71 118 174 50 34 118 126 41 34 88 95 28
videos.hw01/01_frame/143.jpg 21 106 48 100 67 128 106 70 102 138 99 64 18 121 73 59
videos.hw01/01_frame/144.jpg 74 89 66 36 45 57 64 6 30 37 80 48 2 49 22 43
videos.hw01/01_frame/145.jpg 38 83 84 34 168 171 70 36 34 145 128 96 36 80 87 26
videos.hw01/01_frame/146.jpg 82 53 97 48 45 154 16 26 80 136 108 38 13 120 143 36
videos.hw01/01_frame/147.jpg 63 100 79 102 69 186 22 90 52 136 161 47 94 99 108 65
videos.hw01/01_frame/148.jpg 51 101 99 44 90 239 32 136 64 103 108 44 38 87 206 44
videos.hw01/01_frame/149.jpg 45 160 54 62 34 124 124 104 38 133 95 24 44 106 72 26
videos.hw01/01_frame/150.jpg 44 87 77 82 68 76 80 60 39 135 109 58 26 114 85 52
videos.hw01/01_frame/151.jpg 0 38 47 16 4 52 44 42 14 65 55 21 12 53 32 24
videos.hw01/01_frame/152.jpg 59 164 117 44 48 172 78 52 116 121 144 77 28 86 81 29
videos.hw01/01_frame/153.jpg 42 189 138 48 98 151 56 104 140 131 263 107 36 115 83 46
videos.hw01/01_frame/154.jpg 80 118 67 68 112 202 102 20 28 114 169 75 26 101 97 49
videos.hw01/01_frame/155.jpg 44 125 75 78 92 113 90 30 46 231 122 86 6 128 102 12
videos.hw01/01_frame/156.jpg 0 32 35 2 0 34 52 32 6 36 43 35 0 42 24 16
videos.hw01/01_frame/157.jpg 104 178 114 58 139 261 144 76 49 180 158 84 24 84 92 31
videos.hw01/01_frame/158.jpg 97 212 193 170 66 279 200 104 32 113 174 118 21 133 94 37
videos.hw01/01_frame/159.jpg 63 97 228 387 102 103 478 290 139 178 227 190 43 155 172 63
videos.hw01/01_frame/160.jpg 14 30 75 98 68 157 64 62 4 29 98 64 2 4 44 31
videos.hw01/01_frame/161.jpg 28 28 26 54 64 105 48 22 40 89 94 78 22 85 107 20
videos.hw01/01_frame/162.jpg 6 38 45 102 106 125 110 52 8 126 141 59 29 121 102 80
videos.hw01/01_frame/163.jpg 46 100 45 34 47 116 104 106 108 79 224 129 35 120 191 42
videos.hw01/01_frame/164.jpg 44 61 84 98 93 199 124 90 21 119 253 121 34 52 64 137
videos.hw01/01_frame/165.jpg 54 93 71 96 72 158 88 22 59 123 199 70 36 121 91 33
videos.hw01/01_frame/166.jpg 88 127 118 82 51 287 74 54 55 132 136 73 22 142 175 42
videos.hw01/01_frame/167.jpg 118 98 61 35 57 141 106 44 14 85 150 67 34 56 94 17
videos.hw01/01_frame/168.jpg 43 89 77 71 20 30 24 36 36 68 109 76 24 35 68 24
videos.hw01/01_frame/169.jpg 78 80 48 43 42 119 54 18 36 177 94 51 30 82 85 60
videos.hw01/01_frame/170.jpg 40 40 40 58 60 164 60 46 27 156 174 122 30 94 95 48
videos.hw01/01_frame/171.jpg 24 23 63 30 61 48 22 76 31 94 96 48 16 71 104 44
videos.hw01/01_frame/172.jpg 36 83 33 44 111 96 102 48 40 155 101 40 20 60 140 13
videos.hw01/01_frame/173.jpg 43 81 16 52 84 90 76 66 30 117 104 48 30 105 111 32
videos.hw01/01_frame/174.jpg 38 53 45 54 50 105 86 98 33 174 185 74 30 82 161 12
videos.hw01/01_frame/175.jpg 0 43 4 16 16 67 18 30 0 50 60 16 8 44 41 22
videos.hw01/01_frame/176.jpg 60 77 93 44 81 177 112 22 49 183 190 42 26 160 158 18
videos.hw01/01_frame/177.jpg 2599 2393 4615 1601 3979 882 3927 1910 4992 1672 3755 1215 5624 900 4452 1021
videos.hw01/01_frame/178.jpg 137 214 114 87 258 141 86 174 255 266 84 66 128 144 39 107
videos.hw01/01_frame/179.jpg 72 74 21 65 46 124 60 38 68 55 43 45 85 66 22 14
videos.hw01/01_frame/180.jpg 54 136 33 33 38 83 46 102 62 108 61 17 71 113 16 16
videos.hw01/01_frame/181.jpg 114 133 161 86 116 180 90 92 106 228 89 109 137 61 93 40
videos.hw01/01_frame/182.jpg 106 80 33 63 114 90 45 40 80 66 71 16 77 35 23 32
videos.hw01/01_frame/183.jpg 76 114 129 51 91 27 80 40 123 107 58 40 72 97 48 40
videos.hw01/01_frame/184.jpg 114 122 51 63 151 152 72 90 102 178 74 63 123 147 46 38
videos.hw01/01_frame/185.jpg 146 114 133 66 155 225 64 58 222 147 100 121 82 163 89 32
videos.hw01/01_frame/186.jpg 32 54 25 22 34 42 41 40 8 60 41 47 32 29 33 12
videos.hw01/01_frame/187.jpg 2 65 12 15 12 54 12 26 60 45 43 6 24 19 35 16
videos.hw01/01_frame/188.jpg 135 173 72 95 205 190 196 84 144 202 41 86 122 95 109 26
videos.hw01/01_frame/189.jpg 106 198 54 88 99 79 101 86 85 142 93 34 111 104 54 56
videos.hw01/01_frame/190.jpg 132 234 105 133 148 112 130 127 161 266 78 55 162 220 38 51
videos.hw01/01_frame/191.jpg 184 208 54 84 181 147 50 43 206 169 169 35 246 212 85 30
videos.hw01/01_frame/192.jpg 159 191 137 79 150 127 69 98 170 140 71 51 160 164 48 77
videos.hw01/01_frame/193.jpg 128 104 87 71 131 139 64 68 140 203 55 118 96 183 51 45
videos.hw01/01_frame/194.jpg 206 178 63 98 172 162 72 106 159 293 101 62 141 144 27 33
videos.hw01/01_frame/195.jpg 200 141 49 100 121 207 70 94 111 190 80 87 151 183 45 59
videos.hw01/01_frame/196.jpg 99 99 70 86 69 122 60 18 52 130 90 60 132 141 46 28
videos.hw01/01_frame/197.jpg 166 189 94 45 147 117 115 26 123 157 80 65 114 157 57 110
videos.hw01/01_frame/198.jpg 122 142 91 63 57 125 74 66 133 110 71 113 83 161 42 30
videos.hw01/01_frame/199.jpg 8 83 14 56 12 76 18 34 34 52 34 33 18 58 12 10
videos.hw01/01_frame/200.jpg 103 101 84 100 152 53 88 28 106 83 38 65 100 135 82 22
videos.hw01/01_frame/201.jpg 244 203 102 106 193 155 97 64 171 241 64 134 133 133 35 54
videos.hw01/01_frame/202.jpg 247 107 36 60 182 170 224 50 150 127 137 70 160 193 41 52
videos.hw01/01_frame/203.jpg 132 126 164 125 137 128 128 152 115 162 161 42 152 179 99 50
videos.hw01/01_frame/204.jpg 22 72 28 86 6 85 38 102 0 2 24 62 14 52 28 20
videos.hw01/01_frame/205.jpg 162 137 64 74 196 144 104 34 185 156 49 61 220 95 51 51
videos.hw01/01_frame/206.jpg 29 82 20 61 57 76 72 30 75 51 34 6 82 74 10 29
videos.hw01/01_frame/207.jpg 118 100 50 151 127 126 171 52 192 148 100 40 119 88 28 23
videos.hw01/01_frame/208.jpg 42 98 36 24 53 91 49 88 72 69 51 34 56 93 48 13
videos.hw01/01_frame/209.jpg 154 152 46 98 120 168 64 84 179 135 174 46 137 107 15 15
videos.hw01/01_frame/210.jpg 200 197 44 91 183 173 197 78 294 216 82 54 215 162 75 16
videos.hw01/01_frame/211.jpg 80 63 10 32 85 85 23 8 86 89 26 26 93 72 12 12
videos.hw01/01_frame/212.jpg 55 77 31 47 92 64 15 54 72 109 62 31 129 129 8 32
videos.hw01/01_frame/213.jpg 188 183 49 93 200 187 49 48 242 263 60 73 202 145 69 86
videos.hw01/01_frame/214.jpg 166 125 96 55 139 146 50 57 178 148 45 48 220 187 91 42
videos.hw01/01_frame/215.jpg 5082 7546 6235 4008 5111 5090 6815 5290 3969 5487 6226 4756 5747 8181 5902 2084
videos.hw01/01_frame/216.jpg 38 70 155 95 82 272 84 49 118 136 60 93 92 50 52 75
videos.hw01/01_frame/217.jpg 16 116 136 90 47 464 109 53 136 224 79 131 42 36 58 19
videos.hw01/01_frame/218.jpg 170 50 116 98 101 334 228 144 174 191 120 91 28 28 86 86
videos.hw01/01_frame/219.jpg 52 36 116 128 181 276 195 228 144 415 96 127 34 68 110 32
videos.hw01/01_frame/220.jpg 252 68 262 118 122 300 146 214 240 261 78 117 46 68 96 30
videos.hw01/01_frame/221.jpg 76 22 164 128 103 173 141 195 152 232 104 79 48 40 82 73
videos.hw01/01_frame/222.jpg 98 54 184 105 88 268 227 158 136 239 106 97 12 22 132 61
videos.hw01/01_frame/223.jpg 0 0 0 0 26 36 4 29 48 12 22 0 30 0 38 22
videos.hw01/01_frame/224.jpg 82 20 146 113 93 357 135 190 116 265 79 58 22 58 116 83
videos.hw01/01_frame/225.jpg 100 70 228 183 126 775 257 171 272 421 136 160 146 118 204 119
videos.hw01/01_frame/226.jpg 56 32 146 78 109 216 223 222 184 229 79 130 46 24 112 83
videos.hw01/01_frame/227.jpg 76 46 54 110 101 251 132 307 66 98 93 193 6 14 94 100
videos.hw01/01_frame/228.jpg 46 42 196 90 45 255 161 490 90 161 82 299 16 12 146 28
videos.hw01/01_frame/229.jpg 14 26 106 210 83 276 152 441 148 197 186 327 12 44 82 46
videos.hw01/01_frame/230.jpg 88 20 172 248 67 184 178 365 152 157 135 331 14 62 144 68
videos.hw01/01_frame/231.jpg 50 76 146 394 160 315 204 437 244 269 116 217 58 36 134 122
videos.hw01/01_frame/232.jpg 88 48 150 250 117 210 217 375 182 422 116 200 64 30 142 80
videos.hw01/01_frame/233.jpg 186 52 307 179 73 456 158 372 134 246 127 279 94 82 184 116
videos.hw01/01_frame/234.jpg 24 20 114 338 132 372 171 419 168 283 137 365 26 48 56 0
videos.hw01/01_frame/235.jpg 0 0 28 0 2 26 39 37 32 92 30 18 0 0 0 0
videos.hw01/01_frame/236.jpg 76 108 100 280 74 214 213 387 110 190 117 375 122 50 98 34
videos.hw01/01_frame/237.jpg 74 50 268 256 185 439 261 625 146 531 218 296 56 56 98 93
videos.hw01/01_frame/238.jpg 18 22 144 172 114 246 236 255 202 262 169 223 62 70 122 34
videos.hw01/01_frame/239.jpg 64 66 170 264 111 370 238 451 96 340 218 103 24 100 210 69
videos.hw01/01_frame/240.jpg 12 24 66 259 152 278 303 386 216 347 129 153 30 18 114 54
videos.hw01/01_frame/241.jpg 0 2 168 238 147 425 301 295 192 398 136 118 38 42 234 75
videos.hw01/01_frame/242.jpg 180 40 164 155 150 512 214 216 182 434 108 388 94 104 214 113
videos.hw01/01_frame/243.jpg 54 76 100 234 226 412 379 406 112 367 177 200 48 42 280 109
videos.hw01/01_frame/244.jpg 66 50 94 194 126 554 302 487 104 275 180 125 0 30 286 154
videos.hw01/01_frame/245.jpg 34 42 82 258 286 426 317 288 120 331 201 289 16 34 308 126
videos.hw01/01_frame/246.jpg 36 66 72 371 128 516 346 219 112 405 185 175 24 30 232 136
videos.hw01/01_frame/247.jpg 36 0 0 59 42 38 110 108 16 70 24 10 0 10 54 10
videos.hw01/01_frame/248.jpg 68 28 58 432 176 330 320 458 158 377 156 132 34 42 234 177
videos.hw01/01_frame/249.jpg 254 176 284 585 472 922 486 689 514 833 206 325 68 146 462 301
videos.hw01/01_frame/250.jpg 130 180 77 560 283 362 310 330 232 432 295 89 26 52 244 212
videos.hw01/01_frame/251.jpg 80 30 67 306 183 356 384 474 146 364 174 26 22 60 150 149
videos.hw01/01_frame/252.jpg 0 34 73 498 205 452 298 639 216 342 200 24 0 18 178 162
videos.hw01/01_frame/253.jpg 28 8 102 504 149 324 245 480 174 320 327 69 46 56 172 177
videos.hw01/01_frame/254.jpg 144 138 284 305 146 332 215 198 158 278 245 62 34 64 178 167
videos.hw01/01_frame/255.jpg 56 92 162 322 203 346 322 275 154 328 266 19 100 104 212 161
videos.hw01/01_frame/256.jpg 80 92 300 461 154 498 231 406 234 399 230 50 132 168 182 137
videos.hw01/01_frame/257.jpg 44 162 310 418 146 316 203 342 156 339 156 48 98 192 186 184
videos.hw01/01_frame/258.jpg 82 150 260 403 211 450 232 290 292 341 207 18 142 148 216 164
videos.hw01/01_frame/259.jpg 40 22 24 22 14 0 0 18 10 20 0 0 12 52 0 0
videos.hw01/01_frame/260.jpg 78 164 278 268 315 434 296 191 226 327 163 8 138 230 236 153
videos.hw01/01_frame/261.jpg 202 138 350 987 306 390 390 1032 328 560 314 66 138 314 458 209
videos.hw01/01_frame/262.jpg 256 144 309 746 218 308 327 339 142 163 157 16 192 204 310 129
videos.hw01/01_frame/263.jpg 320 240 220 395 150 306 323 195 104 177 190 26 208 238 186 131
videos.hw01/01_frame/264.jpg 170 256 395 292 256 272 353 122 170 197 208 30 148 224 238 96
videos.hw01/01_frame/265.jpg 62 196 220 260 308 424 256 87 116 241 191 32 72 294 280 180
videos.hw01/01_frame/266.jpg 136 166 285 313 200 302 369 158 198 289 258 50 132 238 176 167
videos.hw01/01_frame/267.jpg 80 110 177 327 202 334 303 126 120 248 223 13 194 190 206 128
videos.hw01/01_frame/268.jpg 216 246 210 307 181 374 272 188 168 297 215 18 126 238 248 186
videos.hw01/01_frame/269.jpg 132 156 441 249 231 422 279 140 160 353 169 81 84 266 228 234
videos.hw01/01_frame/270.jpg 256 160 224 260 302 394 238 143 232 327 166 74 146 236 232 210
videos.hw01/01_frame/271.jpg 54 32 52 114 26 40 55 36 4 28 0 0 34 54 52 12
videos.hw01/01_frame/272.jpg 98 136 291 426 292 428 294 185 228 347 195 46 62 224 178 176
videos.hw01/01_frame/273.jpg 154 248 404 940 509 996 379 185 472 674 302 123 246 370 442 338
videos.hw01/01_frame/274.jpg 34 102 372 693 260 446 272 135 230 425 199 82 150 204 272 219
videos.hw01/01_frame/275.jpg 146 102 416 507 294 342 308 321 222 341 177 85 156 118 228 165
videos.hw01/01_frame/276.jpg 74 104 276 778 206 454 251 734 256 360 173 76 58 222 224 168
videos.hw01/01_frame/277.jpg 96 64 495 682 264 364 266 566 174 256 227 40 110 116 254 126
videos.hw01/01_frame/278.jpg 152 50 657 554 182 270 194 397 120 263 131 56 104 34 180 89
videos.hw01/01_frame/279.jpg 0 56 504 506 174 379 225 542 116 228 161 98 44 58 250 87
videos.hw01/01_frame/280.jpg 8 82 441 526 166 413 256 326 126 238 200 93 114 64 152 161
videos.hw01/01_frame/281.jpg 196 26 344 462 258 336 255 214 120 335 166 71 56 58 172 107
videos.hw01/01_frame/282.jpg 30 72 465 478 187 354 249 589 194 423 194 61 54 108 148 133
videos.hw01/01_frame/283.jpg 0 0 94 90 0 60 112 64 0 15 17 0 0 0 16 25
videos.hw01/01_frame/284.jpg 44 30 642 485 229 366 200 530 198 286 124 127 56 94 156 89
videos.hw01/01_frame/285.jpg 280 236 842 819 175 578 307 944 288 390 206 53 94 162 348 132
videos.hw01/01_frame/286.jpg 292 238 292 491 134 440 268 219 132 282 90 59 110 144 162 62
videos.hw01/01_frame/287.jpg 82 36 265 432 190 268 202 388 142 322 114 35 72 84 156 58
videos.hw01/01_frame/288.jpg 148 102 427 599 154 370 303 428 76 212 127 119 80 206 172 70
videos.hw01/01_frame/289.jpg 100 140 521 475 271 423 341 466 134 260 191 80 104 230 260 104
videos.hw01/01_frame/290.jpg 148 102 282 366 105 267 297 239 176 163 152 57 80 164 122 54
videos.hw01/01_frame/291.jpg 148 162 294 226 138 288 348 258 100 192 166 104 68 100 192 50
videos.hw01/01_frame/292.jpg 94 94 250 465 123 208 275 469 154 342 199 196 62 88 244 73
videos.hw01/01_frame/293.jpg 80 108 333 299 100 290 257 575 152 361 174 82 30 64 156 43
videos.hw01/01_frame/294.jpg 42 104 266 424 135 301 253 632 144 321 172 96 56 218 228 18
videos.hw01/01_frame/295.jpg 0 0 28 0 0 52 65 42 0 14 36 39 0 2 50 10
videos.hw01/01_frame/296.jpg 68 82 158 545 146 319 176 265 210 266 140 157 128 94 158 101
videos.hw01/01_frame/297.jpg 170 248 263 516 282 642 285 878 214 639 285 118 104 110 348 109
videos.hw01/01_frame/298.jpg 10 92 196 329 164 460 297 561 172 220 134 160 58 246 190 74
videos.hw01/01_frame/299.jpg 118 48 250 392 169 472 249 399 154 482 164 208 46 96 164 81
videos.hw01/01_frame/300.jpg 54 194 208 276 127 468 197 522 194 256 252 144 78 194 182 44
videos.hw01/01_frame/301.jpg 46 62 294 252 100 327 231 607 244 250 246 268 152 110 234 12
videos.hw01/01_frame/302.jpg 174 140 337 335 166 359 194 717 214 152 150 123 66 190 136 49
videos.hw01/01_frame/303.jpg 118 128 240 278 102 283 250 582 120 287 111 137 104 150 110 0
videos.hw01/01_frame/304.jpg 78 232 291 324 91 502 178 181 320 551 248 123 286 122 244 49
videos.hw01/01_frame/305.jpg 216 78 252 221 154 435 183 377 145 385 202 162 146 356 194 83
videos.hw01/01_frame/306.jpg 218 76 219 270 103 411 172 787 120 290 209 165 116 156 168 27
videos.hw01/01_frame/307.jpg 0 0 0 0 0 0 11 0 0 0 31 0 0 6 6 0
videos.hw01/01_frame/308.jpg 54 102 176 122 172 421 125 643 180 263 126 397 30 106 94 37
videos.hw01/01_frame/309.jpg 240 150 192 318 133 369 225 752 297 338 255 1013 234 150 238 49
videos.hw01/01_frame/310.jpg 38 60 72 168 58 297 150 574 162 210 141 616 52 26 52 68
videos.hw01/01_frame/311.jpg 0 2 82 194 96 318 136 320 102 323 171 301 66 30 28 14
videos.hw01/01_frame/312.jpg 88 184 260 195 57 280 166 339 110 526 178 340 76 200 122 97
videos.hw01/01_frame/313.jpg 2 78 136 124 102 170 76 457 150 239 146 120 24 56 86 26
videos.hw01/01_frame/314.jpg 54 50 82 100 95 201 172 455 155 214 171 166 32 106 88 58
videos.hw01/01_frame/315.jpg 16 4 150 212 72 238 177 383 193 331 157 203 18 10 60 18
videos.hw01/01_frame/316.jpg 0 16 150 98 112 222 208 271 166 259 145 210 60 118 98 35
videos.hw01/01_frame/317.jpg 14 96 136 130 119 187 158 325 94 379 235 324 66 86 120 48
videos.hw01/01_frame/318.jpg 30 38 141 148 62 301 188 227 100 243 191 507 54 60 124 111
videos.hw01/01_frame/319.jpg 0 2 24 12 57 108 53 119 88 106 64 129 10 12 42 0
videos.hw01/01_frame/320.jpg 50 116 216 168 103 215 292 502 204 539 154 471 22 140 174 70
videos.hw01/01_frame/321.jpg 66 248 245 217 233 434 269 688 282 349 350 588 94 214 236 249
videos.hw01/01_frame/322.jpg 132 24 144 174 156 301 252 397 226 386 247 382 40 78 126 53
videos.hw01/01_frame/323.jpg 200 122 333 130 119 431 240 423 234 508 194 224 16 58 160 109
videos.hw01/01_frame/324.jpg 0 6 134 154 199 317 309 338 328 447 242 276 36 58 136 111
videos.hw01/01_frame/325.jpg 0 76 217 128 197 388 235 217 296 447 292 248 32 30 220 110
videos.hw01/01_frame/326.jpg 178 28 51 42 40 94 81 36 26 98 59 19 30 20 88 20
videos.hw01/01_frame/327.jpg 964 312 863 127 263 510 196 262 292 390 158 320 114 90 676 67
videos.hw01/01_frame/328.jpg 4327 7361 5465 4237 4832 5336 7205 4782 4318 6243 6843 4293 4887 7313 5135 1540
videos.hw01/01_frame/329.jpg 254 259 47 164 309 196 168 134 466 219 99 72 530 238 64 83
videos.hw01/01_frame/330.jpg 123 240 76 78 220 202 41 34 294 270 59 70 217 253 96 33
videos.hw01/01_frame/331.jpg 0 46 18 46 12 38 12 26 0 45 16 6 0 44 12 49
videos.hw01/01_frame/332.jpg 251 264 223 66 242 189 108 46 202 100 32 52 72 129 68 0
videos.hw01/01_frame/333.jpg 322 270 37 138 190 289 62 50 308 210 93 108 244 169 70 62
videos.hw01/01_frame/334.jpg 207 199 48 113 251 264 103 46 294 204 54 47 228 421 101 38
videos.hw01/01_frame/335.jpg 276 230 164 35 196 157 85 22 274 165 93 38 144 376 60 56
videos.hw01/01_frame/336.jpg 278 219 29 78 198 162 87 8 314 212 117 24 260 221 47 40
videos.hw01/01_frame/337.jpg 232 251 53 68 197 132 30 68 298 203 83 62 190 215 66 71
videos.hw01/01_frame/338.jpg 252 319 70 31 259 253 111 74 290 168 40 118 158 161 81 34
videos.hw01/01_frame/339.jpg 251 159 115 59 269 153 112 28 420 276 102 60 192 244 126 18
videos.hw01/01_frame/340.jpg 271 215 96 79 173 135 216 52 278 169 106 56 140 126 130 28
videos.hw01/01_frame/341.jpg 243 259 121 69 191 183 175 92 341 229 86 26 256 213 56 26
videos.hw01/01_frame/342.jpg 272 277 44 71 197 131 132 38 416 225 63 66 146 152 86 82
videos.hw01/01_frame/343.jpg 20 99 8 10 64 97 8 14 62 83 24 34 28 64 30 18
videos.hw01/01_frame/344.jpg 230 290 49 50 270 89 75 28 194 230 95 80 173 147 46 36
videos.hw01/01_frame/345.jpg 254 325 88 92 276 123 74 102 325 203 112 111 183 313 64 57
videos.hw01/01_frame/346.jpg 256 156 77 65 258 161 75 42 190 198 102 100 122 180 80 43
videos.hw01/01_frame/347.jpg 197 136 72 120 145 190 30 78 278 204 42 50 184 122 111 77
videos.hw01/01_frame/348.jpg 201 178 58 14 178 132 24 12 230 265 19 30 204 151 81 0
videos.hw01/01_frame/349.jpg 228 275 87 115 212 177 119 254 354 215 171 86 226 161 75 49
videos.hw01/01_frame/350.jpg 238 170 126 56 196 187 54 38 214 214 36 54 154 136 20 49
videos.hw01/01_frame/351.jpg 56 88 14 2 87 22 8 0 120 11 0 0 36 0 0 0
videos.hw01/01_frame/352.jpg 186 156 33 27 144 124 56 16 270 203 38 51 72 88 46 19
videos.hw01/01_frame/353.jpg 274 268 148 108 185 184 124 66 193 203 73 72 316 153 84 50
videos.hw01/01_frame/354.jpg 207 95 68 38 171 186 64 18 224 187 74 63 124 115 42 24
videos.hw01/01_frame/355.jpg 8 47 28 12 0 42 30 8 30 74 4 33 2 40 19 24
videos.hw01/01_frame/356.jpg 175 137 65 103 101 192 54 20 239 180 71 36 148 62 51 14
videos.hw01/01_frame/357.jpg 245 261 68 130 194 189 102 102 192 212 107 35 158 200 91 43
videos.hw01/01_frame/358.jpg 260 282 64 42 190 139 29 56 192 146 93 40 159 188 45 12
videos.hw01/01_frame/359.jpg 171 246 82 50 161 132 42 34 240 196 32 27 128 143 44 38
videos.hw01/01_frame/360.jpg 223 224 58 98 172 194 57 70 268 243 56 62 86 125 67 71
videos.hw01/01_frame/361.jpg 114 87 10 32 103 60 4 14 72 68 8 34 76 33 24 16
videos.hw01/01_frame/362.jpg 219 198 64 60 212 166 38 88 208 123 93 33 130 151 59 48
videos.hw01/01_frame/363.jpg 5153 7132 5911 3991 3710 5556 6935 5106 5756 6553 6794 4499 5173 7347 5841 1458
videos.hw01/01_frame/364.jpg 14 116 171 250 336 415 303 266 194 324 226 212 34 158 346 74
videos.hw01/01_frame/365.jpg 44 154 232 176 226 367 220 192 194 274 203 143 180 142 290 95
videos.hw01/01_frame/366.jpg 122 206 314 156 206 442 190 112 242 300 173 202 82 194 178 162
videos.hw01/01_frame/367.jpg 0 26 98 4 6 96 58 54 0 30 56 122 0 38 48 37
videos.hw01/01_frame/368.jpg 36 222 217 192 166 401 228 265 225 362 213 398 122 148 234 52
videos.hw01/01_frame/369.jpg 304 492 427 249 336 519 268 576 325 390 353 435 268 336 308 115
videos.hw01/01_frame/370.jpg 122 220 262 163 174 369 174 396 199 303 247 511 110 240 296 83
videos.hw01/01_frame/371.jpg 28 120 268 176 266 319 131 363 232 347 234 618 126 166 376 74
videos.hw01/01_frame/372.jpg 168 218 275 244 254 296 195 240 331 464 273 731 328 140 242 95
videos.hw01/01_frame/373.jpg 82 318 286 182 198 352 209 275 156 411 166 507 174 272 238 60
videos.hw01/01_frame/374.jpg 38 72 310 163 248 301 279 339 196 346 186 376 122 120 188 31
videos.hw01/01_frame/375.jpg 116 180 314 170 304 426 214 234 218 455 386 310 94 98 236 78
videos.hw01/01_frame/376.jpg 46 170 274 180 234 517 183 161 260 420 243 236 120 42 190 94
videos.hw01/01_frame/377.jpg 106 118 327 270 356 440 266 98 258 459 247 151 146 256 202 50
videos.hw01/01_frame/378.jpg 186 110 309 225 219 389 217 263 294 436 212 298 232 214 276 113
videos.hw01/01_frame/379.jpg 86 22 90 77 20 132 82 48 52 106 63 87 56 40 94 16
videos.hw01/01_frame/380.jpg 102 136 188 203 162 399 279 422 208 260 187 508 156 180 182 41
videos.hw01/01_frame/381.jpg 180 378 322 350 318 386 393 672 380 337 245 1458 240 292 292 125
videos.hw01/01_frame/382.jpg 218 200 344 250 217 328 226 1094 290 479 271 653 180 312 284 175
videos.hw01/01_frame/383.jpg 146 102 481 222 214 353 348 214 324 850 281 242 176 170 338 50
videos.hw01/01_frame/384.jpg 94 108 305 231 96 471 191 248 290 411 287 376 152 190 246 103
videos.hw01/01_frame/385.jpg 168 212 203 238 185 357 213 127 220 576 198 234 102 142 204 68
videos.hw01/01_frame/386.jpg 218 164 258 173 160 303 200 126 142 384 135 174 100 210 190 95
videos.hw01/01_frame/387.jpg 92 190 273 215 211 218 181 176 190 315 201 147 76 116 196 20
videos.hw01/01_frame/388.jpg 60 148 303 317 121 256 304 191 252 448 189 249 214 188 242 285
videos.hw01/01_frame/389.jpg 36 158 207 198 194 330 219 748 288 347 194 275 42 74 262 82
videos.hw01/01_frame/390.jpg 114 48 86 160 124 328 197 674 172 292 100 483 18 52 110 52
videos.hw01/01_frame/391.jpg 0 26 70 160 0 38 70 76 0 102 52 43 0 28 46 20
videos.hw01/01_frame/392.jpg 94 176 145 244 138 329 225 463 254 345 116 530 90 126 162 194
videos.hw01/01_frame/393.jpg 112 190 129 285 175 348 144 615 208 564 222 932 112 128 252 71
videos.hw01/01_frame/394.jpg 68 150 291 225 146 398 230 452 186 208 154 401 32 70 154 90
videos.hw01/01_frame/395.jpg 100 50 142 124 132 285 171 402 172 247 217 650 66 66 138 93
videos.hw01/01_frame/396.jpg 78 230 158 228 147 265 187 378 244 280 228 568 116 34 154 42
videos.hw01/01_frame/397.jpg 62 68 123 156 101 374 145 168 166 303 145 351 68 32 118 44
videos.hw01/01_frame/398.jpg 62 110 86 174 116 315 124 159 236 403 234 191 96 84 94 48
videos.hw01/01_frame/399.jpg 108 112 138 197 267 389 312 355 230 342 254 273 108 92 140 159
videos.hw01/01_frame/400.jpg 70 58 36 116 79 213 165 217 136 142 109 306 28 42 66 26
videos.hw01/01_frame/401.jpg 56 214 152 202 148 213 194 165 226 293 100 211 64 106 114 147
videos.hw01/01_frame/402.jpg 48 38 161 118 105 244 241 104 196 231 155 189 48 28 54 34
videos.hw01/01_frame/403.jpg 0 0 58 117 0 116 41 60 0 58 34 33 0 24 46 22
videos.hw01/01_frame/404.jpg 98 4 110 273 94 436 279 128 192 148 300 308 36 28 96 38
videos.hw01/01_frame/405.jpg 208 104 291 206 165 384 271 457 240 393 180 557 60 148 98 94
videos.hw01/01_frame/406.jpg 90 48 124 97 150 231 156 161 216 287 162 156 80 92 92 41
videos.hw01/01_frame/407.jpg 0 0 0 0 60 58 0 0 84 62 0 0 0 0 0 0
videos.hw01/01_frame/408.jpg 114 60 82 130 118 287 209 222 148 176 110 235 34 56 84 64
videos.hw01/01_frame/409.jpg 136 330 318 239 202 604 262 511 302 266 186 531 130 282 274 192
videos.hw01/01_frame/410.jpg 0 12 116 24 146 264 180 382 136 319 138 460 24 48 72 26
videos.hw01/01_frame/411.jpg 66 12 0 30 170 442 165 694 146 322 151 512 2 18 50 45
videos.hw01/01_frame/412.jpg 88 74 28 112 108 420 122 1031 190 267 90 655 18 56 116 59
videos.hw01/01_frame/413.jpg 54 0 68 190 106 272 159 948 182 365 212 583 30 4 116 27
videos.hw01/01_frame/414.jpg 24 52 116 226 89 322 192 1270 188 232 225 603 26 36 148 177
videos.hw01/01_frame/415.jpg 0 60 37 106 0 94 52 72 4 38 40 63 0 12 34 30
videos.hw01/01_frame/416.jpg 74 30 75 257 107 278 176 763 132 253 115 518 28 60 138 112
videos.hw01/01_frame/417.jpg 164 256 208 519 122 282 320 1093 112 260 250 382 124 138 140 181
videos.hw01/01_frame/418.jpg 0 28 56 49 0 26 78 50 0 64 52 27 0 38 42 44
videos.hw01/01_frame/419.jpg 138 368 265 398 122 576 237 431 176 322 132 1054 870 654 98 193
videos.hw01/01_frame/420.jpg 4290 4644 3188 3108 5058 5929 4622 3875 5205 5651 4377 3393 5956 7897 5114 2558
videos.hw01/01_frame/421.jpg 230 322 283 194 163 173 428 118 66 166 522 168 8 163 309 53
videos.hw01/01_frame/422.jpg 294 344 271 263 321 311 737 201 94 160 308 92 44 268 391 80
videos.hw01/01_frame/423.jpg 226 202 110 172 161 154 337 249 82 120 327 194 28 259 225 58
videos.hw01/01_frame/424.jpg 114 95 89 85 112 135 247 128 65 154 284 117 64 184 267 75
videos.hw01/01_frame/425.jpg 104 42 0 18 55 80 76 16 33 58 60 69 6 84 53 18
videos.hw01/01_frame/426.jpg 222 276 50 85 163 178 296 134 55 92 243 116 22 122 206 79
videos.hw01/01_frame/427.jpg 160 266 109 244 291 132 213 165 60 236 445 216 46 114 191 57
videos.hw01/01_frame/428.jpg 160 224 149 151 275 189 303 199 69 189 267 185 18 291 223 63
videos.hw01/01_frame/429.jpg 146 232 119 399 272 217 302 73 71 165 312 239 72 103 203 50
videos.hw01/01_frame/430.jpg 186 185 223 324 230 256 254 188 43 160 246 197 18 149 181 47
videos.hw01/01_frame/431.jpg 204 253 138 404 166 291 357 211 58 156 275 299 82 232 162 45
videos.hw01/01_frame/432.jpg 28 88 48 160 71 175 138 146 27 85 214 115 10 108 181 44
videos.hw01/01_frame/433.jpg 196 167 132 79 214 219 191 112 47 254 350 98 8 120 287 63
videos.hw01/01_frame/434.jpg 270 254 91 137 202 191 259 152 73 234 310 100 24 113 221 52
videos.hw01/01_frame/435.jpg 280 241 167 301 339 322 283 116 84 149 302 99 96 158 211 61
videos.hw01/01_frame/436.jpg 246 225 215 318 348 231 355 94 89 246 387 169 50 90 202 58
videos.hw01/01_frame/437.jpg 162 159 171 105 243 158 207 112 49 222 315 187 44 215 425 58
videos.hw01/01_frame/438.jpg 212 159 103 123 274 140 144 125 47 207 167 70 74 91 135 61
videos.hw01/01_frame/439.jpg 0 72 228 79 0 18 73 30 2 98 115 29 0 38 86 16
videos.hw01/01_frame/440.jpg 218 157 268 178 178 112 204 120 85 120 219 137 16 97 306 47
videos.hw01/01_frame/441.jpg 192 305 133 443 201 189 291 363 73 209 396 347 110 112 313 94
videos.hw01/01_frame/442.jpg 166 156 136 182 128 110 162 153 42 139 241 165 24 110 346 43
videos.hw01/01_frame/443.jpg 86 177 148 170 230 155 182 78 53 118 194 258 48 257 182 56
videos.hw01/01_frame/444.jpg 132 274 123 309 151 213 216 178 39 218 97 105 34 218 128 47
videos.hw01/01_frame/445.jpg 0 65 40 77 0 2 59 52 2 42 71 53 8 38 95 7
videos.hw01/01_frame/446.jpg 310 270 241 292 287 230 214 111 27 189 281 186 26 147 215 49
videos.hw01/01_frame/447.jpg 222 251 182 336 255 254 269 122 43 203 231 124 54 273 178 60
videos.hw01/01_frame/448.jpg 170 172 193 262 183 171 132 194 36 118 218 162 72 65 238 63
videos.hw01/01_frame/449.jpg 266 234 168 334 240 204 246 238 101 240 324 261 48 71 233 60
videos.hw01/01_frame/450.jpg 0 0 42 84 0 14 12 40 0 56 62 46 0 20 69 10
videos.hw01/01_frame/451.jpg 380 232 168 181 291 184 343 228 55 172 268 179 36 139 236 58
videos.hw01/01_frame/452.jpg 206 177 234 271 292 304 262 272 111 150 316 234 38 306 193 57
videos.hw01/01_frame/453.jpg 302 244 176 286 345 178 334 190 32 213 345 221 34 114 289 61
videos.hw01/01_frame/454.jpg 290 358 325 496 457 305 306 468 86 386 325 321 108 230 272 103
videos.hw01/01_frame/455.jpg 220 133 67 105 221 142 117 44 28 56 83 104 12 50 102 39
videos.hw01/01_frame/456.jpg 190 278 169 276 347 259 388 398 43 196 246 180 30 125 291 92
videos.hw01/01_frame/457.jpg 200 416 368 342 432 429 651 368 57 317 372 253 128 146 383 100
videos.hw01/01_frame/458.jpg 222 241 244 165 276 498 320 312 68 216 166 97 92 102 268 54
videos.hw01/01_frame/459.jpg 180 251 192 141 233 264 348 180 48 220 272 78 50 57 257 80
videos.hw01/01_frame/460.jpg 200 264 207 305 285 356 364 154 25 282 235 119 56 140 246 50
videos.hw01/01_frame/461.jpg 160 192 124 106 198 295 313 209 44 164 237 47 42 113 221 46
videos.hw01/01_frame/462.jpg 226 218 219 136 200 402 213 126 74 144 272 133 86 170 196 31
videos.hw01/01_frame/463.jpg 0 60 14 41 0 55 50 40 8 67 69 42 0 28 63 27
videos.hw01/01_frame/464.jpg 210 162 155 277 233 299 269 157 47 215 222 191 102 187 254 71
videos.hw01/01_frame/465.jpg 182 293 134 247 297 239 365 201 103 254 319 222 34 225 229 57
videos.hw01/01_frame/466.jpg 250 264 164 245 303 311 410 327 46 238 258 126 44 106 329 63
videos.hw01/01_frame/467.jpg 254 204 84 90 202 190 191 175 66 253 164 87 32 194 274 15
videos.hw01/01_frame/468.jpg 296 303 127 131 237 397 161 172 92 104 193 114 38 219 178 24
videos.hw01/01_frame/469.jpg 304 225 197 135 265 318 156 118 62 137 77 35 50 69 73 11
videos.hw01/01_frame/470.jpg 68 128 51 24 130 85 63 26 19 42 21 4 0 22 16 0
videos.hw01/01_frame/471.jpg 284 250 196 161 265 249 322 314 55 138 277 177 40 182 147 16
videos.hw01/01_frame/472.jpg 169 195 176 146 298 388 357 183 47 219 220 83 58 181 327 49
videos.hw01/01_frame/473.jpg 182 294 207 101 218 305 229 147 28 186 291 116 98 128 168 84
videos.hw01/01_frame/474.jpg 4667 5173 4370 4853 3466 5106 4214 3093 6272 5881 4690 3489 6034 8022 5110 2401
videos.hw01/01_frame/475.jpg 0 6 62 88 0 32 33 36 0 78 30 32 0 10 66 45
videos.hw01/01_frame/476.jpg 116 138 393 391 282 542 305 408 156 345 207 119 98 80 240 131
videos.hw01/01_frame/477.jpg 40 96 301 399 308 386 506 652 92 573 154 173 172 162 156 28
videos.hw01/01_frame/478.jpg 38 168 168 246 244 223 163 253 78 231 92 89 2 54 80 28
videos.hw01/01_frame/479.jpg 46 178 298 239 349 288 193 243 80 446 137 247 70 48 70 35
videos.hw01/01_frame/480.jpg 8 106 348 262 177 228 298 293 96 401 69 135 34 86 104 6
videos.hw01/01_frame/481.jpg 12 68 419 331 142 248 450 290 134 287 98 74 126 154 132 16
videos.hw01/01_frame/482.jpg 50 180 431 361 172 252 471 371 170 435 190 112 142 156 130 16
videos.hw01/01_frame/483.jpg 88 212 378 390 298 318 412 315 170 383 174 180 112 194 212 20
videos.hw01/01_frame/484.jpg 166 72 428 384 260 428 477 275 246 364 136 107 220 132 192 26
videos.hw01/01_frame/485.jpg 2 162 419 288 144 290 377 228 192 207 87 269 78 186 198 78
videos.hw01/01_frame/486.jpg 64 92 278 176 178 416 330 154 204 194 78 130 132 132 156 51
videos.hw01/01_frame/487.jpg 0 74 102 83 0 42 59 86 0 76 65 14 0 16 46 10
videos.hw01/01_frame/488.jpg 72 118 279 173 164 270 253 255 168 417 64 72 82 96 154 16
videos.hw01/01_frame/489.jpg 110 148 438 312 212 496 360 251 224 345 166 113 126 156 160 67
videos.hw01/01_frame/490.jpg 36 220 510 306 224 340 387 239 192 227 155 156 106 150 168 119
videos.hw01/01_frame/491.jpg 96 194 516 280 282 485 406 272 80 238 131 202 88 110 176 68
videos.hw01/01_frame/492.jpg 202 218 584 436 96 452 483 238 112 204 147 141 200 266 140 157
videos.hw01/01_frame/493.jpg 42 170 636 339 118 267 425 124 118 224 131 77 66 132 192 34
videos.hw01/01_frame/494.jpg 92 118 496 197 116 337 408 100 132 260 87 81 80 144 106 13
videos.hw01/01_frame/495.jpg 238 110 474 264 208 309 211 96 152 196 130 139 190 126 126 36
videos.hw01/01_frame/496.jpg 162 136 186 177 106 286 175 137 98 265 77 66 62 70 88 0
videos.hw01/01_frame/497.jpg 124 98 261 225 78 219 269 176 60 227 121 74 76 96 190 59
videos.hw01/01_frame/498.jpg 58 104 249 221 60 498 261 152 96 228 84 101 52 68 164 30
videos.hw01/01_frame/499.jpg 0 62 68 39 0 83 83 78 0 35 19 46 0 48 50 42
videos.hw01/01_frame/500.jpg 190 74 302 230 144 410 287 272 60 110 79 161 78 102 72 43
videos.hw01/01_frame/501.jpg 326 200 399 397 236 333 634 368 148 358 129 137 224 100 92 48
videos.hw01/01_frame/502.jpg 8 36 347 285 122 320 368 175 124 170 91 90 34 80 52 12
videos.hw01/01_frame/503.jpg 98 26 265 344 152 371 371 271 112 175 95 106 4 76 92 8
videos.hw01/01_frame/504.jpg 36 28 272 149 136 299 340 148 108 250 93 72 66 42 118 22
videos.hw01/01_frame/505.jpg 20 62 254 174 160 398 351 216 114 260 196 161 64 56 76 24
videos.hw01/01_frame/506.jpg 10 28 171 150 134 312 214 149 88 241 82 178 22 114 138 12
videos.hw01/01_frame/507.jpg 44 70 396 157 174 460 261 260 100 238 97 107 114 74 128 56
videos.hw01/01_frame/508.jpg 146 124 320 263 130 514 321 135 94 150 102 87 102 122 222 105
videos.hw01/01_frame/509.jpg 46 50 247 291 138 521 440 178 126 163 102 52 38 28 98 42
videos.hw01/01_frame/510.jpg 162 292 472 374 110 238 522 156 150 92 112 40 64 60 146 62
videos.hw01/01_frame/511.jpg 2 86 113 105 6 136 109 35 26 205 55 58 14 62 70 70
videos.hw01/01_frame/512.jpg 134 114 291 397 146 184 466 295 78 308 133 90 78 58 126 76
videos.hw01/01_frame/513.jpg 88 222 515 644 280 460 833 406 246 194 163 143 92 182 162 44
videos.hw01/01_frame/514.jpg 16 114 295 378 170 235 206 87 104 282 52 65 48 70 54 36
videos.hw01/01_frame/515.jpg 24 44 171 186 160 317 202 95 114 223 177 45 26 78 124 0
videos.hw01/01_frame/516.jpg 96 82 195 176 194 446 197 128 124 187 239 226 96 110 116 36
videos.hw01/01_frame/517.jpg 54 124 149 245 146 374 195 189 98 219 100 133 62 120 52 18
videos.hw01/01_frame/518.jpg 120 140 154 147 124 333 170 173 112 231 88 144 18 88 98 20
videos.hw01/01_frame/519.jpg 80 86 172 121 214 306 195 166 118 193 113 117 36 90 100 18
videos.hw01/01_frame/520.jpg 80 44 117 146 170 298 201 158 140 217 55 88 62 92 112 18
videos.hw01/01_frame/521.jpg 80 32 85 41 156 255 124 65 96 231 114 78 48 36 60 0
videos.hw01/01_frame/522.jpg 4 66 108 121 202 300 231 113 70 228 130 91 34 46 120 52
videos.hw01/01_frame/523.jpg 0 14 71 122 28 100 62 12 0 86 47 0 0 0 4 14
videos.hw01/01_frame/524.jpg 174 168 254 247 308 269 230 134 104 310 117 197 132 138 148 81
videos.hw01/01_frame/525.jpg 120 76 157 162 218 269 275 188 176 187 88 163 58 114 90 26
videos.hw01/01_frame/526.jpg 60 154 212 198 190 274 255 98 96 183 97 73 102 72 180 76
videos.hw01/01_frame/527.jpg 40 58 114 140 138 289 234 150 106 273 120 78 54 78 100 56
videos.hw01/01_frame/528.jpg 102 88 248 290 248 374 152 167 120 427 141 84 70 130 148 26
videos.hw01/01_frame/529.jpg 140 94 210 243 118 323 176 129 70 275 45 43 30 120 80 0
videos.hw01/01_frame/530.jpg 36 40 185 189 102 220 166 125 70 129 127 113 30 102 48 27
videos.hw01/01_frame/531.jpg 50 156 241 176 121 275 249 122 108 329 144 105 88 112 92 30
videos.hw01/01_frame/532.jpg 14 94 339 305 120 232 256 184 54 181 103 138 46 112 88 34
videos.hw01/01_frame/533.jpg 38 102 241 244 236 255 271 212 76 205 204 211 58 96 66 14
videos.hw01/01_frame/534.jpg 14 52 224 317 95 200 304 104 46 97 50 20 72 78 46 0
videos.hw01/01_frame/535.jpg 22 36 66 51 0 82 98 68 20 92 35 24 2 34 28 36
videos.hw01/01_frame/536.jpg 46 56 319 248 88 260 355 183 112 207 70 80 14 90 56 36
videos.hw01/01_frame/537.jpg 44 114 430 463 196 408 522 186 124 230 201 167 36 78 176 58
videos.hw01/01_frame/538.jpg 22 34 264 244 110 338 303 135 118 156 110 118 32 22 42 20
videos.hw01/01_frame/539.jpg 52 40 214 140 152 281 250 92 106 396 166 153 12 180 118 10
videos.hw01/01_frame/540.jpg 26 126 193 179 154 269 260 193 164 135 174 110 122 96 150 18
videos.hw01/01_frame/541.jpg 116 96 283 279 48 178 383 181 78 75 98 204 70 168 76 36
videos.hw01/01_frame/542.jpg 38 48 342 360 84 231 383 169 116 127 31 80 4 80 18 0
videos.hw01/01_frame/543.jpg 56 18 267 334 146 225 520 203 130 131 115 133 22 14 74 21
videos.hw01/01_frame/544.jpg 54 90 384 316 168 274 464 219 110 242 122 190 52 58 56 20
videos.hw01/01_frame/545.jpg 60 6 274 188 188 202 321 92 94 158 192 296 34 36 38 12
videos.hw01/01_frame/546.jpg 24 214 389 165 198 276 314 230 138 163 145 117 132 108 122 62
videos.hw01/01_frame/547.jpg 0 34 200 63 0 80 94 12 0 62 35 26 0 52 64 53
videos.hw01/01_frame/548.jpg 116 86 230 230 110 298 344 236 100 205 168 132 78 36 72 77
videos.hw01/01_frame/549.jpg 174 120 575 506 182 385 709 328 236 192 153 178 116 214 176 47
videos.hw01/01_frame/550.jpg 98 96 335 294 176 267 567 203 132 169 147 106 26 82 62 52
videos.hw01/01_frame/551.jpg 20 16 377 251 230 312 503 142 172 283 181 115 0 54 16 0
videos.hw01/01_frame/552.jpg 18 50 413 279 206 249 581 186 184 227 125 170 28 72 54 8
videos.hw01/01_frame/553.jpg 102 72 561 177 182 259 474 237 114 237 54 70 52 52 80 38
videos.hw01/01_frame/554.jpg 36 94 248 135 152 255 419 126 126 172 179 162 30 106 118 52
videos.hw01/01_frame/555.jpg 22 96 181 89 160 223 339 153 38 101 157 77 30 82 50 8
videos.hw01/01_frame/556.jpg 0 80 302 209 122 376 503 188 130 150 183 182 10 48 64 18
videos.hw01/01_frame/557.jpg 22 56 360 293 164 226 672 280 130 195 108 68 0 88 88 38
videos.hw01/01_frame/558.jpg 58 50 373 288 112 224 703 130 114 113 47 104 44 46 52 4
videos.hw01/01_frame/559.jpg 0 42 93 35 0 156 112 124 4 61 80 46 10 24 6 0
videos.hw01/01_frame/560.jpg 14 46 317 370 186 376 578 295 128 303 177 178 20 104 106 0
videos.hw01/01_frame/561.jpg 102 122 340 282 238 476 367 211 288 235 116 149 78 174 136 24
videos.hw01/01_frame/562.jpg 72 82 361 182 88 208 327 146 114 199 170 205 58 102 78 52
videos.hw01/01_frame/563.jpg 36 68 215 246 190 743 468 138 110 231 142 137 56 80 70 21
videos.hw01/01_frame/564.jpg 64 176 313 219 218 686 354 127 214 287 193 93 94 112 136 14
videos.hw01/01_frame/565.jpg 94 70 145 108 170 305 233 136 104 243 135 107 36 102 82 0
videos.hw01/01_frame/566.jpg 66 60 307 290 150 243 298 164 164 238 140 93 96 92 130 20
videos.hw01/01_frame/567.jpg 40 114 272 258 98 206 413 177 98 213 43 64 72 88 28 50
videos.hw01/01_frame/568.jpg 24 12 332 249 166 174 414 306 114 194 115 123 0 56 42 0
videos.hw01/01_frame/569.jpg 106 118 402 209 132 456 290 165 102 179 131 105 68 88 78 20
videos.hw01/01_frame/570.jpg 42 194 207 160 126 221 227 173 74 239 163 141 22 60 140 24
videos.hw01/01_frame/571.jpg 0 20 62 57 0 82 72 52 0 54 46 102 0 32 36 0
videos.hw01/01_frame/572.jpg 46 242 219 197 64 244 199 197 76 130 132 177 138 164 138 69
videos.hw01/01_frame/573.jpg 76 166 268 254 194 304 298 303 166 213 137 138 118 254 114 53
videos.hw01/01_frame/574.jpg 92 64 278 177 88 214 119 194 40 147 81 57 50 80 74 91
videos.hw01/01_frame/575.jpg 36 22 193 158 114 260 174 138 30 83 63 37 26 52 8 14
videos.hw01/01_frame/576.jpg 214 120 381 359 116 323 203 150 100 239 188 126 44 46 114 34
videos.hw01/01_frame/577.jpg 62 12 249 176 140 305 161 123 80 194 124 77 0 40 52 4
videos.hw01/01_frame/578.jpg 16 40 275 297 104 430 290 258 116 250 179 224 6 18 84 45
videos.hw01/01_frame/579.jpg 12 8 68 97 10 112 73 43 24 86 61 48 30 22 24 31
videos.hw01/01_frame/580.jpg 48 46 298 271 166 358 390 259 114 256 223 113 10 64 112 153
videos.hw01/01_frame/581.jpg 5588 6897 5353 3134 4530 5953 6318 5464 2750 4641 5735 4642 1038 5370 3551 2493
videos.hw01/01_frame/582.jpg 208 184 208 175 288 297 162 176 170 364 221 134 206 313 237 183
videos.hw01/01_frame/583.jpg 54 89 101 94 60 99 77 107 168 161 163 35 66 139 143 60
videos.hw01/01_frame/584.jpg 74 108 62 95 62 126 126 77 190 166 125 71 128 212 184 91
videos.hw01/01_frame/585.jpg 108 162 215 109 100 170 124 194 186 363 159 132 116 141 219 144
videos.hw01/01_frame/586.jpg 70 28 10 18 32 51 0 26 100 186 116 21 68 142 177 64
videos.hw01/01_frame/587.jpg 84 68 49 18 86 102 134 62 100 213 103 46 114 211 289 62
videos.hw01/01_frame/588.jpg 0 22 46 20 16 22 16 34 110 202 81 26 78 122 60 27
videos.hw01/01_frame/589.jpg 18 34 7 9 28 55 41 64 101 137 56 25 96 202 102 40
videos.hw01/01_frame/590.jpg 62 79 80 49 40 144 56 83 145 187 152 40 60 165 170 34
videos.hw01/01_frame/591.jpg 62 153 168 102 128 225 129 125 154 193 186 139 88 187 114 94
videos.hw01/01_frame/592.jpg 10 59 6 32 32 111 42 37 102 138 46 29 60 118 110 58
videos.hw01/01_frame/593.jpg 34 34 6 10 4 19 22 10 48 129 52 52 62 127 46 81
videos.hw01/01_frame/594.jpg 190 191 162 155 70 265 190 139 120 310 208 113 99 242 164 126
videos.hw01/01_frame/595.jpg 8 44 28 12 0 73 11 19 64 56 71 12 55 109 36 10
videos.hw01/01_frame/596.jpg 22 57 120 12 26 71 29 35 74 124 84 22 72 161 38 40
videos.hw01/01_frame/597.jpg 114 71 123 66 92 128 108 118 196 255 137 90 118 140 104 142
videos.hw01/01_frame/598.jpg 176 226 150 138 92 208 101 121 73 302 249 93 87 219 88 133
videos.hw01/01_frame/599.jpg 112 76 54 49 94 154 127 92 76 217 106 47 119 117 126 44
videos.hw01/01_frame/600.jpg 50 51 68 31 26 167 71 102 45 150 155 44 86 116 90 58
videos.hw01/01_frame/601.jpg 98 101 45 80 92 197 93 129 85 153 96 55 56 139 82 78
videos.hw01/01_frame/602.jpg 108 149 72 43 158 157 161 61 103 273 87 83 129 156 106 115
videos.hw01/01_frame/603.jpg 112 164 140 91 104 223 156 115 122 168 124 143 73 221 250 76
videos.hw01/01_frame/604.jpg 34 54 70 19 50 131 41 34 84 179 52 77 98 113 116 4
videos.hw01/01_frame/605.jpg 56 153 86 66 26 207 115 106 136 187 96 88 108 180 122 68
videos.hw01/01_frame/606.jpg 118 158 84 85 50 222 86 119 126 160 147 98 112 187 180 154
videos.hw01/01_frame/607.jpg 20 58 4 2 30 34 8 6 50 104 28 0 28 111 8 0
videos.hw01/01_frame/608.jpg 34 142 73 59 52 195 122 132 94 139 86 95 40 217 86 85
videos.hw01/01_frame/609.jpg 120 175 169 66 50 242 114 120 128 235 101 101 104 206 174 88
videos.hw01/01_frame/610.jpg 106 224 128 118 58 252 104 128 88 294 192 96 64 268 214 107
videos.hw01/01_frame/611.jpg 22 85 23 29 30 99 55 44 44 143 62 51 24 142 40 63
videos.hw01/01_frame/612.jpg 64 156 83 47 40 169 79 83 120 209 61 44 30 267 164 81
videos.hw01/01_frame/613.jpg 132 110 71 65 74 139 130 70 54 254 92 42 92 176 130 24
videos.hw01/01_frame/614.jpg 44 96 40 22 40 29 40 30 64 165 41 44 54 120 66 38
videos.hw01/01_frame/615.jpg 90 203 154 133 144 274 184 124 164 248 240 89 93 226 164 133
videos.hw01/01_frame/616.jpg 88 8 0 18 0 32 13 38 68 169 73 4 36 157 72 53
videos.hw01/01_frame/617.jpg 76 199 87 81 72 165 90 91 120 170 162 93 173 145 110 141
videos.hw01/01_frame/618.jpg 108 44 11 44 44 77 12 68 78 177 86 76 90 106 68 57
videos.hw01/01_frame/619.jpg 84 64 10 59 20 55 36 4 94 133 48 8 90 91 24 68
videos.hw01/01_frame/620.jpg 124 146 134 106 136 257 237 151 108 241 112 126 150 236 146 116
videos.hw01/01_frame/621.jpg 128 191 178 72 130 300 197 242 103 253 117 87 86 297 224 143
videos.hw01/01_frame/622.jpg 128 212 196 83 142 397 185 144 97 298 132 87 56 208 170 112
videos.hw01/01_frame/623.jpg 96 164 123 100 112 210 83 131 225 230 176 71 56 162 86 233
videos.hw01/01_frame/624.jpg 99 148 107 52 112 171 84 140 130 354 115 84 84 137 100 94
videos.hw01/01_frame/625.jpg 137 199 154 93 116 304 166 109 63 206 120 95 42 176 150 120
videos.hw01/01_frame/626.jpg 150 104 190 67 42 248 69 161 125 225 136 133 50 248 46 165
videos.hw01/01_frame/627.jpg 0 62 55 22 2 138 45 75 34 127 20 65 8 120 110 43
videos.hw01/01_frame/628.jpg 75 60 69 97 52 205 63 101 58 140 42 80 43 163 192 57
videos.hw01/01_frame/629.jpg 182 216 222 135 144 384 252 179 172 335 239 223 175 197 190 164
videos.hw01/01_frame/630.jpg 54 122 153 90 54 146 132 112 121 243 115 86 32 180 110 106
videos.hw01/01_frame/631.jpg 18 43 0 16 18 121 0 0 38 148 0 9 14 78 38 23
videos.hw01/01_frame/632.jpg 93 69 82 61 62 198 57 38 123 201 86 63 94 156 108 125
videos.hw01/01_frame/633.jpg 84 116 197 174 134 256 173 154 129 208 200 154 144 188 192 161
videos.hw01/01_frame/634.jpg 64 105 42 41 50 145 49 64 98 199 31 64 66 164 88 66
videos.hw01/01_frame/635.jpg 159 152 200 95 150 247 114 187 98 318 141 99 112 188 230 145
videos.hw01/01_frame/636.jpg 38 64 79 33 92 236 60 154 156 297 168 65 96 236 102 120
videos.hw01/01_frame/637.jpg 74 78 36 20 64 179 10 96 115 339 188 27 38 154 106 60
videos.hw01/01_frame/638.jpg 241 177 115 76 262 268 175 126 160 341 193 100 120 224 280 102
videos.hw01/01_frame/639.jpg 50 63 56 26 32 103 76 86 175 247 110 38 62 111 88 56
videos.hw01/01_frame/640.jpg 34 44 52 30 28 84 18 20 260 172 94 26 94 125 104 56
videos.hw01/01_frame/641.jpg 88 88 146 128 88 139 109 65 186 203 113 56 121 148 128 78
videos.hw01/01_frame/642.jpg 0 20 80 24 0 36 31 49 0 82 49 20 0 28 28 65
videos.hw01/01_frame/643.jpg 32 47 55 22 34 66 41 91 140 172 46 22 91 60 40 69
videos.hw01/01_frame/644.jpg 149 163 224 120 172 324 153 174 208 436 417 195 186 192 128 207
videos.hw01/01_frame/645.jpg 123 78 130 103 100 158 150 108 138 168 100 111 191 141 128 111
videos.hw01/01_frame/646.jpg 89 141 36 77 34 178 114 80 136 200 76 77 49 181 36 70
videos.hw01/01_frame/647.jpg 8 55 45 29 18 39 46 64 128 128 16 56 34 90 52 54
videos.hw01/01_frame/648.jpg 76 102 67 47 48 156 73 81 136 227 59 91 82 98 82 62
videos.hw01/01_frame/649.jpg 8 42 55 35 38 64 23 23 74 123 12 52 24 68 20 10
videos.hw01/01_frame/650.jpg 91 112 65 27 94 170 119 128 48 164 118 82 46 129 78 71
videos.hw01/01_frame/651.jpg 84 147 60 21 48 150 74 18 40 106 43 22 12 52 80 31
videos.hw01/01_frame/652.jpg 54 125 4 0 54 99 0 2 36 46 12 36 20 47 8 31
videos.hw01/01_frame/653.jpg 125 270 228 116 142 244 200 508 328 210 154 145 204 177 214 193
videos.hw01/01_frame/654.jpg 5599 6875 5433 3406 4032 5902 6245 4831 2424 4337 5226 4668 1046 5614 3742 2631
videos.hw01/01_frame/655.jpg 0 0 80 154 0 32 88 24 0 12 16 46 0 10 74 81
videos.hw01/01_frame/656.jpg 54 268 186 255 160 362 196 215 150 289 124 165 166 136 134 97
videos.hw01/01_frame/657.jpg 56 66 159 234 120 316 124 143 92 94 120 127 68 54 108 129
videos.hw01/01_frame/658.jpg 30 104 74 57 72 148 235 158 78 140 70 134 42 58 16 2
videos.hw01/01_frame/659.jpg 146 194 232 240 246 682 170 236 142 211 106 337 140 168 210 266
videos.hw01/01_frame/660.jpg 4 36 4 164 102 173 101 283 82 177 35 74 30 26 32 48
videos.hw01/01_frame/661.jpg 32 66 52 210 178 349 279 583 72 112 86 79 42 38 92 90
videos.hw01/01_frame/662.jpg 18 30 26 304 162 277 223 490 98 140 99 123 20 42 68 48
videos.hw01/01_frame/663.jpg 52 96 89 275 224 316 175 355 146 177 54 102 52 84 94 56
videos.hw01/01_frame/664.jpg 46 120 94 194 94 227 220 501 102 164 62 86 72 70 82 44
videos.hw01/01_frame/665.jpg 4 72 79 242 156 270 164 304 78 129 109 94 22 66 126 50
videos.hw01/01_frame/666.jpg 68 172 96 308 92 264 201 267 52 112 73 97 82 30 124 47
videos.hw01/01_frame/667.jpg 0 8 42 64 0 117 68 56 0 62 41 28 0 22 80 81
videos.hw01/01_frame/668.jpg 54 54 124 133 104 271 226 371 106 146 223 62 42 74 120 106
videos.hw01/01_frame/669.jpg 106 98 223 438 104 267 305 816 110 283 121 105 102 184 176 76
videos.hw01/01_frame/670.jpg 44 98 113 311 172 371 177 339 94 146 99 123 62 116 108 70
videos.hw01/01_frame/671.jpg 70 86 168 433 62 457 139 452 100 276 87 162 62 112 116 69
videos.hw01/01_frame/672.jpg 98 146 235 434 118 276 127 320 84 151 103 164 180 154 130 85
videos.hw01/01_frame/673.jpg 102 128 152 320 168 507 159 384 86 147 91 64 98 50 136 58
videos.hw01/01_frame/674.jpg 36 96 151 384 122 307 249 255 90 233 75 54 48 94 132 38
videos.hw01/01_frame/675.jpg 58 42 153 218 124 242 190 237 68 185 195 64 92 94 120 76
videos.hw01/01_frame/676.jpg 118 106 132 235 68 162 145 264 44 186 80 94 38 96 76 45
videos.hw01/01_frame/677.jpg 62 96 206 295 96 376 124 425 76 224 193 89 66 64 114 88
videos.hw01/01_frame/678.jpg 62 124 134 360 34 333 131 235 40 204 136 37 68 88 96 66
videos.hw01/01_frame/679.jpg 4 70 36 84 0 64 56 60 8 72 6 8 0 26 90 6
videos.hw01/01_frame/680.jpg 42 26 109 329 92 157 137 185 36 62 88 47 46 58 194 54
videos.hw01/01_frame/681.jpg 50 108 253 626 156 403 183 768 128 261 126 122 66 82 144 163
videos.hw01/01_frame/682.jpg 20 32 109 391 44 350 183 755 102 211 76 90 16 22 20 26
videos.hw01/01_frame/683.jpg 6 60 39 272 72 258 295 547 30 204 61 214 20 18 106 88
videos.hw01/01_frame/684.jpg 68 126 29 300 56 217 275 514 60 232 89 74 60 30 98 23
videos.hw01/01_frame/685.jpg 6 2 53 310 88 456 345 501 20 222 99 250 54 28 14 6
videos.hw01/01_frame/686.jpg 46 26 112 294 90 396 243 509 102 309 172 94 38 102 76 24
videos.hw01/01_frame/687.jpg 10 100 26 176 96 376 215 339 34 375 96 83 34 40 94 52
videos.hw01/01_frame/688.jpg 48 118 240 139 172 205 214 506 58 267 135 180 22 68 166 50
videos.hw01/01_frame/689.jpg 56 50 105 129 150 294 221 213 36 138 77 37 44 116 156 34
videos.hw01/01_frame/690.jpg 178 94 209 283 78 393 294 324 94 259 114 63 92 36 160 148
videos.hw01/01_frame/691.jpg 98 58 103 118 32 148 72 102 6 128 50 36 4 38 62 135
videos.hw01/01_frame/692.jpg 104 98 183 421 128 370 166 546 74 167 75 81 90 42 166 140
videos.hw01/01_frame/693.jpg 108 206 168 854 166 371 327 1390 68 289 107 99 74 158 180 96
videos.hw01/01_frame/694.jpg 28 120 120 320 48 355 151 535 32 207 69 46 48 66 84 28
videos.hw01/01_frame/695.jpg 50 60 119 312 108 362 286 393 40 192 57 83 92 54 206 42
videos.hw01/01_frame/696.jpg 18 92 70 266 84 219 158 211 24 110 146 84 30 64 126 16
videos.hw01/01_frame/697.jpg 40 52 144 213 102 261 158 147 66 243 87 110 56 110 110 64
videos.hw01/01_frame/698.jpg 50 28 76 196 84 246 172 136 48 230 108 22 24 88 142 34
videos.hw01/01_frame/699.jpg 58 36 30 170 124 194 74 92 56 70 22 2 14 32 18 25
videos.hw01/01_frame/700.jpg 80 18 40 186 90 241 143 116 52 335 72 0 4 0 48 102
videos.hw01/01_frame/701.jpg 46 28 113 165 204 321 233 190 90 468 92 74 26 34 38 0
videos.hw01/01_frame/702.jpg 10 50 64 150 158 370 170 113 110 179 88 69 22 22 30 0
videos.hw01/01_frame/703.jpg 0 22 50 67 0 92 77 62 0 48 26 26 0 10 0 12
videos.hw01/01_frame/704.jpg 42 22 114 232 220 359 201 152 66 223 63 108 10 10 0 10
videos.hw01/01_frame/705.jpg 70 44 330 404 300 491 227 252 180 296 126 64 54 50 128 74
videos.hw01/01_frame/706.jpg 0 8 89 51 0 78 57 37 6 81 48 29 0 16 48 18
videos.hw01/01_frame/707.jpg 984 530 382 243 164 407 352 226 108 290 100 119 74 470 168 30
videos.hw01/01_frame/708.jpg 4433 7056 5604 4799 4183 5192 6795 5759 5652 7192 6754 4748 5255 7062 5300 2103
videos.hw01/01_frame/709.jpg 220 170 192 110 305 163 94 140 284 215 60 55 141 647 53 108
videos.hw01/01_frame/710.jpg 137 90 136 36 210 103 94 30 138 83 19 123 150 60 31 53
videos.hw01/01_frame/711.jpg 169 156 44 72 213 132 16 18 295 123 18 50 228 102 65 102
videos.hw01/01_frame/712.jpg 105 87 61 40 98 122 57 36 104 61 30 82 88 56 35 64
videos.hw01/01_frame/713.jpg 115 144 82 120 201 168 65 30 212 169 58 84 136 175 62 92
videos.hw01/01_frame/714.jpg 56 59 28 42 71 40 48 62 98 88 31 51 74 100 26 49
videos.hw01/01_frame/715.jpg 0 21 28 7 0 24 20 22 82 77 14 41 48 119 20 25
videos.hw01/01_frame/716.jpg 109 104 62 67 101 45 45 80 200 79 37 121 104 83 45 72
videos.hw01/01_frame/717.jpg 188 159 87 74 164 103 122 38 250 125 79 119 143 144 82 73
videos.hw01/01_frame/718.jpg 172 123 75 78 214 151 53 50 262 93 48 88 190 144 55 110
videos.hw01/01_frame/719.jpg 80 72 42 26 32 59 35 56 161 52 20 87 64 89 32 59
videos.hw01/01_frame/720.jpg 193 121 58 50 136 145 28 18 228 161 76 92 123 137 84 73
videos.hw01/01_frame/721.jpg 80 77 35 24 122 61 48 24 122 52 5 58 157 108 24 48
videos.hw01/01_frame/722.jpg 235 123 107 38 212 181 54 42 364 149 44 95 88 171 40 134
videos.hw01/01_frame/723.jpg 138 81 58 24 111 59 70 50 252 57 24 61 70 116 11 35
videos.hw01/01_frame/724.jpg 156 112 53 48 182 205 70 24 306 159 37 109 176 321 41 63
videos.hw01/01_frame/725.jpg 209 104 25 20 173 122 76 104 261 175 10 52 142 76 22 69
videos.hw01/01_frame/726.jpg 126 158 49 104 152 161 57 50 148 73 79 139 159 139 53 80
videos.hw01/01_frame/727.jpg 0 37 19 44 34 78 8 28 40 85 50 53 12 56 41 48
videos.hw01/01_frame/728.jpg 112 188 36 60 185 125 39 94 268 125 99 116 75 74 71 126
videos.hw01/01_frame/729.jpg 156 134 56 149 202 117 112 66 189 149 79 76 83 131 60 111
videos.hw01/01_frame/730.jpg 232 190 114 52 200 191 34 130 306 174 101 167 214 240 78 85
videos.hw01/01_frame/731.jpg 150 80 35 48 125 120 49 122 187 78 19 85 129 96 36 39
videos.hw01/01_frame/732.jpg 179 205 56 16 245 168 54 68 316 142 47 91 160 98 53 55
videos.hw01/01_frame/733.jpg 101 73 109 62 58 77 30 68 106 49 39 39 125 95 40 52
videos.hw01/01_frame/734.jpg 154 108 73 70 141 91 38 74 251 123 28 94 131 109 87 49
videos.hw01/01_frame/735.jpg 115 168 111 38 148 91 58 38 179 182 28 106 70 144 36 102
videos.hw01/01_frame/736.jpg 132 134 33 16 105 64 30 60 143 97 18 62 100 88 36 26
videos.hw01/01_frame/737.jpg 125 123 44 38 191 151 56 74 342 137 69 82 201 218 43 72
videos.hw01/01_frame/738.jpg 104 82 54 22 56 65 38 106 264 106 23 26 141 128 39 52
videos.hw01/01_frame/739.jpg 0 16 8 23 0 16 14 28 0 52 4 17 0 65 19 7
videos.hw01/01_frame/740.jpg 114 79 143 73 125 124 51 132 240 116 59 21 84 105 53 79
videos.hw01/01_frame/741.jpg 144 157 73 110 220 110 73 186 239 146 38 121 155 137 88 99
videos.hw01/01_frame/742.jpg 165 140 88 86 151 119 122 94 234 103 46 90 147 144 75 109
videos.hw01/01_frame/743.jpg 24 0 10 4 22 6 6 10 70 19 6 0 28 0 4 0
videos.hw01/01_frame/744.jpg 169 137 52 88 189 136 37 180 170 108 78 112 119 127 39 97
videos.hw01/01_frame/745.jpg 169 114 138 64 174 196 83 196 287 141 57 94 240 187 48 100
videos.hw01/01_frame/746.jpg 171 50 74 56 201 129 38 64 89 150 35 51 118 131 85 80
videos.hw01/01_frame/747.jpg 226 86 27 78 186 118 46 68 230 144 37 56 107 182 92 58
videos.hw01/01_frame/748.jpg 85 136 55 52 137 86 54 82 172 153 39 51 135 123 64 76
videos.hw01/01_frame/749.jpg 101 96 75 68 178 125 31 30 193 116 51 87 104 173 39 50
videos.hw01/01_frame/750.jpg 111 86 92 108 154 126 50 64 170 188 77 93 128 102 76 71
videos.hw01/01_frame/751.jpg 0 10 16 38 0 41 4 44 10 123 29 39 0 43 15 28
videos.hw01/01_frame/752.jpg 112 121 27 96 153 168 62 48 155 123 59 139 62 103 49 67
videos.hw01/01_frame/753.jpg 160 182 109 84 169 180 46 118 232 165 84 106 165 118 74 124
videos.hw01/01_frame/754.jpg 164 94 39 26 135 97 58 88 160 120 102 116 76 91 59 39
videos.hw01/01_frame/755.jpg 123 163 120 78 153 174 33 86 229 207 45 104 158 144 46 37
videos.hw01/01_frame/756.jpg 165 67 64 58 115 132 76 94 135 109 95 96 139 196 155 96
videos.hw01/01_frame/757.jpg 64 59 74 68 61 49 50 54 138 62 36 88 58 34 43 23
videos.hw01/01_frame/758.jpg 190 102 59 32 155 142 127 64 261 182 51 83 121 175 85 47
videos.hw01/01_frame/759.jpg 90 129 39 13 85 35 66 78 126 110 28 92 50 91 41 69
videos.hw01/01_frame/760.jpg 160 78 43 68 183 95 94 68 233 98 41 110 86 107 63 69
videos.hw01/01_frame/761.jpg 132 192 43 84 126 119 72 58 187 148 54 119 144 141 35 53
videos.hw01/01_frame/762.jpg 298 161 67 181 225 144 116 100 363 230 98 87 168 148 99 90
videos.hw01/01_frame/763.jpg 50 59 10 54 68 72 42 38 34 105 22 59 12 28 20 44
videos.hw01/01_frame/764.jpg 60 32 24 20 118 69 27 50 182 63 23 65 124 33 38 30
videos.hw01/01_frame/765.jpg 224 201 151 72 146 132 58 152 202 205 129 87 166 154 79 115
videos.hw01/01_frame/766.jpg 182 77 60 73 187 108 98 107 127 165 30 94 122 154 58 36
videos.hw01/01_frame/767.jpg 28 58 0 4 29 25 6 12 94 42 0 0 66 16 2 7
videos.hw01/01_frame/768.jpg 110 80 92 10 142 112 22 175 263 158 38 122 108 86 43 99
videos.hw01/01_frame/769.jpg 5462 7741 5432 4875 3787 5581 6647 5285 5529 6915 6628 4359 5179 7542 5263 1674
videos.hw01/01_frame/770.jpg 136 122 112 349 174 321 83 108 76 170 45 75 50 86 74 46
videos.hw01/01_frame/771.jpg 50 106 81 244 150 337 106 175 80 104 31 70 26 56 66 14
videos.hw01/01_frame/772.jpg 142 98 246 243 126 275 156 208 152 188 88 57 44 76 110 63
videos.hw01/01_frame/773.jpg 16 26 191 233 62 147 106 141 42 49 50 68 32 40 94 4
videos.hw01/01_frame/774.jpg 16 96 220 253 112 222 164 264 42 225 84 126 186 122 132 91
videos.hw01/01_frame/775.jpg 22 24 106 71 28 54 75 87 10 38 8 18 10 20 42 14
videos.hw01/01_frame/776.jpg 10 44 251 246 44 271 253 202 42 155 60 95 42 52 104 35
videos.hw01/01_frame/777.jpg 84 140 561 540 356 354 436 451 162 245 170 146 106 202 204 101
videos.hw01/01_frame/778.jpg 14 24 238 331 188 231 356 294 90 172 110 55 52 110 56 45
videos.hw01/01_frame/779.jpg 74 42 384 320 232 289 402 213 104 494 80 79 16 48 94 30
videos.hw01/01_frame/780.jpg 90 78 346 388 184 327 363 259 92 286 123 70 34 64 98 33
videos.hw01/01_frame/781.jpg 82 46 297 362 162 245 432 155 74 139 49 69 60 64 62 54
videos.hw01/01_frame/782.jpg 38 86 268 259 110 303 464 307 56 136 83 74 0 30 36 0
videos.hw01/01_frame/783.jpg 42 38 243 208 96 205 319 146 44 221 97 59 76 76 188 12
videos.hw01/01_frame/784.jpg 76 120 219 170 118 244 295 138 78 243 94 86 4 0 134 89
videos.hw01/01_frame/785.jpg 34 104 268 110 58 329 610 315 68 231 147 165 116 44 102 75
videos.hw01/01_frame/786.jpg 60 44 242 114 134 261 407 114 40 156 104 111 90 32 102 100
videos.hw01/01_frame/787.jpg 136 158 152 103 44 198 102 40 90 117 59 62 108 144 164 91
videos.hw01/01_frame/788.jpg 48 58 234 214 156 502 485 213 116 139 158 155 76 158 136 48
videos.hw01/01_frame/789.jpg 78 110 397 268 238 548 381 262 100 221 156 136 64 82 238 30
videos.hw01/01_frame/790.jpg 42 58 220 200 94 196 445 178 68 207 95 69 38 14 130 66
videos.hw01/01_frame/791.jpg 56 30 317 289 86 197 655 524 68 197 135 94 42 2 82 76
videos.hw01/01_frame/792.jpg 26 18 641 514 92 171 595 479 34 181 73 113 40 6 64 32
videos.hw01/01_frame/793.jpg 72 128 491 556 236 210 416 648 40 152 101 277 60 62 72 32
videos.hw01/01_frame/794.jpg 34 46 524 424 194 231 528 323 56 205 104 86 12 44 116 24
videos.hw01/01_frame/795.jpg 12 20 231 235 222 332 225 149 66 359 73 48 4 24 60 54
videos.hw01/01_frame/796.jpg 24 56 349 212 162 318 225 122 64 214 65 53 50 84 102 57
videos.hw01/01_frame/797.jpg 10 18 526 358 98 229 237 275 84 86 60 73 22 60 70 68
videos.hw01/01_frame/798.jpg 6 14 368 298 102 299 226 214 46 142 75 94 60 24 162 63
videos.hw01/01_frame/799.jpg 8 14 80 54 8 22 54 34 12 32 14 18 34 74 40 25
videos.hw01/01_frame/800.jpg 2 34 388 319 170 248 377 224 114 136 100 102 2 0 96 70
videos.hw01/01_frame/801.jpg 36 104 364 319 324 367 542 334 134 257 104 228 44 76 206 96
videos.hw01/01_frame/802.jpg 38 12 254 198 144 272 307 151 88 220 70 93 8 0 108 12
videos.hw01/01_frame/803.jpg 100 64 260 167 104 166 237 189 58 196 120 52 10 54 138 25
videos.hw01/01_frame/804.jpg 94 118 446 230 126 352 318 171 94 157 101 29 66 154 172 120
videos.hw01/01_frame/805.jpg 52 56 378 209 138 484 334 272 88 179 87 92 110 200 94 52
videos.hw01/01_frame/806.jpg 50 14 467 401 160 258 469 503 54 149 113 67 44 112 128 56
videos.hw01/01_frame/807.jpg 88 46 488 354 98 315 484 234 24 226 123 75 28 80 184 70
videos.hw01/01_frame/808.jpg 74 108 656 281 282 259 188 147 94 208 139 48 84 144 190 127
videos.hw01/01_frame/809.jpg 46 38 487 261 88 226 145 121 44 99 78 67 16 78 70 76
videos.hw01/01_frame/810.jpg 6 96 334 333 128 412 357 227 38 179 99 108 52 106 152 113
videos.hw01/01_frame/811.jpg 12 58 54 37 30 62 95 62 24 56 18 19 52 70 76 38
videos.hw01/01_frame/812.jpg 20 70 483 328 118 392 490 336 30 139 87 88 72 74 98 78
videos.hw01/01_frame/813.jpg 42 80 541 491 206 482 977 579 140 318 194 199 68 162 270 199
videos.hw01/01_frame/814.jpg 64 20 350 224 138 295 453 282 76 201 82 15 26 102 88 33
videos.hw01/01_frame/815.jpg 12 72 474 353 180 237 501 454 32 165 103 66 12 118 202 84
videos.hw01/01_frame/816.jpg 12 70 444 304 104 366 466 584 76 206 87 38 14 48 152 132
videos.hw01/01_frame/817.jpg 54 40 514 353 146 408 709 785 46 205 204 36 44 30 138 98
videos.hw01/01_frame/818.jpg 6 24 485 720 172 418 799 904 30 183 102 46 22 76 134 101
videos.hw01/01_frame/819.jpg 6 28 181 660 156 494 371 791 26 236 119 32 32 94 154 119
videos.hw01/01_frame/820.jpg 6 50 198 664 116 432 319 1291 52 310 172 26 26 66 236 86
videos.hw01/01_frame/821.jpg 0 44 198 294 140 508 322 979 70 248 209 21 48 40 180 146
videos.hw01/01_frame/822.jpg 52 62 277 309 232 454 380 183 54 252 178 29 36 46 200 228
videos.hw01/01_frame/823.jpg 104 192 204 106 38 94 48 61 46 154 43 75 104 80 104 127
videos.hw01/01_frame/824.jpg 18 172 302 176 222 870 306 422 50 238 187 118 22 88 168 110
videos.hw01/01_frame/825.jpg 106 124 230 117 308 922 389 364 84 278 185 107 94 280 198 175
videos.hw01/01_frame/826.jpg 82 74 104 283 338 670 351 166 36 236 316 19 88 80 224 150
videos.hw01/01_frame/827.jpg 26 52 40 69 26 124 90 45 20 72 28 16 42 4 48 136
videos.hw01/01_frame/828.jpg 28 2 42 52 8 20 76 108 2 68 94 12 0 74 84 64
