videos.hw01/01_frame/0.jpg 0 0 0 0 0 0 0 0 0 0 0 0 0 0 0 0
videos.hw01/01_frame/1.jpg 4752 3208 2660 1288 614 1382 1054 2632 134 12150 1604 690 1218 2702 1492 2816
videos.hw01/01_frame/2.jpg 1398 196 662 386 1086 888 180 446 88 4150 2150 520 48 618 1432 402
videos.hw01/01_frame/3.jpg 628 778 1130 632 372 1552 1034 452 240 2562 512 536 736 4466 164 1584
videos.hw01/01_frame/4.jpg 1164 2736 2370 662 2456 730 322 824 468 3664 2614 1680 116 1092 342 452
videos.hw01/01_frame/5.jpg 660 1356 3292 840 628 1042 782 446 234 1504 3824 674 668 354 2196 204
videos.hw01/01_frame/6.jpg 316 2284 3462 1796 470 4640 308 3382 828 7030 3362 5412 1872 2124 5902 860
videos.hw01/01_frame/7.jpg 78 360 56 210 254 850 58 90 110 658 388 556 524 372 26 156
videos.hw01/01_frame/8.jpg 834 2350 6494 478 748 1150 1918 996 428 3982 2184 648 234 384 3948 314
videos.hw01/01_frame/9.jpg 1484 3776 2572 436 294 3912 3844 1346 3604 8428 474 1724 1474 2776 5758 8222
videos.hw01/01_frame/10.jpg 804 650 1842 1464 1042 2200 3346 584 252 3502 1486 6140 456 1032 526 556
videos.hw01/01_frame/11.jpg 372 1236 1018 982 4308 2090 1872 720 948 10986 1194 2856 1792 1152 4180 178
videos.hw01/01_frame/12.jpg 206 72 64 0 40 162 22 2 36 58 8 22 22 148 0 8
videos.hw01/01_frame/13.jpg 474 1238 1678 1878 254 1032 942 510 1340 2554 348 1808 768 510 522 356
videos.hw01/01_frame/14.jpg 6872 4524 7600 1480 1518 7246 3460 534 228 3196 4750 2724 3324 4038 2698 792
videos.hw01/01_frame/15.jpg 2040 1036 3156 856 738 1066 2794 666 194 1308 1588 1006 198 1144 826 228
videos.hw01/01_frame/16.jpg 382 1698 2216 546 164 1116 2562 1038 44 6780 226 350 1464 646 26 386
videos.hw01/01_frame/17.jpg 1018 2702 2420 1152 832 2934 1606 624 2322 1580 1336 1034 296 1074 2236 42
videos.hw01/01_frame/18.jpg 1790 826 3508 1518 942 6782 1212 1270 266 1686 1330 1468 1202 3220 1506 1342
videos.hw01/01_frame/19.jpg 676 620 66 286 222 1014 550 146 224 192 264 250 566 382 516 578
videos.hw01/01_frame/20.jpg 370 748 1666 1134 252 2978 1294 620 1016 3464 2422 338 68 750 10622 190
videos.hw01/01_frame/21.jpg 3884 4044 4186 1714 1290 4840 1040 1428 376 9712 3198 4928 1466 5678 29204 644
videos.hw01/01_frame/22.jpg 254 604 792 318 34 1012 360 820 36 6374 2794 292 776 1092 342 34
videos.hw01/01_frame/23.jpg 3870 2786 1662 2412 514 5132 4728 764 898 3000 4290 1102 1832 1434 1482 4212
videos.hw01/01_frame/24.jpg 2558 758 988 292 58 858 154 548 396 864 608 718 600 1232 582 880
videos.hw01/01_frame/25.jpg 606 2820 10086 966 444 1914 3604 1014 322 1778 592 760 488 2206 1508 1142
videos.hw01/01_frame/26.jpg 2100 4290 1428 496 1148 9068 532 2334 684 966 23486 660 982 1932 1612 948
videos.hw01/01_frame/27.jpg 546 0 14 8 12 280 38 106 140 5482 1958 480 320 1564 314 734
videos.hw01/01_frame/28.jpg 1956 2864 1652 932 884 2506 6056 1062 142 3054 10950 1512 1070 1590 1738 660
videos.hw01/01_frame/29.jpg 90 272 54 192 144 1084 8 64 210 2120 470 506 418 1268 1092 370
videos.hw01/01_frame/30.jpg 2796 1474 1856 566 124 482 660 322 266 12644 9340 1582 878 858 4962 458
videos.hw01/01_frame/31.jpg 32 70 64 228 16 262 22 32 24 522 100 104 26 456 160 108
videos.hw01/01_frame/32.jpg 780 648 4486 384 56 658 538 96 156 1900 19428 600 542 1076 3828 1360
videos.hw01/01_frame/33.jpg 2492 1738 694 720 934 2332 1764 400 96 5182 17478 5034 392 6940 2844 1762
videos.hw01/01_frame/34.jpg 482 602 1002 166 66 142 114 88 78 14274 1398 5448 194 1630 4086 712
videos.hw01/01_frame/35.jpg 1218 2576 1698 150 288 378 1078 370 904 1608 2454 3010 650 1232 1022 2252
videos.hw01/01_frame/36.jpg 1108 1058 2394 372 292 844 1036 160 70 4576 2000 854 1916 1996 11482 1000
videos.hw01/01_frame/37.jpg 950 934 4614 1768 2084 1136 342 622 1926 2090 3382 1058 1306 13534 1018 1264
videos.hw01/01_frame/38.jpg 2610 2580 1298 786 1164 1536 760 610 110 4164 1994 1466 598 1596 2760 1404
videos.hw01/01_frame/39.jpg 24 32 0 84 10 102 0 4 102 388 0 0 578 616 0 104
videos.hw01/01_frame/40.jpg 1170 48 298 284 214 190 104 308 230 1884 2242 854 626 4164 8390 632
videos.hw01/01_frame/41.jpg 3520 3984 7310 1478 1552 3180 1172 918 858 5446 8778 8306 2068 5074 13900 1848
videos.hw01/01_frame/42.jpg 14 362 112 188 22 1296 58 146 30 1430 11144 814 184 2404 2498 1036
videos.hw01/01_frame/43.jpg 14 408 48 164 12 1296 58 146 84 250 10 156 152 520 638 110
videos.hw01/01_frame/44.jpg 56 1230 538 622 132 270 228 86 46 2470 1066 550 1034 3150 1366 488
videos.hw01/01_frame/45.jpg 6778 2434 1908 2416 3362 944 908 1214 502 5340 11872 4000 1342 12900 16946 2446
videos.hw01/01_frame/46.jpg 542 1206 4080 840 290 996 302 426 1096 1270 406 222 1608 3862 4202 890
videos.hw01/01_frame/47.jpg 206 2202 6020 314 864 3858 874 636 86 1828 10486 264 1712 8284 1184 4180
videos.hw01/01_frame/48.jpg 530 1078 326 522 128 3856 528 442 1964 2652 2724 1120 1040 2056 5976 986
videos.hw01/01_frame/49.jpg 2126 2686 1780 3400 474 816 4088 1606 702 1806 12014 6136 1524 2446 2324 1442
videos.hw01/01_frame/50.jpg 2062 1298 620 206 1530 1226 112 498 182 1236 19090 8480 368 4088 4370 2402
videos.hw01/01_frame/51.jpg 1486 1388 15266 492 346 2418 964 530 136 9782 660 1864 598 3054 5768 644
videos.hw01/01_frame/52.jpg 1512 3390 7654 2416 852 4966 2806 1628 338 9100 5632 1680 178 826 6760 950
videos.hw01/01_frame/53.jpg 846 1900 2312 2310 522 2680 1526 762 916 3252 572 1860 686 3334 1234 12854
videos.hw01/01_frame/54.jpg 12 298 0 74 72 56 0 38 92 526 14 152 116 298 28 164
videos.hw01/01_frame/55.jpg 2060 2644 774 574 1734 1108 986 1110 182 2136 890 11318 1690 3532 1634 2726
videos.hw01/01_frame/56.jpg 2460 6058 1474 1370 1792 4680 2048 8006 1088 5542 4314 5214 2986 3000 7326 1846
videos.hw01/01_frame/57.jpg 2932 2324 3666 1242 1568 1670 340 806 242 1742 446 1584 1314 4394 7960 15894
videos.hw01/01_frame/58.jpg 1086 1828 4422 1474 1502 8500 2436 6236 270 2868 2950 3228 754 3626 4458 6378
videos.hw01/01_frame/59.jpg 322 4250 7190 4532 1412 5842 1662 2908 406 10486 17512 342 778 4116 7092 3222
videos.hw01/01_frame/60.jpg 3974 1298 1454 816 956 2346 654 738 28 4912 1200 2068 762 4162 2446 842
videos.hw01/01_frame/61.jpg 1230 1406 2588 2202 390 3432 1308 2094 296 1398 17000 1306 1396 4206 7618 3744
videos.hw01/01_frame/62.jpg 7746 3768 2728 788 942 4048 362 1594 1378 7916 2300 1774 634 4708 3604 4396
videos.hw01/01_frame/63.jpg 4996 2568 1932 1294 374 3108 1084 1316 684 834 4672 1872 1106 4120 14706 5866
videos.hw01/01_frame/64.jpg 324 1306 1144 310 390 590 72 130 688 5620 7192 5866 328 1264 11496 3404
videos.hw01/01_frame/65.jpg 530 3226 28886 2638 4770 12566 5724 3246 854 49376 9346 16982 2474 3028 15456 938
videos.hw01/01_frame/66.jpg 306 262 64 50 120 430 18 340 276 20 328 760 10 402 156 346
videos.hw01/01_frame/67.jpg 40274 27648 7176 484 312 5568 4526 15412 470 3378 2592 6320 10830 11168 4728 10180
videos.hw01/01_frame/68.jpg 5554314 5869286 4134566 791814 1457180 3363996 11016810 3331856 540238 2241288 6813472 1307170 548794 7422192 3021936 903528
videos.hw01/01_frame/69.jpg 24084 13018 6126 8822 19078 8892 11834 256042 35698 26710 17930 28888 4196 2414 18562 15842
videos.hw01/01_frame/70.jpg 1912 4416 4878 5092 3806 22770 7186 22382 6774 8056 12328 7160 14 4252 1526 2508
videos.hw01/01_frame/71.jpg 1374 4350 16412 9766 3204 3920 3560 6422 1712 8884 3634 8736 374 154 6182 1710
videos.hw01/01_frame/72.jpg 222 646 3982 6872 5548 23510 5936 8908 12620 13544 7642 8232 654 582 10146 2034
videos.hw01/01_frame/73.jpg 2818 13528 3662 5056 6124 8062 12826 13152 2632 8150 32610 10210 5514 2858 6514 1772
videos.hw01/01_frame/74.jpg 246 2204 6338 9552 11052 19462 10498 32482 33146 8438 5004 6698 338 1572 6936 1160
videos.hw01/01_frame/75.jpg 134 968 6148 6018 6352 10698 8496 9878 5650 11970 7284 8234 62 1308 4626 772
videos.hw01/01_frame/76.jpg 5342 1496 13184 4554 8878 9618 8240 50178 9164 23808 4262 4994 1302 1270 12056 2354
videos.hw01/01_frame/77.jpg 200 1452 6962 27210 6942 8448 11710 6260 4422 12780 8884 6698 42 1486 2840 1606
videos.hw01/01_frame/78.jpg 4556 7938 18772 10236 23258 14616 16384 24040 5606 26298 7324 2986 2906 242 14358 1470
videos.hw01/01_frame/79.jpg 2 46 6 0 8 166 202 426 180 24 276 154 0 32 78 190
videos.hw01/01_frame/80.jpg 98 1156 3300 2824 4686 14740 21630 10582 11304 17634 8572 11234 86 990 4640 552
videos.hw01/01_frame/81.jpg 962 15568 5458 21388 23548 40962 51036 65574 13550 115702 45568 3726 730 5654 68356 3196
videos.hw01/01_frame/82.jpg 1770 7434 11374 18158 23976 13662 8544 154142 2730 26340 36744 46386 366 1676 7636 6354
videos.hw01/01_frame/83.jpg 356 3328 14710 6556 6312 15452 11368 96412 1856 13250 14218 234 2 244 9222 1580
videos.hw01/01_frame/84.jpg 15026 11960 32182 13418 18274 10294 5478 70918 1454 14534 22246 5860 1376 2266 17074 5378
videos.hw01/01_frame/85.jpg 870 1972 1476 9456 2162 4848 19344 57822 2512 2106 13034 15334 1626 3542 5652 2056
videos.hw01/01_frame/86.jpg 306 2194 4022 8584 11422 6082 1892 9998 2542 7874 27240 1776 14 172 11746 27236
videos.hw01/01_frame/87.jpg 1352 2932 3840 3226 6670 16812 8064 51772 1662 11036 3712 4048 104 5534 12352 3894
videos.hw01/01_frame/88.jpg 1622 7772 5210 22794 15940 6510 2322 141736 6712 11272 23114 24484 1706 2416 3204 1756
videos.hw01/01_frame/89.jpg 7118 3204 5410 12742 5242 9862 10206 69956 1630 5434 1958 792 44 1178 4474 1522
videos.hw01/01_frame/90.jpg 4116 1734 2718 2742 12606 7118 3876 16358 428 3168 4780 7384 154 876 4176 6076
videos.hw01/01_frame/91.jpg 24 0 38 140 478 686 188 436 78 458 74 888 50 34 46 0
videos.hw01/01_frame/92.jpg 2936 4016 4870 6008 7064 14698 6174 44604 294 1988 1310 28712 662 3008 2146 1968
videos.hw01/01_frame/93.jpg 516 318 13030 7886 16200 54952 7990 30666 1494 5746 4672 43288 352 1306 20638 11992
videos.hw01/01_frame/94.jpg 1426 2828 40844 7042 11350 23318 17462 13720 766 2054 47482 13196 386 622 4228 2682
videos.hw01/01_frame/95.jpg 7566 2462 1224 7934 13440 33034 10986 22698 228 2426 28388 14988 762 2170 5948 798
videos.hw01/01_frame/96.jpg 2820 30270 93822 12422 21874 44722 5854 144362 6466 6394 6804 38898 1262 1120 14734 3344
videos.hw01/01_frame/97.jpg 392 1670 12760 7632 3048 20882 9228 33486 3300 9916 13158 13580 1830 1984 3566 2576
videos.hw01/01_frame/98.jpg 2026 22688 5912 1838 5484 9540 16002 1240 830 23124 3612 2670 2214 2758 3316 6054
videos.hw01/01_frame/99.jpg 504 2552 4918 2248 3828 5424 25022 4472 700 2464 4104 16088 244 2802 950 13160
videos.hw01/01_frame/100.jpg 4356 4522 22244 2442 12882 17568 42966 4770 4136 1480 6116 14888 198 2168 4560 684
videos.hw01/01_frame/101.jpg 1762 10268 3974 1878 3744 33054 6122 3298 1332 806 822 576 100 1180 2264 1052
videos.hw01/01_frame/102.jpg 1586 19942 6964 6958 7928 20512 9348 8416 2188 1606 2246 10186 1454 426 6828 2048
videos.hw01/01_frame/103.jpg 468 1842 1332 284 96 654 1644 240 58 1138 498 16 10 232 1198 308
videos.hw01/01_frame/104.jpg 3890 14788 6038 2964 1464 8130 1166 3320 1364 9272 7440 1396 74 2298 5378 686
videos.hw01/01_frame/105.jpg 2814 1456 5860 9408 5012 3982 12642 3510 5474 7956 11254 2386 588 2314 2594 1644
videos.hw01/01_frame/106.jpg 922 3362 5016 3678 4396 9006 8052 3980 2584 2390 7324 390 1194 188 2802 1974
videos.hw01/01_frame/107.jpg 9842 4554 2842 2522 3962 16326 10426 4472 260 4492 1874 4006 174 314 5876 1630
videos.hw01/01_frame/108.jpg 1446 2678 4580 10612 2114 11160 8152 2568 654 14064 3472 772 1226 1784 16056 7392
videos.hw01/01_frame/109.jpg 4712 4570 19910 4716 9838 3460 6192 2238 730 758 1186 690 344 1752 5366 3118
videos.hw01/01_frame/110.jpg 4130 1272 2726 2202 2646 25968 4480 5876 2098 2966 1574 14706 274 2854 2380 1394
videos.hw01/01_frame/111.jpg 994 3530 7752 1228 13600 12666 6134 3376 66 56 1296 2834 806 310 1152 946
videos.hw01/01_frame/112.jpg 872 2638 6900 4446 7498 20446 13844 2814 2546 454 4888 1446 702 266 1106 2422
videos.hw01/01_frame/113.jpg 446 1426 7850 4206 5670 20916 4148 2798 110 2464 23648 3036 14 86 3374 1126
videos.hw01/01_frame/114.jpg 3182 3366 5172 4310 14090 5676 14288 4606 1022 4030 26456 47060 1290 1908 3476 2342
videos.hw01/01_frame/115.jpg 0 8 0 0 0 8 0 0 0 316 0 0 2 32 0 0
videos.hw01/01_frame/116.jpg 7790 5646 902 534 8198 5312 6034 3454 1686 5170 1408 1256 16 1200 4120 1044
videos.hw01/01_frame/117.jpg 1542 878 40156 14498 21938 24762 13762 8566 1388 13610 38950 339422 914 958 3774 5974
videos.hw01/01_frame/118.jpg 50 276 1886 5026 10978 8902 3168 2602 5078 2802 4004 81298 14 60 3098 558
videos.hw01/01_frame/119.jpg 0 144 3682 2440 8480 2856 4068 5344 272 1776 7392 2154 18 182 1808 2558
videos.hw01/01_frame/120.jpg 86 75492 9290 5182 5806 6786 6386 3736 4554 21418 350852 35706 170 25966 96166 1076
videos.hw01/01_frame/121.jpg 0 90 136 938 228 1060 1306 998 222 196 1740 0 0 0 202 106
videos.hw01/01_frame/122.jpg 734 756 2952 56000 7876 18782 75884 36532 106 1850 3266 20338 44 344 13514 1714
videos.hw01/01_frame/123.jpg 16022332 10391964 4922144 5190492 7166832 9921470 12837084 11793972 18182758 11782342 10390772 6405358 18134076 13972862 14377568 5085226
videos.hw01/01_frame/124.jpg 156 2454 460944 38 4432 37950 155870 266 8 4390 11498 1116 234 187770 78208 618
videos.hw01/01_frame/125.jpg 106 4918 4634 300 1332 5918 3644 338 2194 4140 942 442 144 1720 2252 204
videos.hw01/01_frame/126.jpg 48 870 6410 128 1426 1708 1784 546 180 1424 1446 100 104 586 1138 74
videos.hw01/01_frame/127.jpg 0 442 94 8 0 848 14 8 0 398 382 124 32 92 114 148
videos.hw01/01_frame/128.jpg 2 754 1780 2 302 1620 1248 266 78 1530 1116 536 112 768 832 560
videos.hw01/01_frame/129.jpg 406 5114 3288 68 2428 18520 1030 824 188 12424 3042 3608 98 1752 2050 450
videos.hw01/01_frame/130.jpg 74 3346 4566 94 2720 2282 2994 4256 246 9404 3010 1156 510 3484 1732 752
videos.hw01/01_frame/131.jpg 140 1190 3622 2 644 724 334 114 2002 3186 970 414 194 1600 786 46
videos.hw01/01_frame/132.jpg 306 2744 4032 8 1488 6178 6916 322 2318 3470 830 204 314 1796 618 414
videos.hw01/01_frame/133.jpg 418 4376 610 8 180 280 1020 266 1304 1456 1282 272 328 2284 524 92
videos.hw01/01_frame/134.jpg 170 1178 1934 70 1434 1632 550 38 160 1014 1710 1498 42 2110 1116 290
videos.hw01/01_frame/135.jpg 0 318 94 6 2 410 24 14 16 530 70 18 4 474 260 92
videos.hw01/01_frame/136.jpg 130 2060 948 130 416 866 146 82 128 1032 2222 354 36 1240 950 274
videos.hw01/01_frame/137.jpg 994 8682 4112 2488 2860 2860 3206 1872 1436 2108 3426 914 122 3660 968 840
videos.hw01/01_frame/138.jpg 458 4514 224 108 798 1644 106 622 148 350 188 84 16 126 144 28
videos.hw01/01_frame/139.jpg 306 506 232 4 216 410 280 0 148 2334 400 84 20 410 348 28
videos.hw01/01_frame/140.jpg 672 5406 2282 16 768 970 876 32 226 1402 424 8 130 3428 318 0
videos.hw01/01_frame/141.jpg 156 2684 7130 152 1144 2048 17018 1946 652 5232 2516 570 102 1586 1772 526
videos.hw01/01_frame/142.jpg 28 1056 1274 72 662 2012 7072 114 34 1094 442 582 176 644 802 598
videos.hw01/01_frame/143.jpg 36 1584 1608 98 168 3512 7326 32 1040 920 1292 128 44 1102 772 190
videos.hw01/01_frame/144.jpg 44 2200 730 30 1392 446 38 2 70 498 798 320 0 220 28 186
videos.hw01/01_frame/145.jpg 222 2116 2612 64 450 1344 1346 234 78 2308 1064 156 118 1138 564 122
videos.hw01/01_frame/146.jpg 152 232 2394 220 804 1706 6 278 842 5042 1570 108 298 4754 2004 184
videos.hw01/01_frame/147.jpg 98 2454 2098 68 1836 656 74 1806 184 2056 1608 1590 192 3250 1712 218
videos.hw01/01_frame/148.jpg 226 600 1758 24 1348 3708 312 1502 460 1774 1400 104 58 3998 1636 330
videos.hw01/01_frame/149.jpg 556 1704 1050 108 350 2622 898 1476 58 4450 1700 498 56 332 1090 46
videos.hw01/01_frame/150.jpg 274 2330 1324 132 658 2508 1958 128 218 3594 2048 1126 426 2234 640 108
videos.hw01/01_frame/151.jpg 0 142 518 16 2 98 134 234 12 294 104 288 22 138 70 52
videos.hw01/01_frame/152.jpg 186 1556 5066 32 1246 3630 508 128 466 1806 906 238 72 1592 810 130
videos.hw01/01_frame/153.jpg 260 1342 2630 216 1184 5202 248 122 212 1530 2112 436 76 8458 1700 286
videos.hw01/01_frame/154.jpg 640 3304 1982 100 696 1882 136 38 46 1528 1176 1880 46 2006 902 120
videos.hw01/01_frame/155.jpg 328 5982 470 88 2356 4640 6488 542 386 2382 2774 504 26 2638 1278 62
videos.hw01/01_frame/156.jpg 0 888 172 2 0 240 934 0 2 482 214 122 0 218 164 22
videos.hw01/01_frame/157.jpg 340 6388 1482 40 1158 1012 1634 126 318 3338 2496 3918 90 4390 946 36
videos.hw01/01_frame/158.jpg 616 12226 6458 856 3470 1832 14318 800 616 2870 2194 7588 32 2074 1314 230
videos.hw01/01_frame/159.jpg 868 9538 13444 578 1116 22342 2760 2642 752 5226 7080 816 324 8752 2602 162
videos.hw01/01_frame/160.jpg 44 878 156 66 1834 1856 182 614 2 430 1390 174 0 2 142 110
videos.hw01/01_frame/161.jpg 46 1326 54 142 2520 8166 728 122 568 1100 700 668 16 1338 768 2
videos.hw01/01_frame/162.jpg 48 454 342 386 694 2952 1366 1602 130 778 1596 4160 224 946 1274 156
videos.hw01/01_frame/163.jpg 156 902 228 38 780 6662 1814 332 224 2034 6428 5886 58 7316 1052 56
videos.hw01/01_frame/164.jpg 286 1314 576 102 2454 2448 3182 122 338 4554 1408 2418 46 1178 566 348
videos.hw01/01_frame/165.jpg 550 628 350 42 1564 2006 692 38 282 1900 2500 654 184 1644 962 66
videos.hw01/01_frame/166.jpg 858 2098 1566 40 1334 1606 1688 26 324 4854 2928 656 60 1086 1578 148
videos.hw01/01_frame/167.jpg 188 1858 956 28 338 484 548 402 40 1706 3998 850 92 2560 644 102
videos.hw01/01_frame/168.jpg 194 748 668 38 10 172 294 0 126 274 1090 174 6 390 610 10
videos.hw01/01_frame/169.jpg 166 1156 366 30 414 380 30 126 112 3572 1628 140 184 1818 332 84
videos.hw01/01_frame/170.jpg 200 838 204 66 528 1716 298 18 228 2630 2180 472 24 1400 872 198
videos.hw01/01_frame/171.jpg 50 358 182 10 1048 1550 16 350 82 1072 930 236 64 1570 572 190
videos.hw01/01_frame/172.jpg 240 2930 134 50 1486 1674 230 74 136 3052 1544 642 22 738 1684 24
videos.hw01/01_frame/173.jpg 522 766 138 68 170 1960 1152 24 126 2754 3878 204 52 450 1054 80
videos.hw01/01_frame/174.jpg 152 358 200 36 408 2048 110 104 188 2784 2490 870 38 2170 1536 156
videos.hw01/01_frame/175.jpg 0 284 2 0 4 354 268 74 0 112 256 32 4 584 264 56
videos.hw01/01_frame/176.jpg 590 618 380 50 1696 2016 508 1064 152 3820 3300 1652 94 1760 520 230
videos.hw01/01_frame/177.jpg 4640942 1839084 5990734 15042 9547446 4055896 1338478 211356 12072334 3009142 6220586 1336416 13858936 3774932 248090 1318968
videos.hw01/01_frame/178.jpg 2046 1986 258 380 2462 1440 306 3494 1674 746 6012 1652 2592 1394 1080 790
videos.hw01/01_frame/179.jpg 184 494 510 180 286 1398 252 552 154 100 1234 402 170 1834 98 4
videos.hw01/01_frame/180.jpg 72 536 88 52 84 554 602 1934 128 552 446 324 152 364 40 86
videos.hw01/01_frame/181.jpg 788 2848 160 884 478 2666 186 12556 1204 2168 1420 212 1306 602 2652 484
videos.hw01/01_frame/182.jpg 238 672 62 444 1174 756 416 1028 182 394 2214 444 382 458 106 106
videos.hw01/01_frame/183.jpg 460 600 258 844 1246 684 392 580 262 1076 188 492 450 576 144 434
videos.hw01/01_frame/184.jpg 794 860 398 404 1506 1104 934 3522 1160 1434 2608 722 1206 1694 528 376
videos.hw01/01_frame/185.jpg 1516 1774 68 430 1382 2082 876 938 1522 3234 96 1104 1462 2450 742 272
videos.hw01/01_frame/186.jpg 240 180 120 336 144 160 100 666 16 722 296 768 44 102 48 622
videos.hw01/01_frame/187.jpg 6 560 4 24 14 66 158 242 106 516 50 8 16 46 106 14
videos.hw01/01_frame/188.jpg 824 1512 284 298 1142 1932 1836 1996 3096 3234 1218 1240 604 2678 572 74
videos.hw01/01_frame/189.jpg 690 730 184 298 746 448 590 1638 1402 846 182 568 782 792 396 1042
videos.hw01/01_frame/190.jpg 1088 1748 1594 6310 1352 1318 308 1064 1726 6974 2020 594 1830 2968 638 2336
videos.hw01/01_frame/191.jpg 1540 1704 102 174 1170 634 686 550 2796 2018 734 276 4872 2106 472 80
videos.hw01/01_frame/192.jpg 378 1530 46 454 882 1340 126 2792 1676 1612 316 384 382 1196 180 266
videos.hw01/01_frame/193.jpg 314 1098 44 720 624 1692 384 1938 914 3766 782 70 1034 1550 330 62
videos.hw01/01_frame/194.jpg 1244 2618 420 274 2174 908 538 1358 2660 1598 782 218 1722 1182 778 56
videos.hw01/01_frame/195.jpg 590 3548 586 884 700 760 404 266 1314 608 634 498 580 4292 312 1336
videos.hw01/01_frame/196.jpg 270 948 368 1556 940 768 362 708 520 1166 148 224 798 1002 442 172
videos.hw01/01_frame/197.jpg 980 2500 492 162 3432 1980 136 1692 2718 1326 444 556 766 1496 454 164
videos.hw01/01_frame/198.jpg 260 1590 88 462 490 1568 378 2608 796 1678 310 114 862 4124 600 444
videos.hw01/01_frame/199.jpg 28 408 72 144 34 350 68 222 26 536 78 300 12 252 6 60
videos.hw01/01_frame/200.jpg 542 672 218 432 728 460 956 1104 722 520 1144 1484 532 490 410 488
videos.hw01/01_frame/201.jpg 1778 1654 352 410 682 808 1222 1864 2392 4404 2032 918 1544 2906 1768 616
videos.hw01/01_frame/202.jpg 860 1072 438 2320 1776 2120 1678 5390 2158 2020 1446 144 1042 1134 342 382
videos.hw01/01_frame/203.jpg 626 1640 310 538 1986 2250 878 2766 556 1260 3588 2206 930 1512 406 678
videos.hw01/01_frame/204.jpg 2 550 34 334 36 430 384 3350 0 8 78 120 2 546 790 4
videos.hw01/01_frame/205.jpg 1258 1042 432 1988 1778 2330 1482 11140 148 4084 932 2144 392 3054 800 202
videos.hw01/01_frame/206.jpg 68 100 26 702 214 344 1142 294 116 198 256 6 204 552 10 58
videos.hw01/01_frame/207.jpg 600 2032 152 508 514 992 2658 714 930 1082 212 368 918 1140 152 936
videos.hw01/01_frame/208.jpg 182 610 70 368 68 1064 130 202 142 356 52 204 146 1142 742 30
videos.hw01/01_frame/209.jpg 838 1350 294 180 2554 4402 214 450 710 946 1576 118 722 976 70 42
videos.hw01/01_frame/210.jpg 1022 2802 694 466 1916 6448 208 4420 2102 3142 2712 44 1954 5034 550 32
videos.hw01/01_frame/211.jpg 348 254 14 168 144 374 74 4 350 492 78 192 442 274 92 70
videos.hw01/01_frame/212.jpg 166 486 56 394 538 558 284 508 340 856 134 308 996 700 106 22
videos.hw01/01_frame/213.jpg 1594 2586 206 308 3588 3862 264 3530 6360 2412 1894 956 4490 1210 1132 1368
videos.hw01/01_frame/214.jpg 644 818 250 878 2244 3980 48 978 2862 2720 500 1618 1672 752 560 664
videos.hw01/01_frame/215.jpg 4972948 8752510 21866216 3816554 3054012 3691018 21080552 8308560 2289740 4331620 20121448 8838104 5051570 11081486 11584156 1808618
videos.hw01/01_frame/216.jpg 1294 600 1416 824 716 1462 2262 1668 864 2062 1024 1250 186 152 712 402
videos.hw01/01_frame/217.jpg 88 3588 782 6490 1786 10886 1474 352 5416 4214 332 362 54 42 552 86
videos.hw01/01_frame/218.jpg 2114 340 648 1072 670 2444 4694 488 4894 1678 1998 466 2 746 1458 184
videos.hw01/01_frame/219.jpg 314 136 618 1402 1014 1634 2112 2830 3846 8344 2470 772 2 364 342 360
videos.hw01/01_frame/220.jpg 4082 464 8102 3634 4348 3112 3286 1032 3554 2502 10084 3858 22 74 276 430
videos.hw01/01_frame/221.jpg 1426 160 1610 922 860 3076 1522 1838 2368 2128 1658 258 78 68 876 88
videos.hw01/01_frame/222.jpg 514 80 1538 3290 1704 5420 4570 14626 12286 4084 2802 374 2 6 256 210
videos.hw01/01_frame/223.jpg 0 0 0 0 110 84 4 86 818 200 10 0 98 0 8 50
videos.hw01/01_frame/224.jpg 66 98 1990 3078 2772 5106 1780 9982 2500 2484 1140 1204 86 282 778 866
videos.hw01/01_frame/225.jpg 626 308 10668 123052 3028 14772 9796 8512 13848 19664 1896 738 182 200 2514 462
videos.hw01/01_frame/226.jpg 218 44 4886 604 1174 1582 2086 2426 2958 1728 602 558 56 8 708 800
videos.hw01/01_frame/227.jpg 590 206 240 1422 776 3296 1590 5422 668 746 1114 5434 2 0 852 124
videos.hw01/01_frame/228.jpg 250 600 1410 496 404 1576 5042 21506 2894 578 2766 31580 2 2 900 38
videos.hw01/01_frame/229.jpg 806 464 254 5482 1264 2240 1118 38102 4432 3338 1008 19726 6 32 492 312
videos.hw01/01_frame/230.jpg 920 20 1942 6464 832 4912 2030 29608 3526 2078 948 15940 6 6 262 940
videos.hw01/01_frame/231.jpg 3974 184 1492 24516 2574 2444 6088 11302 8442 3006 1648 6664 110 308 2574 1492
videos.hw01/01_frame/232.jpg 3470 290 1686 6022 2830 5884 1578 23336 4308 3022 1196 15578 14 44 3310 198
videos.hw01/01_frame/233.jpg 8630 424 7900 8644 1110 2024 4220 18816 3450 5968 2964 10582 136 1490 4544 160
videos.hw01/01_frame/234.jpg 270 18 2310 13204 3820 5178 2638 14792 6818 3858 1190 59104 26 266 346 2
videos.hw01/01_frame/235.jpg 0 0 516 0 0 100 180 80 784 1328 14 24 0 0 0 0
videos.hw01/01_frame/236.jpg 2804 898 784 5594 774 13254 4896 12844 934 7328 4972 13658 66 38 1686 104
videos.hw01/01_frame/237.jpg 808 950 4530 6188 8880 12962 5954 19860 7746 7660 5206 20254 40 1384 1074 1018
videos.hw01/01_frame/238.jpg 110 20 1098 1112 2198 8094 3136 4470 10540 14048 2768 32764 186 12 1072 626
videos.hw01/01_frame/239.jpg 50 2252 1552 3920 2218 9716 4226 16484 8546 11992 3286 2256 2 176 6700 846
videos.hw01/01_frame/240.jpg 0 402 462 6282 3260 4948 3378 36992 15708 8394 12362 12100 14 184 2850 566
videos.hw01/01_frame/241.jpg 0 0 990 9044 3598 24762 3610 12028 3410 10014 29262 2604 114 166 11896 1040
videos.hw01/01_frame/242.jpg 318 158 2276 3534 1632 63052 4712 9196 6008 18408 3230 11910 494 194 4584 1270
videos.hw01/01_frame/243.jpg 874 56 816 3514 10166 10878 4608 30000 10420 17958 8930 7816 130 74 7800 5944
videos.hw01/01_frame/244.jpg 1466 0 3138 5002 5676 20672 11066 39322 3142 10276 22040 11456 0 196 19344 134
videos.hw01/01_frame/245.jpg 386 0 154 2376 8016 25230 15588 46976 5092 12880 15612 10292 2 38 18582 2620
videos.hw01/01_frame/246.jpg 0 214 418 27506 3012 22630 22920 19746 8478 11242 17330 1278 18 154 8030 1426
videos.hw01/01_frame/247.jpg 72 0 0 774 82 538 1136 254 404 796 38 62 0 20 230 136
videos.hw01/01_frame/248.jpg 520 104 584 36620 3588 17012 17344 32706 3150 23300 16108 50378 26 780 7048 4846
videos.hw01/01_frame/249.jpg 2294 2232 4136 123214 18706 94856 46376 72940 58584 84770 51616 104396 1044 1250 21426 10742
videos.hw01/01_frame/250.jpg 90 328 612 14586 11510 21300 10544 6644 22774 33766 54368 44724 266 546 14560 4684
videos.hw01/01_frame/251.jpg 8 42 466 7004 4772 19306 15216 31242 5310 14394 13618 612 86 70 868 4846
videos.hw01/01_frame/252.jpg 0 2 572 10566 5400 21358 6146 64546 13580 23442 6852 3526 0 6 3114 8182
videos.hw01/01_frame/253.jpg 206 32 1424 26234 7340 2930 46290 45626 262 11080 15474 5588 222 1094 1072 3784
videos.hw01/01_frame/254.jpg 2600 106 1666 8360 3896 21528 7380 2008 4498 9804 7706 4274 94 286 3004 2802
videos.hw01/01_frame/255.jpg 1098 6022 552 10350 1812 13968 6144 10788 3462 12490 4524 42752 6 288 5320 4896
videos.hw01/01_frame/256.jpg 584 988 4878 40078 12508 20418 25892 15210 13094 18840 6762 6796 2376 462 2300 1982
videos.hw01/01_frame/257.jpg 1054 1694 1696 24858 2254 23496 21672 14370 2002 5010 2180 6622 138 6224 1100 1576
videos.hw01/01_frame/258.jpg 162 1778 2318 11004 5226 4800 3336 13504 16782 17998 2004 438 2646 716 11670 1634
videos.hw01/01_frame/259.jpg 194 252 154 86 18 18 0 52 4 2 0 0 74 38 0 0
videos.hw01/01_frame/260.jpg 1912 1612 6712 5690 7682 86540 14948 4088 8894 5670 906 54 2916 3326 604 1428
videos.hw01/01_frame/261.jpg 17966 4280 4086 105874 19286 20248 5982 121496 27176 16898 25328 4394 11222 19936 29614 12280
videos.hw01/01_frame/262.jpg 590 2616 2242 78990 7922 5568 6688 15834 456 8878 892 142 1370 3596 2002 1022
videos.hw01/01_frame/263.jpg 4646 2076 5420 10704 4536 16598 9626 11466 3642 2736 6540 422 1610 33166 3616 7434
videos.hw01/01_frame/264.jpg 3078 5124 15030 6006 3388 31842 18528 10574 3016 2470 11586 30 6454 2712 1292 2658
videos.hw01/01_frame/265.jpg 62 6226 2360 6582 6422 30080 8992 6796 4980 7530 10324 856 836 1828 6550 1612
videos.hw01/01_frame/266.jpg 1110 946 6686 7668 5234 6860 21568 1102 7816 11832 13390 5236 890 9434 2892 2232
videos.hw01/01_frame/267.jpg 2066 354 20906 7248 6910 7002 8258 40748 1708 7990 45196 352 280 1802 3598 2702
videos.hw01/01_frame/268.jpg 7174 6510 4922 4440 9026 13076 7566 10166 13156 7014 23530 414 1294 766 10342 1906
videos.hw01/01_frame/269.jpg 4150 430 5964 5666 11526 20018 5572 3822 1860 11284 9584 3450 302 7252 3910 2036
videos.hw01/01_frame/270.jpg 5230 2480 1940 2402 13464 14652 4776 9150 14288 17440 15130 43698 8214 7484 7204 5496
videos.hw01/01_frame/271.jpg 288 42 232 96 16 458 136 128 26 800 2 0 570 8 256 8
videos.hw01/01_frame/272.jpg 1422 520 19282 6092 10638 24072 4048 3278 7846 15466 27416 386 1650 3598 2604 2350
videos.hw01/01_frame/273.jpg 1524 1664 23400 118362 24320 61584 24126 10064 65818 52050 46604 4132 7954 4750 8664 20312
videos.hw01/01_frame/274.jpg 1908 3430 5364 147056 8248 36380 9868 10100 18532 20702 6730 3504 142 1060 15040 4318
videos.hw01/01_frame/275.jpg 500 1096 7038 25098 5178 24164 18214 20054 7318 27010 7274 44412 94 1304 2726 2756
videos.hw01/01_frame/276.jpg 474 442 8670 47392 2134 25020 6102 241098 14328 18800 5070 2580 346 6628 5002 3330
videos.hw01/01_frame/277.jpg 6434 820 29778 33876 3084 40742 10918 114812 2804 9984 11634 52752 1090 892 2918 3610
videos.hw01/01_frame/278.jpg 8 166 50924 30376 1096 3974 9386 6322 7916 6452 6768 6642 1422 90 8002 606
videos.hw01/01_frame/279.jpg 0 26 68212 86998 3128 19002 6490 31390 3612 6646 11322 2448 32 98 2142 1344
videos.hw01/01_frame/280.jpg 0 1254 11350 14772 4720 4386 11604 31402 7862 5446 7980 34624 174 2492 3260 1932
videos.hw01/01_frame/281.jpg 318 32 9410 36884 9064 13396 17778 14632 3256 10178 9070 38544 34 54 19066 3304
videos.hw01/01_frame/282.jpg 6 514 75052 21380 5404 7970 5970 73168 2182 17808 6010 7902 74 1438 4300 6672
videos.hw01/01_frame/283.jpg 0 0 200 384 0 110 2214 7072 0 12 52 0 0 0 206 84
videos.hw01/01_frame/284.jpg 2 586 70082 15056 3722 22116 2216 76266 3392 9934 4112 24084 932 110 3338 472
videos.hw01/01_frame/285.jpg 2168 2694 30070 73328 2408 14994 5798 105954 19032 26158 32418 52536 390 6190 5126 5678
videos.hw01/01_frame/286.jpg 1164 8066 866 15008 5832 8722 2962 4890 4090 10550 6438 48428 5390 346 5042 512
videos.hw01/01_frame/287.jpg 776 632 1516 16042 1026 4048 2830 47018 4644 6582 11494 1252 1694 1052 2006 1450
videos.hw01/01_frame/288.jpg 9448 616 8584 8854 2754 17750 4130 20200 1614 2914 1596 474 558 504 3984 3890
videos.hw01/01_frame/289.jpg 498 2764 26586 23480 7870 19304 7838 141336 532 6596 14152 100882 18 1800 9032 2028
videos.hw01/01_frame/290.jpg 386 144 7612 7582 1204 2618 5868 11914 2394 2408 1488 4680 992 138 1428 2248
videos.hw01/01_frame/291.jpg 66 1432 4786 5328 1210 6476 4336 6094 1446 4746 21966 1992 916 284 1608 168
videos.hw01/01_frame/292.jpg 838 1408 6102 4918 1096 2906 15318 9138 6472 9414 27708 81960 98 248 4292 660
videos.hw01/01_frame/293.jpg 770 610 13352 10682 874 6042 9314 331784 8508 15570 11794 28826 14 110 890 404
videos.hw01/01_frame/294.jpg 254 1868 7740 13388 504 7820 5416 66722 2890 7952 2736 15110 278 2038 3178 248
videos.hw01/01_frame/295.jpg 0 0 62 0 0 24 320 102 0 86 944 358 0 0 206 414
videos.hw01/01_frame/296.jpg 62 3068 1780 31838 1926 13962 1234 7732 3636 8974 30972 918 160 534 2938 266
videos.hw01/01_frame/297.jpg 576 1706 4016 35250 5886 29516 7612 114572 12670 29064 25042 46274 518 1100 19724 3166
videos.hw01/01_frame/298.jpg 128 578 18256 12206 2782 19026 5790 59416 2258 22340 3546 2568 1062 648 7470 300
videos.hw01/01_frame/299.jpg 1462 280 6492 7412 3124 10906 5884 38846 1734 23654 23444 1166 2 730 6114 1058
videos.hw01/01_frame/300.jpg 1076 4690 2790 1894 1302 6524 4442 56602 1948 10720 2304 3760 1554 812 10826 3350
videos.hw01/01_frame/301.jpg 3374 3014 660 1680 1208 6368 2330 87262 9898 4570 3678 20428 362 326 5980 82
videos.hw01/01_frame/302.jpg 8386 3114 4940 3970 2648 11648 5616 113746 12798 3628 5248 19172 218 2602 3032 108
videos.hw01/01_frame/303.jpg 242 32 3120 3800 1816 6940 2270 60408 7896 3566 11802 3026 322 1462 2002 8
videos.hw01/01_frame/304.jpg 246 4288 6630 3550 3088 5932 7484 19300 5176 25720 26790 5496 6520 3610 9270 1244
videos.hw01/01_frame/305.jpg 1902 792 2086 3680 1678 4328 6000 21458 4692 10566 9958 7030 282 6248 8618 530
videos.hw01/01_frame/306.jpg 12358 656 2676 4232 4226 7720 2152 57414 8416 4342 716 2628 306 2234 3308 222
videos.hw01/01_frame/307.jpg 0 0 0 0 0 0 44 0 0 0 130 0 0 8 4 0
videos.hw01/01_frame/308.jpg 1172 512 562 2218 1130 3904 1250 94028 2760 5298 5880 20332 1630 194 1016 438
videos.hw01/01_frame/309.jpg 1178 744 4212 7440 842 7218 3152 164106 5836 2260 6102 152064 13626 888 2780 362
videos.hw01/01_frame/310.jpg 126 212 1156 2090 858 2836 4114 23252 1368 1402 6872 28812 180 182 1788 276
videos.hw01/01_frame/311.jpg 0 0 502 2954 500 2108 1164 4934 1908 1134 2772 19048 18 98 114 2
videos.hw01/01_frame/312.jpg 1026 5624 2224 3450 2480 3540 3706 15552 4402 18438 3528 15422 728 2530 4380 1002
videos.hw01/01_frame/313.jpg 18 382 892 2504 164 1228 2144 18906 1078 7208 3706 1942 0 18 1806 32
videos.hw01/01_frame/314.jpg 340 144 728 3274 1902 2210 1840 21884 1698 3958 1928 4464 654 562 298 202
videos.hw01/01_frame/315.jpg 0 14 236 948 1240 960 5430 14198 4086 9920 1508 3102 66 26 772 440
videos.hw01/01_frame/316.jpg 0 266 6432 1994 476 4386 5696 6680 1124 3498 2008 2960 924 204 1200 4536
videos.hw01/01_frame/317.jpg 10 382 3862 2300 1474 1426 1616 8752 2016 5470 4012 13748 294 354 3094 226
videos.hw01/01_frame/318.jpg 72 196 2136 2524 582 6714 2234 13278 970 5654 2324 10466 1140 196 6252 1046
videos.hw01/01_frame/319.jpg 0 0 84 42 392 150 1132 1770 1898 2020 158 526 0 8 212 0
videos.hw01/01_frame/320.jpg 338 228 3022 2708 1186 2474 4922 35418 2572 22080 3110 40680 546 554 14722 1166
videos.hw01/01_frame/321.jpg 6148 892 3248 7008 4836 12666 13012 104676 6958 11138 15808 137646 1838 430 4532 1312
videos.hw01/01_frame/322.jpg 628 136 1918 8560 2568 3448 11416 41292 7214 12344 8242 28700 546 514 18812 1218
videos.hw01/01_frame/323.jpg 7758 446 4524 822 8118 11906 29370 39234 9898 25356 6316 6952 218 364 15208 1436
videos.hw01/01_frame/324.jpg 0 34 532 2098 2858 4974 13544 30648 8350 17592 16146 9964 38 50 3450 734
videos.hw01/01_frame/325.jpg 0 1040 1682 2408 5460 6572 16858 38206 7498 12550 10084 8706 98 334 3306 1184
videos.hw01/01_frame/326.jpg 890 86 586 86 128 86 592 418 8 382 200 1098 430 402 3078 522
videos.hw01/01_frame/327.jpg 141690 39446 338248 2742 4212 66084 10492 15184 15364 11156 3496 5026 3766 314 214048 3692
videos.hw01/01_frame/328.jpg 2916946 8134658 20680402 8014544 2472796 4361926 19815422 8934928 3771682 5604914 19214314 6542914 3580412 8266980 8376086 1497992
videos.hw01/01_frame/329.jpg 514912 41558 76878 502 3252 7058 6740 12530 4730 10020 1380 1702 25826 4642 124498 17458
videos.hw01/01_frame/330.jpg 884 3754 410 412 1960 1574 504 268 3708 2338 448 200 1694 7052 1412 204
videos.hw01/01_frame/331.jpg 0 666 58 216 44 336 6 264 0 98 172 96 0 132 206 282
videos.hw01/01_frame/332.jpg 2412 2664 172 1292 1402 4042 286 1546 1670 296 488 66 314 418 962 0
videos.hw01/01_frame/333.jpg 2082 4136 462 602 4392 6294 604 518 3516 2916 1036 278 6816 1444 886 820
videos.hw01/01_frame/334.jpg 4872 2680 38 918 7338 2892 658 642 3054 5778 690 330 4534 3884 2946 168
videos.hw01/01_frame/335.jpg 2180 3060 562 266 7144 3328 1864 156 3870 2626 1472 326 1960 1276 1140 154
videos.hw01/01_frame/336.jpg 3722 2464 54 314 6580 1578 332 266 3308 996 1110 100 792 986 1666 428
videos.hw01/01_frame/337.jpg 2638 1436 142 1152 2620 1124 830 210 2766 2022 234 426 1290 1476 746 656
videos.hw01/01_frame/338.jpg 4932 2482 196 696 4074 3964 1872 216 3062 1972 250 144 568 2626 378 186
videos.hw01/01_frame/339.jpg 2258 5048 388 238 3476 2834 604 248 2542 4430 204 298 442 2048 2370 106
videos.hw01/01_frame/340.jpg 2250 3936 156 612 2648 6464 398 80 2142 2458 1568 216 1444 4644 1272 810
videos.hw01/01_frame/341.jpg 2034 4166 138 568 3444 5028 630 520 2114 2150 1624 434 1210 2410 722 264
videos.hw01/01_frame/342.jpg 6800 6822 320 356 1974 4572 148 428 4342 2862 132 640 2788 1216 3778 376
videos.hw01/01_frame/343.jpg 8 406 16 200 390 778 6 256 138 442 38 92 74 168 96 22
videos.hw01/01_frame/344.jpg 3990 8138 368 162 3652 3976 1094 332 2948 5916 334 258 1148 4774 444 22
videos.hw01/01_frame/345.jpg 3684 7278 582 536 5404 3802 1478 694 5836 3360 5602 960 2210 1882 3158 1930
videos.hw01/01_frame/346.jpg 2122 2414 348 1690 1964 1944 486 352 2886 866 270 160 432 1600 434 516
videos.hw01/01_frame/347.jpg 2286 3980 142 744 1466 2752 832 198 3056 1838 322 278 3246 2120 1778 732
videos.hw01/01_frame/348.jpg 2986 3672 20 74 3306 1996 56 364 3552 1272 30 22 2990 1208 900 0
videos.hw01/01_frame/349.jpg 2166 5400 238 296 3266 3598 482 600 6684 2502 350 218 3124 7102 1504 1418
videos.hw01/01_frame/350.jpg 1256 2236 158 290 1814 2096 166 554 2482 1826 488 380 1808 856 318 1134
videos.hw01/01_frame/351.jpg 196 238 8 2 368 80 30 0 296 34 0 0 36 0 0 0
videos.hw01/01_frame/352.jpg 1322 1066 24 92 2064 3692 784 20 2190 2458 22 336 390 3926 388 174
videos.hw01/01_frame/353.jpg 4358 5766 226 418 6896 1740 732 5728 1478 4574 878 5700 712 3548 1964 264
videos.hw01/01_frame/354.jpg 1904 3074 548 66 4426 1306 134 504 826 3436 128 512 888 1186 564 516
videos.hw01/01_frame/355.jpg 10 172 206 34 0 168 66 212 50 484 36 574 2 192 148 50
videos.hw01/01_frame/356.jpg 636 1090 102 1094 1054 2670 54 608 4154 1262 798 294 844 530 874 22
videos.hw01/01_frame/357.jpg 3422 3650 128 340 5352 2766 894 756 2480 5124 430 376 1746 1540 1072 746
videos.hw01/01_frame/358.jpg 1970 828 136 114 1620 1344 760 96 3106 2602 272 8 768 1290 302 12
videos.hw01/01_frame/359.jpg 982 5364 198 616 2544 1108 354 258 2322 1188 378 246 2190 924 510 44
videos.hw01/01_frame/360.jpg 2274 7692 720 540 920 3284 446 512 1730 1568 1050 1076 284 1260 386 62
videos.hw01/01_frame/361.jpg 204 442 28 192 400 352 0 272 324 464 10 8 312 56 28 18
videos.hw01/01_frame/362.jpg 852 2356 76 822 1964 1602 326 586 962 1920 62 262 594 796 240 1674
videos.hw01/01_frame/363.jpg 5495374 7564452 21836360 4059578 2250166 4150536 21646674 10006524 7152694 7420070 22431998 8237412 3785740 7761586 11737792 1468504
videos.hw01/01_frame/364.jpg 648 134 4398 25572 5622 14904 8366 9530 7008 12474 10896 4890 418 86 17736 1744
videos.hw01/01_frame/365.jpg 1206 6304 3046 54144 17150 8960 12002 2762 3586 5438 5082 3724 1266 3210 9664 1422
videos.hw01/01_frame/366.jpg 238 9358 6516 3168 4568 7048 4908 1498 6174 7180 1984 14860 3370 2226 3810 664
videos.hw01/01_frame/367.jpg 0 776 732 124 2 204 76 152 0 66 6506 43580 0 62 54 498
videos.hw01/01_frame/368.jpg 1414 7494 4652 3786 2674 7858 4366 8890 9272 7330 11402 39802 846 16236 7516 772
videos.hw01/01_frame/369.jpg 31026 12630 22588 9538 16532 23942 3854 85078 7978 45624 34804 28682 18316 10294 12772 1696
videos.hw01/01_frame/370.jpg 2746 8964 10214 2016 3972 7970 3104 24038 9082 9812 9472 128180 104 14230 8628 1208
videos.hw01/01_frame/371.jpg 134 342 10072 17414 7482 2368 5258 7538 2714 4622 2326 31666 294 1302 5576 1182
videos.hw01/01_frame/372.jpg 3508 12124 6990 1078 4408 5328 4256 9490 11310 30770 5182 42246 2216 2216 3868 880
videos.hw01/01_frame/373.jpg 50 12398 13018 3466 4594 5160 3460 16504 4314 3594 25822 41210 2012 7286 7048 142
videos.hw01/01_frame/374.jpg 2206 500 6986 2860 2112 7178 2014 25694 2310 10820 3600 39070 1718 1006 8646 444
videos.hw01/01_frame/375.jpg 766 1576 2542 5094 6266 5930 1966 12584 3214 11866 7004 66696 274 480 6730 1950
videos.hw01/01_frame/376.jpg 750 2706 4274 4432 2468 15450 6322 34178 5288 9548 4410 11752 740 414 3726 464
videos.hw01/01_frame/377.jpg 3122 566 5742 2090 2282 7614 2756 5314 11914 9076 6684 8600 158 10470 7724 750
videos.hw01/01_frame/378.jpg 2562 986 5182 1666 6030 6730 2864 15242 17766 10240 9108 11528 7386 3902 4512 4770
videos.hw01/01_frame/379.jpg 6 12 236 1356 94 440 394 158 176 220 796 5656 134 106 534 36
videos.hw01/01_frame/380.jpg 1784 3410 680 2604 916 2800 5256 46126 4078 2966 1568 28026 760 896 1624 438
videos.hw01/01_frame/381.jpg 27986 4822 11298 16098 3360 18140 4824 67376 12012 12668 4456 377506 3654 9126 8968 3874
videos.hw01/01_frame/382.jpg 4846 1554 9810 7840 3690 9988 9306 307488 9400 13820 3414 94774 1498 6672 8642 3466
videos.hw01/01_frame/383.jpg 42 1974 7692 3436 2562 4988 8600 5432 2912 26616 7800 45898 936 660 13654 436
videos.hw01/01_frame/384.jpg 450 3262 10116 4356 2580 7342 4712 4988 7768 3244 4674 2570 2226 226 5942 1798
videos.hw01/01_frame/385.jpg 938 946 3420 6652 686 11002 5130 15316 3286 7768 1638 4520 70 1184 10690 978
videos.hw01/01_frame/386.jpg 1330 478 2710 1928 2134 8554 5648 3090 2304 2174 440 2210 182 1570 4236 1604
videos.hw01/01_frame/387.jpg 884 1392 2038 1436 2408 1068 1586 2460 1836 4380 3720 48308 1014 800 5808 20
videos.hw01/01_frame/388.jpg 8546 728 3500 7490 1066 2128 4390 3816 11648 5406 5304 3704 102 2770 5804 2476
videos.hw01/01_frame/389.jpg 746 398 1904 2968 3714 2746 6792 206044 1414 4534 3844 4778 42 3838 1664 150
videos.hw01/01_frame/390.jpg 2178 314 716 8128 1120 5560 1794 139906 4194 4524 1192 41880 0 456 1232 242
videos.hw01/01_frame/391.jpg 0 40 298 400 0 80 578 958 0 360 618 78 0 130 120 22
videos.hw01/01_frame/392.jpg 1514 1262 1726 2876 2964 8442 2700 40582 4688 8546 3202 57292 1824 674 1190 2116
videos.hw01/01_frame/393.jpg 2246 456 2922 6426 1018 10406 3916 83482 8488 17292 9016 172168 42 6502 3102 704
videos.hw01/01_frame/394.jpg 4296 792 6664 1440 4088 8238 2214 31212 7344 3692 6196 17592 24 196 936 1120
videos.hw01/01_frame/395.jpg 4608 732 1456 1606 904 5686 5670 49850 3902 5524 1260 57328 222 440 5862 1478
videos.hw01/01_frame/396.jpg 2830 2640 1960 7354 1286 4810 2618 26416 5776 5794 1288 50822 1570 590 1154 492
videos.hw01/01_frame/397.jpg 192 370 1178 1002 2530 4572 1108 6542 1438 3830 1416 36858 68 566 522 136
videos.hw01/01_frame/398.jpg 458 722 1600 3020 4576 2516 1134 3034 7740 15356 4536 8058 290 632 3852 148
videos.hw01/01_frame/399.jpg 174 3882 1240 13592 1958 4950 10226 19576 4656 9256 5338 55422 6 220 1294 2456
videos.hw01/01_frame/400.jpg 590 202 112 286 670 2016 2882 9754 3328 812 1492 8504 14 46 104 168
videos.hw01/01_frame/401.jpg 276 6142 1936 7778 1480 3232 1976 3014 3954 13554 3736 4808 266 1354 3570 156
videos.hw01/01_frame/402.jpg 322 74 172 2672 1318 2488 2030 818 5726 4972 2416 32566 6 78 890 1166
videos.hw01/01_frame/403.jpg 0 0 44 560 0 84 226 394 0 870 20 9108 0 2 86 42
videos.hw01/01_frame/404.jpg 1800 24 578 1274 1678 11150 8182 6048 3756 1260 10008 20882 146 212 1516 80
videos.hw01/01_frame/405.jpg 4190 244 532 1262 548 7660 2930 13570 1912 27212 9070 40552 38 360 2456 450
videos.hw01/01_frame/406.jpg 62 554 366 898 1288 3450 2486 8802 8590 13818 2218 1654 158 1208 460 934
videos.hw01/01_frame/407.jpg 0 0 0 0 180 144 0 0 726 706 0 0 0 0 0 0
videos.hw01/01_frame/408.jpg 18 32 602 580 1810 2184 2448 6674 3154 8888 2778 6404 22 484 646 258
videos.hw01/01_frame/409.jpg 4346 3054 3592 54976 2284 2752 13970 145776 5826 11544 43468 283672 1158 14304 4648 5078
videos.hw01/01_frame/410.jpg 18 6 576 72 3288 3020 666 42662 3252 3520 2052 29570 104 150 2200 154
videos.hw01/01_frame/411.jpg 134 194 0 372 3292 7012 1166 33772 4092 21976 2368 115312 0 62 384 178
videos.hw01/01_frame/412.jpg 746 722 52 3524 868 5582 1402 217104 10030 1538 1702 60710 2 76 200 376
videos.hw01/01_frame/413.jpg 510 0 202 11386 1252 5572 2140 138988 2096 8760 5510 52490 8 0 1442 248
videos.hw01/01_frame/414.jpg 430 132 266 6678 908 3640 3864 159148 6830 4176 7446 36810 8 40 1998 1120
videos.hw01/01_frame/415.jpg 0 38 88 558 0 380 180 356 14 64 132 80 0 224 700 276
videos.hw01/01_frame/416.jpg 542 6 442 17420 928 3228 8878 123000 4184 2306 8824 59452 18 288 1892 664
videos.hw01/01_frame/417.jpg 362 4114 1082 24208 604 1702 9924 198370 912 12146 27234 99124 486 192 5540 1262
videos.hw01/01_frame/418.jpg 0 54 94 50 0 360 566 310 0 62 368 132 0 6 518 94
videos.hw01/01_frame/419.jpg 3474 87428 18942 37134 1050 40176 7084 42358 6070 4234 43016 151382 57554 94010 2094 826
videos.hw01/01_frame/420.jpg 2143334 2303068 3458110 1830348 2288830 7181376 4518914 3445940 12061764 9291902 3828518 1745654 16225182 15253978 2838810 4322324
videos.hw01/01_frame/421.jpg 20052 103658 37786 1840 20978 106364 9636 2496 1530 1874 10558 5120 102606 221466 6466 2746
videos.hw01/01_frame/422.jpg 15978 13186 19922 3408 652 6626 80766 5946 1736 6602 10596 3720 728 6778 20314 3734
videos.hw01/01_frame/423.jpg 2430 1196 4526 2916 1332 4408 33770 11290 294 5002 15860 6304 32 4002 7122 1478
videos.hw01/01_frame/424.jpg 672 536 268 1176 922 6784 12562 2824 542 1268 2576 1316 20 10290 5388 1006
videos.hw01/01_frame/425.jpg 346 86 0 32 142 686 118 110 270 284 498 814 2 956 1624 46
videos.hw01/01_frame/426.jpg 1970 1656 922 442 2660 3258 3728 2456 604 1528 5484 3220 168 4126 9546 650
videos.hw01/01_frame/427.jpg 3584 1806 1496 2318 2728 1962 14228 2804 706 7526 20838 6764 98 1014 3630 974
videos.hw01/01_frame/428.jpg 2254 1422 1440 2030 4002 12248 20458 6842 2424 3528 9486 4454 4 3334 5848 1080
videos.hw01/01_frame/429.jpg 3148 3960 1276 3952 3424 2006 2896 2948 454 5164 3428 2520 466 1406 20854 822
videos.hw01/01_frame/430.jpg 1170 1492 412 2226 1656 1930 22164 2572 340 1724 2692 2432 46 2494 6034 1692
videos.hw01/01_frame/431.jpg 4144 2146 574 4148 2052 4792 28540 4864 544 2182 6324 4736 326 1038 8812 730
videos.hw01/01_frame/432.jpg 262 810 118 2296 344 2614 1332 1006 184 6934 8686 2020 10 1222 1510 162
videos.hw01/01_frame/433.jpg 1724 2418 40 172 7490 5452 9666 2418 652 5734 6918 1002 32 2306 4754 2794
videos.hw01/01_frame/434.jpg 4364 3178 1472 364 4420 5706 7942 1376 2096 7248 4698 1292 22 2592 4814 712
videos.hw01/01_frame/435.jpg 2724 1270 1814 1782 4462 12918 9792 1084 2346 6506 14502 2824 60 8584 3154 1398
videos.hw01/01_frame/436.jpg 3744 2494 4550 1056 7628 17298 22342 3640 1838 1866 9386 2446 34 2404 5638 724
videos.hw01/01_frame/437.jpg 1782 872 552 738 14814 5322 17890 5452 482 2682 5824 4182 950 1806 2856 4066
videos.hw01/01_frame/438.jpg 1394 1684 728 1632 5230 1430 7314 2076 1446 1932 3686 722 362 2454 12310 218
videos.hw01/01_frame/439.jpg 0 174 32 618 0 500 192 1052 4 290 642 220 0 194 388 198
videos.hw01/01_frame/440.jpg 982 1292 436 1568 3104 448 1682 3316 270 3592 3970 1858 296 3368 12882 424
videos.hw01/01_frame/441.jpg 2234 3666 3186 2444 1056 1706 9336 5114 556 4926 6864 8004 48 1242 7730 1084
videos.hw01/01_frame/442.jpg 1716 1168 1834 1708 1140 1966 1028 4168 218 2136 5044 2344 12 2366 8150 214
videos.hw01/01_frame/443.jpg 376 2706 448 2334 2050 850 2988 2824 398 926 1970 1634 482 3692 1900 520
videos.hw01/01_frame/444.jpg 1744 2540 2332 6724 1578 10738 3370 4172 236 6336 1134 2864 8 1326 1396 256
videos.hw01/01_frame/445.jpg 0 168 42 286 0 0 1248 794 2 760 304 72 0 134 734 102
videos.hw01/01_frame/446.jpg 3246 4876 2422 5798 4650 9106 4098 17314 72 7748 5838 5042 2 7016 4546 1092
videos.hw01/01_frame/447.jpg 2966 3774 6936 7114 4026 9440 1948 5954 436 4150 6846 6224 42 8506 3374 1618
videos.hw01/01_frame/448.jpg 3234 1274 1992 3406 1954 5150 7228 1996 70 514 3022 2082 212 2404 5400 960
videos.hw01/01_frame/449.jpg 1940 1310 9612 9254 3110 16350 14176 12442 756 9624 18246 8338 2420 6144 8394 3026
videos.hw01/01_frame/450.jpg 0 0 122 70 0 26 56 272 0 174 128 190 0 106 576 74
videos.hw01/01_frame/451.jpg 7472 2374 4306 2810 9166 5944 36556 6980 990 11082 2688 7810 396 1660 9226 774
videos.hw01/01_frame/452.jpg 2456 646 654 10124 3426 6736 4966 3386 994 7756 8540 5412 62 8724 6644 2244
videos.hw01/01_frame/453.jpg 4460 3120 19008 4874 4062 3276 3476 4968 1218 5082 14604 5972 516 6494 14788 1784
videos.hw01/01_frame/454.jpg 5628 5886 12860 13806 9624 3794 16460 10474 2582 22378 9880 24288 2284 6646 28570 7622
videos.hw01/01_frame/455.jpg 3816 812 2064 264 2930 800 2770 856 128 684 1808 956 44 724 2070 176
videos.hw01/01_frame/456.jpg 4634 6666 3110 2062 6654 7264 3364 4196 452 4054 4370 9204 1574 1792 10638 746
videos.hw01/01_frame/457.jpg 8830 31558 30866 2298 3634 27418 50830 13370 520 4996 12468 27270 50 10976 28332 13046
videos.hw01/01_frame/458.jpg 2624 4588 3286 1540 1480 20654 21532 11266 200 5158 6196 10488 126 7678 4382 1516
videos.hw01/01_frame/459.jpg 2966 4620 5126 792 2864 7048 23254 2910 388 3566 7804 2282 14 1086 5792 1074
videos.hw01/01_frame/460.jpg 3264 4056 1238 2136 1768 13698 7304 3490 418 8856 4774 2704 8 1788 4668 698
videos.hw01/01_frame/461.jpg 612 1000 3156 1090 4158 13286 10584 3320 196 6050 8882 1100 2 1142 10020 402
videos.hw01/01_frame/462.jpg 3080 3120 736 502 3928 10034 15652 2850 1068 7992 6202 15436 4418 12940 8184 1170
videos.hw01/01_frame/463.jpg 0 624 14 634 0 74 624 130 22 340 464 216 0 1026 352 68
videos.hw01/01_frame/464.jpg 7186 4470 3640 1652 4124 9206 6628 5194 392 1790 9856 2514 500 5246 12888 4298
videos.hw01/01_frame/465.jpg 3304 2390 1730 1700 5332 7442 28072 4050 2254 6948 12110 5184 3540 24646 7790 2736
videos.hw01/01_frame/466.jpg 5546 1676 3612 1914 3734 39304 30916 3942 210 4032 4788 2088 456 2930 7106 1390
videos.hw01/01_frame/467.jpg 8740 1182 2070 88 1632 15542 7334 3292 240 2094 2742 1072 18 8768 5540 150
videos.hw01/01_frame/468.jpg 7582 3660 562 514 5200 17578 2380 2854 228 4544 1954 2704 32 4914 2548 264
videos.hw01/01_frame/469.jpg 3966 2570 596 274 4572 11538 4248 4730 356 1468 402 1058 2 374 814 172
videos.hw01/01_frame/470.jpg 642 596 52 54 484 652 1430 200 48 276 32 24 0 434 116 0
videos.hw01/01_frame/471.jpg 4648 3360 6458 2184 5770 13282 17744 3538 218 9418 4876 2268 50 2054 2704 148
videos.hw01/01_frame/472.jpg 1254 2294 3512 2690 4202 11082 2860 13220 696 2986 10448 1124 26 2514 5996 306
videos.hw01/01_frame/473.jpg 3256 311054 119242 2850 1494 214168 13308 3170 3826 5292 5316 2638 491042 292286 14626 436
videos.hw01/01_frame/474.jpg 2614212 3901682 4140234 3064580 1526494 3228176 3533362 1389660 17091562 8154306 4716816 3939348 14561422 15891536 2254608 5341690
videos.hw01/01_frame/475.jpg 0 4 408 438 0 132 314 774 0 1272 696 380 0 86 468 170
videos.hw01/01_frame/476.jpg 318 1060 682 10370 1578 19898 7488 54102 1452 14530 21344 4418 70 804 2116 2840
videos.hw01/01_frame/477.jpg 818 922 10666 7168 3550 5182 53218 88506 2312 954 1648 3206 1894 1896 972 300
videos.hw01/01_frame/478.jpg 232 62 626 8730 5142 4536 3234 7292 190 2088 1244 2340 0 1018 1194 318
videos.hw01/01_frame/479.jpg 364 252 3140 10676 3208 1580 5608 5570 926 5830 1134 114816 240 66 1244 296
videos.hw01/01_frame/480.jpg 36 1048 7390 2638 1426 4634 26954 3758 1550 2816 704 87116 134 662 1300 0
videos.hw01/01_frame/481.jpg 4 418 6094 5698 1242 5560 31442 2928 2128 5724 1072 1442 2006 818 2150 102
videos.hw01/01_frame/482.jpg 62 2520 14078 24062 4166 2240 16942 12112 5354 4090 8936 53198 1506 1464 4322 108
videos.hw01/01_frame/483.jpg 378 3422 14350 32302 1208 3368 18534 13340 3260 2210 1252 2236 224 1350 3082 42
videos.hw01/01_frame/484.jpg 5678 818 4478 6530 3526 4560 19838 5116 12136 5020 896 716 4626 1720 5668 46
videos.hw01/01_frame/485.jpg 0 2392 9596 6764 2538 5134 16048 4320 2744 3464 306 36550 1422 916 812 5494
videos.hw01/01_frame/486.jpg 110 130 5316 4166 2940 13754 5486 4274 6350 7640 766 826 1840 750 1134 56
videos.hw01/01_frame/487.jpg 0 816 670 898 0 64 746 742 0 160 74 144 0 20 542 208
videos.hw01/01_frame/488.jpg 698 1054 7620 3918 1754 8664 4576 22636 1790 13748 950 1188 66 336 1560 548
videos.hw01/01_frame/489.jpg 1306 1272 16204 5880 6208 12850 15118 24154 7890 11866 1894 9360 290 1000 5710 1516
videos.hw01/01_frame/490.jpg 142 3602 12616 10868 2512 27302 15712 8376 3916 6934 1658 1358 916 882 1030 1000
videos.hw01/01_frame/491.jpg 954 276 17478 10792 5670 4908 21024 42930 1564 2186 1358 2182 790 1926 2144 470
videos.hw01/01_frame/492.jpg 1718 4798 14004 11446 1808 6038 17700 5686 664 4422 788 9644 906 3146 5178 898
videos.hw01/01_frame/493.jpg 306 1040 10062 20396 4998 7406 10430 6108 1028 2248 1200 138 182 108 1604 782
videos.hw01/01_frame/494.jpg 86 1352 13042 3862 3112 3788 7488 2704 4420 3920 1880 154 274 542 560 302
videos.hw01/01_frame/495.jpg 10218 1540 2142 2780 3948 4648 5120 13262 11128 4212 3410 20446 424 2292 2382 40
videos.hw01/01_frame/496.jpg 158 42 1328 2530 3886 4822 3280 6630 2960 4562 3080 206 598 590 502 0
videos.hw01/01_frame/497.jpg 740 6624 3132 3626 1384 3064 6948 3888 4916 994 1292 474 588 2886 2006 266
videos.hw01/01_frame/498.jpg 458 6966 2850 5014 702 3204 7446 4600 1318 2360 1578 1212 698 312 1252 474
videos.hw01/01_frame/499.jpg 0 22 326 176 0 102 280 276 0 226 80 614 0 104 380 28
videos.hw01/01_frame/500.jpg 3610 324 3898 7128 1808 1360 6978 5346 114 232 1518 932 654 428 1084 146
videos.hw01/01_frame/501.jpg 8122 3154 7748 19670 3536 11904 36340 16678 2990 2440 672 2332 1394 572 1290 306
videos.hw01/01_frame/502.jpg 0 56 6004 7246 2508 3822 16312 2064 1018 2200 1148 4284 38 206 100 32
videos.hw01/01_frame/503.jpg 86 498 2386 9228 3178 11804 13420 3122 1204 1508 1488 4226 18 450 548 86
videos.hw01/01_frame/504.jpg 2 0 2046 7618 5440 7762 12534 20958 3186 4440 682 2678 232 212 488 466
videos.hw01/01_frame/505.jpg 32 1624 1976 1318 3326 13400 8356 3840 2908 3164 1846 15152 254 756 436 10
videos.hw01/01_frame/506.jpg 18 106 904 1522 1748 4260 1940 1410 3344 8736 1666 5108 2 576 1406 486
videos.hw01/01_frame/507.jpg 382 254 2880 1310 3126 1418 5998 7406 5972 3208 17602 1040 206 1144 3718 516
videos.hw01/01_frame/508.jpg 980 1646 4712 5208 3192 5696 4232 1934 2016 1200 1006 4830 236 222 1102 1184
videos.hw01/01_frame/509.jpg 2 130 2880 8040 2868 1538 11462 2270 1268 3548 556 28 198 20 384 768
videos.hw01/01_frame/510.jpg 1344 652 16830 12572 832 3622 22626 9792 1370 1376 2370 120 194 536 3842 1350
videos.hw01/01_frame/511.jpg 0 76 616 432 2 1486 650 258 78 216 478 246 26 18 654 1634
videos.hw01/01_frame/512.jpg 1062 1860 10120 14838 2754 1190 37282 8968 1812 1880 992 6372 548 420 312 1620
videos.hw01/01_frame/513.jpg 1058 872 34908 39488 12026 17468 105720 36514 9222 3674 2464 3718 154 590 898 984
videos.hw01/01_frame/514.jpg 170 326 6780 10186 4322 5320 24840 1558 2226 2344 148 1532 22 162 164 170
videos.hw01/01_frame/515.jpg 374 480 3508 1742 2522 12682 1580 3270 2252 2132 1890 668 254 394 2604 0
videos.hw01/01_frame/516.jpg 1538 448 4050 2006 2698 5582 3740 1864 794 2736 16480 7148 254 866 760 1678
videos.hw01/01_frame/517.jpg 612 2040 2130 1142 3154 6154 3266 3354 2566 2278 1924 708 184 1250 4176 318
videos.hw01/01_frame/518.jpg 2822 54 2686 592 1578 10288 4442 1734 5816 2924 1136 9338 14 854 288 164
videos.hw01/01_frame/519.jpg 14 120 1216 520 2032 8614 3510 1542 8442 6960 1830 5552 72 2630 318 164
videos.hw01/01_frame/520.jpg 1150 98 1314 434 3302 2660 6106 3590 2102 2984 542 5034 288 230 184 26
videos.hw01/01_frame/521.jpg 290 4 262 176 1684 5346 3840 336 782 2748 1682 882 10 104 94 0
videos.hw01/01_frame/522.jpg 10 188 1074 678 1310 7950 4046 726 1578 2552 1260 364 2 300 776 342
videos.hw01/01_frame/523.jpg 0 6 72 724 60 694 156 30 0 1674 196 512 0 0 130 38
videos.hw01/01_frame/524.jpg 3124 1578 4200 2448 2938 2108 4132 5790 3026 9334 982 1080 842 2538 1458 1606
videos.hw01/01_frame/525.jpg 530 396 2730 1152 3952 6374 5426 8424 9626 3830 3012 10032 350 2180 916 362
videos.hw01/01_frame/526.jpg 936 52 1368 696 1988 5784 3330 398 5574 5188 4104 1210 360 574 1332 342
videos.hw01/01_frame/527.jpg 1638 66 384 1702 4420 11334 2324 2308 2214 4878 1056 586 170 72 226 130
videos.hw01/01_frame/528.jpg 350 698 2438 2430 862 4398 3478 8124 946 6206 1094 364 280 1086 450 232
videos.hw01/01_frame/529.jpg 714 666 1494 1364 3362 2404 1406 1614 1694 4826 352 210 110 132 1074 0
videos.hw01/01_frame/530.jpg 14 14 1404 950 1158 3272 5082 758 1502 4602 2994 5668 32 34 662 128
videos.hw01/01_frame/531.jpg 874 182 1424 3208 1486 6790 6038 1164 2502 676 1406 1156 18 814 276 430
videos.hw01/01_frame/532.jpg 8 104 4872 7374 1762 13244 5254 2384 1148 3762 2866 2470 2 68 2742 212
videos.hw01/01_frame/533.jpg 600 100 3582 5222 1784 9900 5866 3350 434 5834 1970 29098 650 916 10450 108
videos.hw01/01_frame/534.jpg 62 194 3270 8684 330 2048 10460 4144 730 124 1024 106 46 224 148 0
videos.hw01/01_frame/535.jpg 18 286 132 256 0 130 438 68 2 564 414 680 0 14 16 170
videos.hw01/01_frame/536.jpg 222 20 6948 8258 992 7654 12192 2678 1082 618 4144 614 10 318 542 170
videos.hw01/01_frame/537.jpg 256 494 13620 17636 5018 18096 42904 5358 3148 2688 2002 39084 626 1240 2360 752
videos.hw01/01_frame/538.jpg 20 256 2486 3470 2294 6518 12034 2450 2210 2548 1848 25864 120 2 132 42
videos.hw01/01_frame/539.jpg 686 1138 1320 1352 1196 2550 6340 1330 1922 7180 4504 1394 2 1336 2828 60
videos.hw01/01_frame/540.jpg 68 846 1890 2846 1498 7082 4298 4214 3364 2942 2518 628 784 630 244 46
videos.hw01/01_frame/541.jpg 346 380 5118 6062 782 2506 21020 9614 686 498 1088 2536 114 2116 1924 20
videos.hw01/01_frame/542.jpg 146 362 12480 12558 2092 5000 29430 4322 3060 1684 184 940 8 776 274 0
videos.hw01/01_frame/543.jpg 1382 394 7420 22944 1896 932 21614 9934 1316 5404 1994 240 34 0 564 1784
videos.hw01/01_frame/544.jpg 1890 1262 8174 19056 1604 2912 26496 2404 3424 1912 1114 28242 234 74 254 98
videos.hw01/01_frame/545.jpg 50 46 3316 3312 2032 7144 8140 6344 2108 2580 712 5764 222 386 1402 22
videos.hw01/01_frame/546.jpg 166 1326 10680 2364 3712 14598 8700 5610 4894 2208 806 1544 164 1932 2456 608
videos.hw01/01_frame/547.jpg 0 374 422 402 0 312 1128 338 0 1376 118 86 0 58 160 290
videos.hw01/01_frame/548.jpg 174 54 4914 4332 836 3684 10498 4322 992 1982 1664 2460 106 154 240 2252
videos.hw01/01_frame/549.jpg 1610 1266 29750 38108 2696 17990 72996 8016 10512 1230 4742 6414 666 3032 9572 448
videos.hw01/01_frame/550.jpg 406 608 6744 20182 11128 12920 27880 6306 3152 4024 698 762 3378 204 300 86
videos.hw01/01_frame/551.jpg 32 100 14062 7170 1732 3976 32088 2386 1552 2576 1118 420 2 762 32 0
videos.hw01/01_frame/552.jpg 222 2192 6164 9952 3426 3108 31808 3840 4626 2858 8790 25862 1522 34 286 10
videos.hw01/01_frame/553.jpg 632 2324 3332 3908 3126 3298 23202 4172 3056 3018 3032 16178 20 1252 494 780
videos.hw01/01_frame/554.jpg 18 2338 4472 4678 1492 2150 10414 4564 2888 2828 790 1702 122 1612 536 2614
videos.hw01/01_frame/555.jpg 38 1996 1816 4434 4280 5114 1892 3008 174 892 1940 492 170 376 64 162
videos.hw01/01_frame/556.jpg 8 502 4732 5740 3380 5524 17054 1746 2608 5798 2012 6934 128 60 1116 62
videos.hw01/01_frame/557.jpg 54 2464 9134 7700 4018 3944 37376 5546 1500 2942 1158 516 0 86 94 398
videos.hw01/01_frame/558.jpg 1396 476 9528 9532 3284 1876 84188 6828 1988 2774 1442 1086 1022 64 260 98
videos.hw01/01_frame/559.jpg 0 34 1004 280 0 302 658 820 20 336 82 54 2 114 10 0
videos.hw01/01_frame/560.jpg 314 620 7022 13980 3470 6286 31110 18144 1278 13594 2536 17382 338 230 646 0
videos.hw01/01_frame/561.jpg 1026 206 6842 5060 3782 8272 14538 7288 3792 7796 1060 5794 954 2446 1812 118
videos.hw01/01_frame/562.jpg 144 306 1296 2924 146 6354 9244 3972 452 1698 1608 1692 140 1112 162 132
videos.hw01/01_frame/563.jpg 382 410 2170 4766 1030 30394 16090 5122 1380 4518 1154 1030 370 5444 542 578
videos.hw01/01_frame/564.jpg 222 1376 5100 1666 888 17720 6688 1786 3678 3284 4994 97848 556 1458 314 38
videos.hw01/01_frame/565.jpg 374 1268 712 762 882 3810 5336 2096 1964 2598 1144 2312 74 182 490 0
videos.hw01/01_frame/566.jpg 244 132 3848 6424 4318 3476 27190 4994 2244 5540 1414 6840 336 2646 1102 42
videos.hw01/01_frame/567.jpg 266 516 9492 10760 436 4568 23650 2924 634 3044 680 1512 52 3822 156 340
videos.hw01/01_frame/568.jpg 26 208 5248 4086 7282 1802 19266 11302 1856 3290 1868 1042 0 2974 650 0
videos.hw01/01_frame/569.jpg 36 644 6042 2098 1200 5532 6432 2214 3036 2692 6580 14862 42 3106 538 12
videos.hw01/01_frame/570.jpg 110 352 1386 1646 2624 2600 2768 1126 636 2632 3702 6776 2 22 840 110
videos.hw01/01_frame/571.jpg 0 8 346 262 0 1734 238 284 0 250 796 242 0 6 32 50
videos.hw01/01_frame/572.jpg 178 2810 1342 1322 264 4518 2274 11090 216 610 610 282178 1048 114 194 396
videos.hw01/01_frame/573.jpg 206 1464 7282 1530 3022 4822 4548 2330 2972 428 3902 5932 1196 586 304 576
videos.hw01/01_frame/574.jpg 42 1474 4410 2208 866 4342 15708 4910 428 742 302 190 1130 220 432 702
videos.hw01/01_frame/575.jpg 22 10 1940 1482 2010 3914 3918 2742 208 556 530 674 8 50 78 28
videos.hw01/01_frame/576.jpg 1770 2302 6060 5964 1650 4276 5868 2264 1868 1530 1170 1120 0 326 200 56
videos.hw01/01_frame/577.jpg 114 108 3638 2296 930 1996 4800 5644 1952 1616 1598 1614 0 64 16 2
videos.hw01/01_frame/578.jpg 2 14 9228 4964 736 9190 17352 12068 1936 2674 1480 4588 0 2 1148 318
videos.hw01/01_frame/579.jpg 50 0 124 338 14 390 288 348 32 174 288 4728 2 56 66 80
videos.hw01/01_frame/580.jpg 26 50 11632 8630 828 14576 24668 8992 3314 13052 4428 9858 6 90 272 1006
videos.hw01/01_frame/581.jpg 7995666 6671630 3209596 2208990 2516920 2233748 6830838 3325678 1244922 1781572 4331452 2031632 172362 6760226 1173364 1111036
videos.hw01/01_frame/582.jpg 24452 2894 3428 1838 2664 2128 794 1338 3890 6412 10414 4008 932 2058 1354 748
videos.hw01/01_frame/583.jpg 488 544 390 196 222 350 156 188 988 2922 1574 144 1328 660 1032 560
videos.hw01/01_frame/584.jpg 724 456 368 278 114 498 664 572 898 2046 1776 590 1904 1188 628 524
videos.hw01/01_frame/585.jpg 146 1032 3264 690 760 1874 524 1398 358 3984 810 2958 1566 1972 4234 1614
videos.hw01/01_frame/586.jpg 448 98 10 44 114 74 0 146 672 3714 664 18 1590 1068 3420 78
videos.hw01/01_frame/587.jpg 414 396 354 54 500 1024 246 130 446 13258 1828 152 610 1570 4114 168
videos.hw01/01_frame/588.jpg 0 204 140 32 44 14 114 40 826 2188 164 358 340 1022 1660 264
videos.hw01/01_frame/589.jpg 36 154 22 38 140 142 92 112 330 3674 7650 542 706 1926 3246 234
videos.hw01/01_frame/590.jpg 176 542 516 74 556 622 624 380 344 3138 200 1098 144 1798 5730 242
videos.hw01/01_frame/591.jpg 380 1874 1548 462 1218 2476 308 390 598 1350 786 1300 304 2090 8816 894
videos.hw01/01_frame/592.jpg 50 370 2 16 32 470 296 48 576 2610 1014 130 54 1826 2032 186
videos.hw01/01_frame/593.jpg 238 84 0 16 14 20 62 2 616 2456 422 722 38 334 620 282
videos.hw01/01_frame/594.jpg 1704 1608 3018 2290 228 2228 1158 898 1168 4496 4660 388 380 1896 8152 600
videos.hw01/01_frame/595.jpg 162 118 20 36 0 302 90 16 154 462 130 38 92 278 394 14
videos.hw01/01_frame/596.jpg 578 192 188 36 46 230 88 40 150 1944 2160 330 136 1728 3366 72
videos.hw01/01_frame/597.jpg 9136 1134 1750 1732 376 1378 194 446 2010 5374 544 1240 766 1046 4608 306
videos.hw01/01_frame/598.jpg 818 3416 1160 630 948 1816 738 416 1180 3170 958 1648 416 6480 1200 552
videos.hw01/01_frame/599.jpg 200 1792 646 280 534 1328 468 1202 148 1256 752 316 610 460 208 90
videos.hw01/01_frame/600.jpg 20 194 286 88 82 992 198 620 728 4028 1562 296 134 514 192 108
videos.hw01/01_frame/601.jpg 290 1954 926 1020 960 1942 1370 292 1018 3518 990 2668 302 506 416 520
videos.hw01/01_frame/602.jpg 1850 1490 1678 236 650 2674 496 548 668 5468 640 822 192 966 564 1616
videos.hw01/01_frame/603.jpg 2880 3428 2830 424 466 2922 1568 788 1366 4218 358 1422 614 2356 2368 310
videos.hw01/01_frame/604.jpg 210 474 154 24 250 248 46 74 894 2684 618 650 454 1296 2648 2
videos.hw01/01_frame/605.jpg 352 1750 654 458 86 2218 286 398 934 2496 1114 112 902 1992 1654 514
videos.hw01/01_frame/606.jpg 596 1744 1380 284 166 1580 328 606 1518 3508 956 2496 468 1184 1302 1998
videos.hw01/01_frame/607.jpg 62 110 2 8 102 74 6 8 58 1216 82 0 120 544 34 0
videos.hw01/01_frame/608.jpg 208 1080 336 542 356 2674 546 402 4016 1240 192 214 318 4866 354 470
videos.hw01/01_frame/609.jpg 498 1796 1382 376 474 2448 492 1388 488 13780 484 424 644 2474 2604 820
videos.hw01/01_frame/610.jpg 498 1668 2974 662 438 3932 224 934 1358 1966 316 690 666 2776 3202 728
videos.hw01/01_frame/611.jpg 70 596 456 134 148 1014 78 124 30 2624 378 978 60 1168 1004 206
videos.hw01/01_frame/612.jpg 182 2170 1510 158 278 1328 138 200 1054 14276 494 2590 118 2304 1922 432
videos.hw01/01_frame/613.jpg 184 1556 812 216 270 902 574 174 412 3710 516 1236 266 1802 992 62
videos.hw01/01_frame/614.jpg 108 262 120 46 26 152 38 82 146 2022 824 1638 178 1228 404 230
videos.hw01/01_frame/615.jpg 2796 3446 4274 762 2904 2780 536 1852 1156 4968 7356 1808 310 2550 428 1450
videos.hw01/01_frame/616.jpg 96 0 0 18 0 284 130 386 258 2156 136 338 28 3900 1458 230
videos.hw01/01_frame/617.jpg 208 616 984 154 504 1472 704 1992 816 1656 8228 1426 590 2642 5880 880
videos.hw01/01_frame/618.jpg 118 124 22 154 52 276 42 240 440 4628 432 532 398 1976 244 348
videos.hw01/01_frame/619.jpg 78 570 12 184 74 54 32 4 206 334 344 48 296 434 580 166
videos.hw01/01_frame/620.jpg 1336 1848 1330 500 1210 3646 998 1476 592 5154 3172 1478 690 4146 3184 622
videos.hw01/01_frame/621.jpg 862 2288 2496 424 1058 3316 1534 2822 1424 17438 2006 420 470 2628 6448 1460
videos.hw01/01_frame/622.jpg 4696 2200 1864 986 994 4454 1058 1884 1040 1758 1264 738 498 1188 462 2952
videos.hw01/01_frame/623.jpg 882 1546 1688 1488 1092 2454 1216 1546 258 2440 922 1818 2034 2174 630 1550
videos.hw01/01_frame/624.jpg 736 592 622 342 692 1638 950 504 850 2770 530 546 862 1136 3262 348
videos.hw01/01_frame/625.jpg 15146 3210 2542 458 110 1684 636 1092 414 2716 680 696 786 2272 168 394
videos.hw01/01_frame/626.jpg 766 1272 5114 530 136 1924 322 562 932 2436 760 894 1408 1848 3988 1460
videos.hw01/01_frame/627.jpg 0 402 214 16 6 538 238 96 90 344 128 152 8 514 400 960
videos.hw01/01_frame/628.jpg 674 434 310 332 116 488 608 720 126 3336 88 122 70 1056 2416 980
videos.hw01/01_frame/629.jpg 3354 3640 4400 1094 1880 3224 1476 438 920 6658 2592 1314 3858 3770 10954 1712
videos.hw01/01_frame/630.jpg 66 1378 3360 426 200 770 428 186 914 2046 1260 648 282 2286 1240 286
videos.hw01/01_frame/631.jpg 68 406 0 52 62 562 0 0 178 246 0 6 26 110 234 108
videos.hw01/01_frame/632.jpg 566 590 254 342 138 2170 174 28 1570 2566 664 668 388 1686 2896 266
videos.hw01/01_frame/633.jpg 3126 1552 3356 406 450 2246 762 894 1358 4258 5456 2866 680 1876 12800 3966
videos.hw01/01_frame/634.jpg 72 528 238 222 82 596 92 256 452 1646 1100 296 286 10238 9470 726
videos.hw01/01_frame/635.jpg 850 2410 424 450 1042 3040 1032 1092 1130 5782 704 1056 1064 4264 5696 376
videos.hw01/01_frame/636.jpg 156 298 1776 84 704 902 128 1098 1000 11634 6998 1886 458 1530 2834 150
videos.hw01/01_frame/637.jpg 496 158 68 198 236 732 10 722 456 3772 14976 260 140 3900 392 46
videos.hw01/01_frame/638.jpg 2694 2222 9908 2314 1940 3848 1060 1572 1326 20544 7590 942 1520 9644 15780 1072
videos.hw01/01_frame/639.jpg 266 390 442 14 104 410 362 562 802 4934 144 86 252 1806 714 180
videos.hw01/01_frame/640.jpg 444 210 530 38 42 378 20 34 606 4948 2582 560 480 794 82 150
videos.hw01/01_frame/641.jpg 214 1240 3416 290 204 986 884 334 236 6152 1256 6382 276 3070 458 972
videos.hw01/01_frame/642.jpg 0 208 488 68 0 44 136 84 0 364 210 258 0 56 102 206
videos.hw01/01_frame/643.jpg 114 230 596 38 48 182 70 136 212 1190 300 260 236 570 78 220
videos.hw01/01_frame/644.jpg 3098 2048 17516 826 4730 3548 1556 1196 1454 1766 864 11694 754 3754 3348 3272
videos.hw01/01_frame/645.jpg 2604 582 1726 534 1182 1136 216 1500 1890 904 2278 906 1628 1610 7830 298
videos.hw01/01_frame/646.jpg 168 1452 1816 384 44 1210 512 532 492 1076 420 236 370 1094 4142 314
videos.hw01/01_frame/647.jpg 128 200 330 92 40 206 78 188 456 484 22 166 142 372 3948 280
videos.hw01/01_frame/648.jpg 270 890 1400 168 184 1558 320 732 564 1658 54 3618 190 1246 36 248
videos.hw01/01_frame/649.jpg 2 114 74 180 146 440 78 22 296 1046 40 560 26 204 40 32
videos.hw01/01_frame/650.jpg 296 1478 300 274 496 2402 1390 1048 890 766 820 1260 530 930 2204 384
videos.hw01/01_frame/651.jpg 160 1762 1088 60 202 1118 234 200 172 366 28 14 14 138 178 76
videos.hw01/01_frame/652.jpg 226 1284 10 0 172 434 0 2 138 412 2 128 24 126 0 76
videos.hw01/01_frame/653.jpg 9778 4512 3370 3296 3080 2682 436 112244 36752 19094 9654 2902 1382 72612 30458 2232
videos.hw01/01_frame/654.jpg 7656424 6492624 3050666 1981216 2397084 3321290 6885590 2897874 658142 1833846 4160682 2375898 192118 6682506 1594284 1020398
videos.hw01/01_frame/655.jpg 0 0 324 458 0 120 594 270 0 2 32 300 0 160 90 458
videos.hw01/01_frame/656.jpg 1546 5390 1760 1966 1210 4416 2902 8948 2870 1666 3652 5756 244 1478 9292 2024
videos.hw01/01_frame/657.jpg 62 1648 202 2888 644 6468 846 4170 216 488 5910 7086 818 912 250 936
videos.hw01/01_frame/658.jpg 414 1438 818 358 344 2418 4878 7492 580 1118 1046 2046 10 70 92 6
videos.hw01/01_frame/659.jpg 6874 6176 4686 6986 1082 39828 2918 31556 1654 2056 4470 63410 5038 430 1218 4158
videos.hw01/01_frame/660.jpg 6 122 0 9204 1240 2832 614 12958 3482 4446 202 640 10 182 60 672
videos.hw01/01_frame/661.jpg 182 512 676 8176 2008 3724 2484 43458 1208 1512 1280 3520 36 2 108 1256
videos.hw01/01_frame/662.jpg 226 148 192 13310 4568 6232 3472 25286 3252 612 3050 5272 202 174 580 196
videos.hw01/01_frame/663.jpg 150 902 340 1644 4668 2070 6748 13048 1610 4170 3410 908 66 176 1394 2204
videos.hw01/01_frame/664.jpg 338 138 4020 7842 336 1914 2400 50716 3126 822 398 388 1082 626 728 228
videos.hw01/01_frame/665.jpg 0 190 842 3146 2242 2568 2838 4130 2152 1110 6420 1218 0 1278 1648 152
videos.hw01/01_frame/666.jpg 6696 1104 1762 5268 2428 5114 1750 14672 520 782 1150 596 80 18 714 1974
videos.hw01/01_frame/667.jpg 0 42 586 424 0 1184 140 492 0 32 68 98 0 34 64 1024
videos.hw01/01_frame/668.jpg 170 24 2150 846 2644 3054 1296 19998 2490 1864 7194 4302 194 58 3938 486
videos.hw01/01_frame/669.jpg 926 1956 1880 20658 3406 7102 2958 247686 1948 2018 1024 1112 608 3060 4878 1760
videos.hw01/01_frame/670.jpg 426 300 966 12588 1412 906 2350 7974 386 1940 10650 1618 166 536 834 2002
videos.hw01/01_frame/671.jpg 1366 258 5126 26122 946 2714 4606 24022 588 3074 2872 2314 14 1428 1270 2066
videos.hw01/01_frame/672.jpg 450 446 3700 17234 2910 734 1746 51664 1250 4322 19394 16530 2834 1948 1174 552
videos.hw01/01_frame/673.jpg 1086 1032 780 8916 2094 1606 4490 14864 704 1486 5976 352 20 264 554 324
videos.hw01/01_frame/674.jpg 714 224 4948 28540 3520 10586 3508 8484 780 4814 860 25028 130 2618 3490 214
videos.hw01/01_frame/675.jpg 486 384 2216 1930 168 5522 2508 7298 536 1634 950 358 926 346 854 348
videos.hw01/01_frame/676.jpg 478 512 3252 3266 5678 3178 3674 5444 226 3570 834 860 74 852 604 304
videos.hw01/01_frame/677.jpg 3372 84 926 7250 1562 3980 5744 13106 1104 1642 3868 154 986 1090 1308 82
videos.hw01/01_frame/678.jpg 2594 976 548 10284 596 19014 1546 9964 108 1662 3104 134 198 62 416 38
videos.hw01/01_frame/679.jpg 6 386 118 228 0 64 208 2758 0 186 50 2 0 34 174 20
videos.hw01/01_frame/680.jpg 134 282 1336 10216 1778 9836 1302 22742 76 286 1564 232 610 606 660 326
videos.hw01/01_frame/681.jpg 426 444 4908 40222 4966 14126 3166 154164 718 5808 1634 8246 98 626 646 476
videos.hw01/01_frame/682.jpg 14 64 2152 11132 1200 5922 3606 50712 2856 2828 374 878 14 104 18 88
videos.hw01/01_frame/683.jpg 2 610 476 9522 1280 3458 4432 47876 2152 1624 4394 33584 0 8 682 6
videos.hw01/01_frame/684.jpg 294 124 266 17042 1930 3976 5652 38220 546 2132 724 1034 74 36 274 154
videos.hw01/01_frame/685.jpg 18 0 382 13654 1146 3796 27586 64398 190 1230 5884 908 18 10 0 0
videos.hw01/01_frame/686.jpg 104 138 526 18110 2130 7670 16110 62456 1038 4316 1500 2480 2 6 164 106
videos.hw01/01_frame/687.jpg 2 346 40 19302 2084 1892 4530 14442 338 2484 9358 218 26 22 82 22
videos.hw01/01_frame/688.jpg 26 176 2948 2116 3030 3612 3590 24608 2024 3438 748 23792 26 532 3704 376
videos.hw01/01_frame/689.jpg 250 104 292 636 1118 6986 2200 5386 32 972 1530 856 218 1412 544 136
videos.hw01/01_frame/690.jpg 1246 292 854 19042 2532 1896 9064 6732 876 2770 842 17640 398 128 1994 242
videos.hw01/01_frame/691.jpg 18 250 282 498 174 524 578 154 18 556 1044 1490 2 86 224 198
videos.hw01/01_frame/692.jpg 836 152 762 25332 5420 3732 6422 30010 350 2428 11256 1360 294 64 926 178
videos.hw01/01_frame/693.jpg 722 640 642 92438 3980 28172 38998 240398 2458 10658 1246 1062 104 2350 3188 2194
videos.hw01/01_frame/694.jpg 358 4054 1976 8922 662 9240 5170 87698 758 934 420 1752 140 158 240 76
videos.hw01/01_frame/695.jpg 110 80 874 13178 496 2098 7102 65898 382 1640 1560 3764 2 376 1072 402
videos.hw01/01_frame/696.jpg 54 768 374 2498 1338 4754 1834 26318 76 238 1490 2724 106 206 730 1378
videos.hw01/01_frame/697.jpg 3058 752 1386 954 1260 5944 5232 3904 884 924 916 18386 94 1548 942 548
videos.hw01/01_frame/698.jpg 974 26 506 2774 670 2216 1402 5042 430 1802 31940 42 550 98 320 454
videos.hw01/01_frame/699.jpg 1170 410 38 1442 1150 1900 578 5410 1132 228 150 0 2 6 12 36
videos.hw01/01_frame/700.jpg 326 4 142 1294 1350 6838 898 2494 378 2264 1886 0 0 0 34 18
videos.hw01/01_frame/701.jpg 332 344 274 1726 2680 6944 2908 6676 596 5420 16222 96 0 6 136 0
videos.hw01/01_frame/702.jpg 6 34 264 2212 2722 20292 3380 2162 1170 3706 1850 280 32 8 548 0
videos.hw01/01_frame/703.jpg 0 88 24 180 0 384 316 172 0 52 46 102 0 0 0 16
videos.hw01/01_frame/704.jpg 134 88 1450 2302 3552 3654 2370 3216 1150 1690 2618 226 146 0 0 20
videos.hw01/01_frame/705.jpg 3502 1120 13614 12434 7908 12386 11374 4646 3146 11114 2040 748 318 960 3908 656
videos.hw01/01_frame/706.jpg 0 8 346 216 0 170 344 136 2 602 158 170 0 2 80 36
videos.hw01/01_frame/707.jpg 210276 48734 6206 15432 6794 6272 5572 4124 2364 6226 3020 3970 352 73934 1186 1466
videos.hw01/01_frame/708.jpg 4761318 9707496 16801560 7318580 2424054 4027262 19796232 8343696 5713214 7883952 16487980 3894812 4475472 9433932 5263746 1351870
videos.hw01/01_frame/709.jpg 61570 80112 6344 1814 2748 4134 1848 11334 1464 4854 12784 7818 4166 166470 5070 3306
videos.hw01/01_frame/710.jpg 298 464 698 8 1430 332 130 3358 528 1064 150 6120 1296 492 384 296
videos.hw01/01_frame/711.jpg 606 614 362 228 2400 1334 60 74 2208 914 44 570 262 2034 416 334
videos.hw01/01_frame/712.jpg 338 328 216 282 350 1348 108 386 164 798 278 1978 192 50 494 556
videos.hw01/01_frame/713.jpg 644 1196 466 282 986 2944 314 7812 1520 3240 264 2970 608 1200 634 1914
videos.hw01/01_frame/714.jpg 110 200 22 94 214 272 330 658 480 794 120 1552 364 602 386 534
videos.hw01/01_frame/715.jpg 0 128 48 48 0 442 16 66 318 652 122 1060 34 300 64 146
videos.hw01/01_frame/716.jpg 348 400 560 128 644 478 206 110 2342 594 348 984 362 180 220 344
videos.hw01/01_frame/717.jpg 1314 422 786 320 590 822 902 1678 2916 528 708 1080 4614 1104 1598 1250
videos.hw01/01_frame/718.jpg 784 1138 750 538 1080 1094 456 3588 1104 1016 170 2706 1424 552 2028 1206
videos.hw01/01_frame/719.jpg 304 308 266 52 180 554 20 10156 646 320 48 1724 76 584 78 366
videos.hw01/01_frame/720.jpg 834 2194 526 484 928 1886 730 664 1114 1456 418 1728 1286 4172 2160 1524
videos.hw01/01_frame/721.jpg 378 524 82 58 1162 362 100 1152 188 358 4 216 2028 400 186 354
videos.hw01/01_frame/722.jpg 652 2854 214 174 738 2372 166 576 2414 1436 488 554 636 6954 1352 1284
videos.hw01/01_frame/723.jpg 490 590 234 94 624 146 138 80 1660 182 166 762 402 956 42 452
videos.hw01/01_frame/724.jpg 296 5680 696 3002 1396 5262 1982 352 2118 792 674 2160 2068 1578 2268 668
videos.hw01/01_frame/725.jpg 866 1220 282 138 1122 906 98 122 1068 1802 0 2720 468 360 146 1128
videos.hw01/01_frame/726.jpg 790 1396 1796 962 1032 1290 850 250 1134 1540 84 1474 2264 740 2900 1234
videos.hw01/01_frame/727.jpg 0 78 42 192 48 590 284 60 120 502 32 566 14 84 1414 186
videos.hw01/01_frame/728.jpg 416 734 708 166 1710 1694 114 878 2784 1126 240 5152 876 1226 450 812
videos.hw01/01_frame/729.jpg 1490 302 456 1226 2610 1772 1508 1584 2382 1554 1170 1984 706 882 456 1570
videos.hw01/01_frame/730.jpg 2192 2710 2294 722 2330 3010 834 3128 8260 3488 172 9640 1886 4076 9066 1194
videos.hw01/01_frame/731.jpg 680 542 290 234 1330 890 268 4568 1780 448 132 1632 550 2410 412 410
videos.hw01/01_frame/732.jpg 758 3146 118 1290 3290 1560 28 1502 2708 1184 70 2168 1516 856 1262 406
videos.hw01/01_frame/733.jpg 122 284 1170 198 388 796 264 1032 716 434 318 3254 210 600 570 822
videos.hw01/01_frame/734.jpg 1372 1586 1098 560 680 2024 240 8732 848 1394 378 1038 864 3932 580 1760
videos.hw01/01_frame/735.jpg 120 1030 892 244 530 1192 570 3588 942 550 40 2136 554 584 1128 1078
videos.hw01/01_frame/736.jpg 800 962 16 32 366 336 238 742 930 290 74 2848 1478 302 2196 330
videos.hw01/01_frame/737.jpg 1368 1650 3224 104 1908 2026 302 11950 2776 1698 198 2388 1250 1990 82 2396
videos.hw01/01_frame/738.jpg 884 1602 112 68 322 434 74 12612 436 494 146 902 462 372 528 320
videos.hw01/01_frame/739.jpg 0 32 6 130 0 280 12 128 0 660 18 72 2 326 312 52
videos.hw01/01_frame/740.jpg 366 1206 1488 634 2236 1184 1014 11004 688 632 346 996 590 1266 586 580
videos.hw01/01_frame/741.jpg 930 2180 4464 522 1666 1954 2616 1600 2280 2580 140 1754 1658 2334 2072 1398
videos.hw01/01_frame/742.jpg 662 1380 462 904 648 1000 222 1628 1804 1518 532 628 3576 4662 3362 2936
videos.hw01/01_frame/743.jpg 78 0 16 8 100 4 4 12 226 40 18 0 178 0 8 0
videos.hw01/01_frame/744.jpg 1110 478 1482 354 1582 1386 220 9376 2368 632 342 2742 724 2532 272 1978
videos.hw01/01_frame/745.jpg 1494 1342 1808 2048 1326 1486 258 11288 3960 1272 1252 5098 3278 1276 5992 3074
videos.hw01/01_frame/746.jpg 740 528 426 364 652 924 680 1092 1068 976 210 1814 390 882 3394 580
videos.hw01/01_frame/747.jpg 712 926 48 214 812 376 150 502 2276 710 430 4392 562 464 1938 808
videos.hw01/01_frame/748.jpg 298 944 684 96 1206 818 728 6552 1796 546 366 4548 652 3904 1138 670
videos.hw01/01_frame/749.jpg 1842 504 490 1136 906 902 524 750 2306 998 1090 7218 6332 3548 2812 554
videos.hw01/01_frame/750.jpg 944 1126 1290 268 1238 816 320 1984 1072 2590 538 6144 1386 1856 2468 594
videos.hw01/01_frame/751.jpg 0 124 56 22 0 264 16 34 6 412 30 370 0 110 228 168
videos.hw01/01_frame/752.jpg 826 1102 448 216 618 984 714 1726 948 1228 218 2758 334 278 1002 640
videos.hw01/01_frame/753.jpg 1040 934 608 526 584 1992 1148 13892 2906 3144 634 2566 3358 898 18822 1300
videos.hw01/01_frame/754.jpg 1136 1694 298 194 796 786 560 8944 1540 2626 106 2484 414 510 266 800
videos.hw01/01_frame/755.jpg 1080 892 1548 250 782 1754 684 9582 3102 1686 904 2094 3242 1540 238 1728
videos.hw01/01_frame/756.jpg 2052 290 758 458 780 630 468 2188 2126 1760 1000 1660 3016 574 826 1102
videos.hw01/01_frame/757.jpg 398 170 604 80 148 274 74 326 340 820 716 432 170 212 626 394
videos.hw01/01_frame/758.jpg 1016 986 1262 372 636 1608 1848 370 2246 1186 566 1234 502 620 678 1560
videos.hw01/01_frame/759.jpg 490 340 258 70 524 332 80 1340 1342 698 116 1138 408 376 274 240
videos.hw01/01_frame/760.jpg 1316 930 1308 264 1288 1044 484 994 1274 1466 222 2418 346 334 1246 662
videos.hw01/01_frame/761.jpg 420 3462 446 454 930 1592 948 7212 3642 4736 430 2830 418 434 1296 1536
videos.hw01/01_frame/762.jpg 1234 674 1248 3404 1500 2160 314 2190 2884 3898 668 20560 450 2326 7282 1726
videos.hw01/01_frame/763.jpg 28 102 76 122 204 466 14 176 26 608 30 784 12 278 98 222
videos.hw01/01_frame/764.jpg 178 210 320 66 360 64 106 3884 1046 386 196 3060 320 194 942 188
videos.hw01/01_frame/765.jpg 1678 1594 3658 288 710 1250 516 9642 898 1396 538 1494 1662 992 13264 2916
videos.hw01/01_frame/766.jpg 510 1744 296 694 1646 460 498 13160 762 844 86 1850 944 484 1146 1020
videos.hw01/01_frame/767.jpg 68 226 0 0 238 106 32 326 264 98 0 0 234 48 2 36
videos.hw01/01_frame/768.jpg 648 480 94 0 1406 1618 766 2780 960 924 370 1528 644 170 330 1142
videos.hw01/01_frame/769.jpg 8098366 11559736 16487168 7056194 2315902 4467466 18810718 3964622 5801832 8365032 15300688 3884344 4401862 11011110 6068216 1293614
videos.hw01/01_frame/770.jpg 1492 254 1222 798 3302 4756 288 1430 1038 1002 108 206 164 90 6044 400
videos.hw01/01_frame/771.jpg 206 312 510 1680 1432 6494 2788 1296 328 306 110 956 42 176 200 20
videos.hw01/01_frame/772.jpg 290 432 954 2864 1368 12158 4484 5110 1064 1290 2608 1476 154 440 1866 320
videos.hw01/01_frame/773.jpg 314 2 1756 4452 614 1898 3936 3550 138 514 168 10584 74 274 170 24
videos.hw01/01_frame/774.jpg 288 500 2298 4314 360 6406 2774 1014 250 2438 1048 6954 500 2112 492 546
videos.hw01/01_frame/775.jpg 74 118 122 658 22 218 236 244 0 290 20 746 24 20 108 50
videos.hw01/01_frame/776.jpg 8 54 4034 2808 506 5102 7756 11450 168 1666 842 1664 2 228 986 280
videos.hw01/01_frame/777.jpg 966 972 16616 32042 6244 6370 35486 16916 1616 3556 3054 8996 1184 194 4512 1732
videos.hw01/01_frame/778.jpg 4 238 4056 21452 5146 3464 13142 11822 3416 4608 386 442 2 866 742 1464
videos.hw01/01_frame/779.jpg 562 230 5854 10972 7200 5742 16318 8072 1870 2428 5516 4058 218 50 288 264
videos.hw01/01_frame/780.jpg 452 1414 5714 7246 4462 10202 6404 49110 3764 3606 500 1220 202 98 538 220
videos.hw01/01_frame/781.jpg 532 88 6418 7388 5226 9478 12982 3268 2330 5720 900 534 74 544 248 308
videos.hw01/01_frame/782.jpg 122 110 2474 4994 3096 5432 8678 27722 1280 4616 626 224 0 168 364 0
videos.hw01/01_frame/783.jpg 98 444 2432 4814 386 1718 7504 568 1674 2996 240 1942 278 3968 3292 42
videos.hw01/01_frame/784.jpg 800 1316 1870 3164 1014 18710 4902 2692 1310 3286 2690 388 0 0 1506 1174
videos.hw01/01_frame/785.jpg 58 876 1322 6734 1726 4898 12910 11934 408 8418 4296 632 50 8 2576 360
videos.hw01/01_frame/786.jpg 58 14 828 1152 2062 3414 4194 8054 294 2140 9200 360 582 6 528 138
videos.hw01/01_frame/787.jpg 726 1714 782 436 870 2338 492 476 256 426 180 152 414 74 1298 1680
videos.hw01/01_frame/788.jpg 664 146 1948 3674 3238 28482 25672 6738 248 2784 2612 2434 558 1220 2170 472
videos.hw01/01_frame/789.jpg 472 206 4784 13250 3298 6066 9994 3454 3680 2882 1202 9538 386 346 3612 216
videos.hw01/01_frame/790.jpg 218 3154 6152 5846 2312 2914 10870 4386 872 1230 17960 1566 96 24 474 118
videos.hw01/01_frame/791.jpg 24 14 18646 12030 568 2128 39606 126206 3194 1942 2424 8522 8 0 1340 650
videos.hw01/01_frame/792.jpg 98 46 26848 22558 6902 5252 40542 44166 294 1298 1138 3762 8 0 266 212
videos.hw01/01_frame/793.jpg 364 232 15104 49888 14332 2084 12622 163972 334 1510 1636 13580 70 66 210 34
videos.hw01/01_frame/794.jpg 180 372 13038 32164 6898 4118 52668 61582 898 1884 1054 2824 2 106 346 314
videos.hw01/01_frame/795.jpg 2 14 3534 2958 7220 8410 4972 2110 480 3462 2140 260 338 22 238 564
videos.hw01/01_frame/796.jpg 356 330 5692 3824 4188 5038 2492 1062 734 1292 13100 730 34 70 798 224
videos.hw01/01_frame/797.jpg 34 6 8500 16618 940 3720 9296 19142 478 372 1100 256 0 650 68 56
videos.hw01/01_frame/798.jpg 18 146 10432 23718 1462 11756 11746 2198 1128 2234 2414 992 146 80 696 538
videos.hw01/01_frame/799.jpg 122 104 156 186 6 276 236 42 2 122 116 58 2 2 900 116
videos.hw01/01_frame/800.jpg 96 234 5688 12928 2172 8992 10192 33242 890 1818 10036 3318 32 0 698 678
videos.hw01/01_frame/801.jpg 724 100 15800 15796 19028 14720 33328 63038 4114 8870 5480 5380 132 508 3412 452
videos.hw01/01_frame/802.jpg 0 22 3588 3398 4516 2488 4458 4336 784 2544 2288 1506 8 0 100 180
videos.hw01/01_frame/803.jpg 154 258 3030 2790 6884 14568 3554 14872 626 1822 1008 1702 4 170 1128 504
videos.hw01/01_frame/804.jpg 542 764 13692 4796 9092 9460 5646 11718 172 4160 1712 330 254 1174 1808 572
videos.hw01/01_frame/805.jpg 234 124 6666 5594 3396 5316 11910 22446 202 998 946 370 158 3818 2658 292
videos.hw01/01_frame/806.jpg 18 24 6298 22216 2810 4632 31298 104744 408 1608 2232 4374 258 64 942 344
videos.hw01/01_frame/807.jpg 86 120 13258 43022 1864 3816 30678 51758 78 1690 4962 1514 494 394 3352 1922
videos.hw01/01_frame/808.jpg 686 154 24512 10490 3198 5186 11380 2518 520 2006 12094 584 294 6070 1230 620
videos.hw01/01_frame/809.jpg 344 138 15550 11600 1346 5726 5756 2380 248 1192 3780 5036 54 14 5746 400
videos.hw01/01_frame/810.jpg 32 396 8486 17492 2448 7034 20892 30130 840 708 628 3340 132 5278 2974 248
videos.hw01/01_frame/811.jpg 206 86 96 242 26 844 584 832 86 144 256 18 98 94 156 44
videos.hw01/01_frame/812.jpg 98 1044 5128 24306 3046 8522 48554 33758 266 1200 15412 3510 618 328 950 268
videos.hw01/01_frame/813.jpg 398 732 13176 27872 7292 40334 183092 71172 3492 5898 8664 45276 2 494 5988 1934
videos.hw01/01_frame/814.jpg 104 116 7750 5708 4172 30762 25866 48530 392 2096 14004 214 38 316 830 1240
videos.hw01/01_frame/815.jpg 0 312 16274 8048 3254 5136 22396 21376 152 616 5894 56 8 1302 632 972
videos.hw01/01_frame/816.jpg 8 188 21776 17002 3944 11194 14650 55096 460 1456 3666 752 14 26 1782 628
videos.hw01/01_frame/817.jpg 200 58 43836 23444 3390 16518 94626 96890 114 2530 26120 3796 14 22 4436 694
videos.hw01/01_frame/818.jpg 8 58 58024 56786 6100 12146 144394 127242 176 4214 12302 5422 24 40 958 330
videos.hw01/01_frame/819.jpg 8 120 896 55370 3568 39148 66238 92360 56 2512 7562 62 72 38 1334 1044
videos.hw01/01_frame/820.jpg 8 302 10260 173752 5810 30508 5624 497408 82 6980 63746 214 98 398 1788 542
videos.hw01/01_frame/821.jpg 0 252 6384 16742 6126 88012 7734 255618 326 1824 8124 3636 22 50 1326 658
videos.hw01/01_frame/822.jpg 338 426 10304 14426 4140 18710 6858 1632 210 7546 33600 330 90 188 5894 2860
videos.hw01/01_frame/823.jpg 458 402 1292 1610 98 3792 982 1006 310 370 1770 4148 34 176 2600 496
videos.hw01/01_frame/824.jpg 54 5840 2968 15642 8232 42286 21480 20642 296 3412 24648 324 34 104 1978 1768
videos.hw01/01_frame/825.jpg 350 478 1774 1780 14508 61344 25748 5300 132 7888 13364 818 98 966 1722 1690
videos.hw01/01_frame/826.jpg 38 102 7862 2502 2952 46356 15010 5394 300 4968 12392 1298 80 568 1452 3858
videos.hw01/01_frame/827.jpg 68 104 128 288 294 2102 196 538 28 124 54 40 14 2 64 190
videos.hw01/01_frame/828.jpg 2 0 374 318 22 60 900 556 4 176 950 88 0 16 616 126
