videos.hw01/01_frame/0.jpg 0 0 0 0 0 0 0 0 0 0 0 0 0 0 0 0
videos.hw01/01_frame/1.jpg 186 236 180 132 72 150 108 162 42 316 110 96 102 160 120 160
videos.hw01/01_frame/2.jpg 80 56 86 68 70 116 40 72 26 212 126 88 16 104 104 68
videos.hw01/01_frame/3.jpg 70 114 116 100 46 144 94 78 50 164 86 78 64 202 48 116
videos.hw01/01_frame/4.jpg 66 184 118 94 98 100 54 102 60 210 124 90 28 102 64 80
videos.hw01/01_frame/5.jpg 72 130 158 108 64 124 92 78 48 142 170 82 88 76 134 54
videos.hw01/01_frame/6.jpg 46 188 190 144 54 242 62 156 76 286 148 170 108 144 188 116
videos.hw01/01_frame/7.jpg 22 78 18 48 48 108 24 26 28 84 48 54 50 72 14 42
videos.hw01/01_frame/8.jpg 76 174 268 84 78 130 124 104 64 230 136 92 50 72 134 66
videos.hw01/01_frame/9.jpg 112 232 160 86 48 238 160 126 122 280 72 154 112 208 174 224
videos.hw01/01_frame/10.jpg 64 92 128 144 68 178 138 84 44 186 112 170 66 116 72 80
videos.hw01/01_frame/11.jpg 60 138 104 118 172 166 128 104 82 332 130 182 134 132 158 50
videos.hw01/01_frame/12.jpg 22 32 16 0 14 38 8 2 12 26 4 14 14 52 0 6
videos.hw01/01_frame/13.jpg 50 136 130 136 42 110 106 88 76 186 70 120 84 88 66 52
videos.hw01/01_frame/14.jpg 212 260 256 148 100 334 178 84 46 206 178 162 174 222 154 110
videos.hw01/01_frame/15.jpg 104 134 184 110 68 110 142 94 40 142 126 88 50 136 68 48
videos.hw01/01_frame/16.jpg 54 150 150 78 34 110 126 112 22 226 36 50 118 96 10 64
videos.hw01/01_frame/17.jpg 78 212 152 126 72 192 136 90 102 142 104 96 56 116 92 26
videos.hw01/01_frame/18.jpg 120 124 178 132 78 226 102 126 44 158 112 132 104 198 106 144
videos.hw01/01_frame/19.jpg 70 92 30 60 46 112 64 38 38 56 40 58 64 78 70 98
videos.hw01/01_frame/20.jpg 56 102 134 120 36 188 106 88 64 186 138 60 26 106 198 44
videos.hw01/01_frame/21.jpg 182 238 200 162 106 272 110 126 42 270 154 188 124 244 344 98
videos.hw01/01_frame/22.jpg 32 102 88 64 14 118 62 102 18 212 130 60 90 110 56 20
videos.hw01/01_frame/23.jpg 156 218 126 190 56 276 204 102 62 206 152 116 136 146 128 164
videos.hw01/01_frame/24.jpg 98 112 98 60 22 84 44 66 44 112 82 92 76 118 66 92
videos.hw01/01_frame/25.jpg 74 200 260 116 50 164 162 112 38 136 78 110 66 154 104 92
videos.hw01/01_frame/26.jpg 124 234 136 88 78 268 84 164 60 124 286 88 114 158 110 114
videos.hw01/01_frame/27.jpg 44 0 6 4 8 52 14 30 34 222 106 60 68 144 66 82
videos.hw01/01_frame/28.jpg 130 204 130 110 76 188 234 110 32 176 252 118 110 154 132 112
videos.hw01/01_frame/29.jpg 26 62 24 36 32 118 8 18 30 160 64 64 68 138 98 72
videos.hw01/01_frame/30.jpg 106 144 130 84 26 84 74 62 36 292 206 118 90 116 174 70
videos.hw01/01_frame/31.jpg 12 34 22 52 10 50 8 16 12 68 20 34 16 80 26 30
videos.hw01/01_frame/32.jpg 66 106 198 76 16 94 74 36 34 150 264 86 76 128 136 130
videos.hw01/01_frame/33.jpg 138 168 88 88 72 166 112 76 24 248 272 170 64 270 134 172
videos.hw01/01_frame/34.jpg 46 100 102 44 16 42 28 20 26 286 88 184 50 158 158 102
videos.hw01/01_frame/35.jpg 98 220 128 40 38 76 116 68 62 136 116 138 90 150 96 134
videos.hw01/01_frame/36.jpg 70 118 166 82 42 110 100 40 24 204 110 98 104 156 264 132
videos.hw01/01_frame/37.jpg 86 106 168 154 110 128 62 72 96 160 142 94 112 326 118 150
videos.hw01/01_frame/38.jpg 114 182 130 104 62 136 84 88 24 250 122 142 78 172 132 148
videos.hw01/01_frame/39.jpg 10 20 0 22 6 34 0 4 26 74 0 0 56 100 0 32
videos.hw01/01_frame/40.jpg 84 22 50 68 34 46 26 62 36 142 98 76 82 212 208 98
videos.hw01/01_frame/41.jpg 146 218 278 140 90 226 100 110 72 260 186 254 134 272 296 138
videos.hw01/01_frame/42.jpg 8 58 36 48 8 128 24 48 12 124 204 96 48 194 138 122
videos.hw01/01_frame/43.jpg 6 66 22 44 8 128 24 48 18 50 8 44 36 68 72 42
videos.hw01/01_frame/44.jpg 12 120 72 86 32 52 48 30 16 156 86 80 110 188 114 86
videos.hw01/01_frame/45.jpg 200 196 150 168 130 108 94 116 42 230 248 188 128 312 258 162
videos.hw01/01_frame/46.jpg 56 118 184 98 50 112 62 78 68 136 56 46 150 200 150 114
videos.hw01/01_frame/47.jpg 42 174 238 58 70 222 110 88 16 138 222 60 152 244 96 174
videos.hw01/01_frame/48.jpg 54 128 64 82 32 212 92 56 72 154 126 82 112 156 200 94
videos.hw01/01_frame/49.jpg 110 208 134 184 54 102 168 120 48 130 246 218 122 194 142 150
videos.hw01/01_frame/50.jpg 100 134 86 54 110 116 30 80 20 112 250 168 76 228 198 152
videos.hw01/01_frame/51.jpg 98 156 318 80 44 170 110 68 24 226 66 112 88 206 192 96
videos.hw01/01_frame/52.jpg 116 210 258 182 82 224 126 134 38 238 160 132 44 118 170 114
videos.hw01/01_frame/53.jpg 72 194 158 182 66 196 128 104 60 154 72 138 80 198 110 308
videos.hw01/01_frame/54.jpg 8 54 0 28 18 20 0 16 18 44 6 28 28 56 12 50
videos.hw01/01_frame/55.jpg 116 192 90 86 108 120 102 92 24 150 82 232 136 224 102 160
videos.hw01/01_frame/56.jpg 164 296 132 134 86 246 144 268 66 182 170 190 150 194 226 160
videos.hw01/01_frame/57.jpg 154 192 194 120 96 140 68 110 30 126 66 102 98 230 192 290
videos.hw01/01_frame/58.jpg 92 170 206 148 98 296 170 250 38 128 130 168 96 226 184 266
videos.hw01/01_frame/59.jpg 46 242 246 228 96 260 138 164 44 232 260 64 82 230 206 180
videos.hw01/01_frame/60.jpg 134 160 124 116 72 164 94 98 10 158 122 130 74 274 162 114
videos.hw01/01_frame/61.jpg 102 172 166 174 46 210 114 150 34 110 288 104 118 268 222 192
videos.hw01/01_frame/62.jpg 212 226 170 98 92 226 68 152 62 212 126 112 96 244 170 208
videos.hw01/01_frame/63.jpg 152 206 114 144 46 212 94 114 48 100 138 148 122 242 308 220
videos.hw01/01_frame/64.jpg 46 134 106 56 52 86 24 28 54 196 186 202 64 146 258 196
videos.hw01/01_frame/65.jpg 60 196 480 182 190 382 168 162 64 472 234 312 160 210 336 130
videos.hw01/01_frame/66.jpg 44 46 24 22 28 70 10 44 32 14 44 84 8 72 36 66
videos.hw01/01_frame/67.jpg 442 366 220 78 50 234 166 272 46 154 152 228 224 296 196 300
videos.hw01/01_frame/68.jpg 5406 6082 5362 2770 3724 6076 7812 4950 1660 4476 6552 3156 1622 5880 4006 2866
videos.hw01/01_frame/69.jpg 258 220 240 242 340 294 420 1080 438 458 368 398 106 108 302 412
videos.hw01/01_frame/70.jpg 76 154 162 168 180 400 284 366 228 274 296 184 6 150 106 140
videos.hw01/01_frame/71.jpg 74 148 262 206 182 214 230 234 148 294 210 216 30 28 194 128
videos.hw01/01_frame/72.jpg 28 58 182 184 208 418 244 248 312 360 250 174 38 42 184 140
videos.hw01/01_frame/73.jpg 78 208 156 220 232 300 354 268 176 262 416 242 106 102 158 128
videos.hw01/01_frame/74.jpg 28 104 164 216 294 472 288 402 414 268 228 212 26 76 208 112
videos.hw01/01_frame/75.jpg 20 78 174 276 212 318 276 208 226 292 280 216 12 74 172 92
videos.hw01/01_frame/76.jpg 120 78 272 216 252 362 268 482 224 412 202 202 52 70 246 146
videos.hw01/01_frame/77.jpg 24 86 256 336 242 314 320 220 160 304 266 180 10 86 126 112
videos.hw01/01_frame/78.jpg 132 170 350 256 362 386 376 354 174 412 234 148 88 30 290 136
videos.hw01/01_frame/79.jpg 2 12 4 0 6 38 48 54 38 12 44 30 0 12 24 38
videos.hw01/01_frame/80.jpg 16 76 156 154 218 398 394 254 248 414 228 202 14 64 170 72
videos.hw01/01_frame/81.jpg 56 236 188 376 414 642 564 680 292 996 472 140 42 120 520 146
videos.hw01/01_frame/82.jpg 68 174 300 314 456 394 276 824 132 432 474 348 28 80 188 234
videos.hw01/01_frame/83.jpg 32 104 288 228 252 368 302 666 112 314 320 40 2 24 232 116
videos.hw01/01_frame/84.jpg 214 188 348 286 366 372 272 746 80 296 394 202 56 82 300 252
videos.hw01/01_frame/85.jpg 50 92 126 260 144 250 444 748 92 172 266 270 74 114 136 140
videos.hw01/01_frame/86.jpg 30 88 164 292 298 268 176 330 88 268 352 104 6 30 248 350
videos.hw01/01_frame/87.jpg 60 122 184 166 246 378 326 766 66 322 140 184 20 130 228 194
videos.hw01/01_frame/88.jpg 68 166 174 354 402 288 184 940 128 260 334 380 70 98 112 150
videos.hw01/01_frame/89.jpg 154 92 190 348 242 360 280 638 60 194 122 72 12 74 138 126
videos.hw01/01_frame/90.jpg 106 86 120 164 386 280 214 368 36 136 198 166 24 60 142 220
videos.hw01/01_frame/91.jpg 8 0 16 36 72 72 52 64 14 42 20 46 10 10 12 0
videos.hw01/01_frame/92.jpg 92 128 188 232 276 418 276 566 28 88 104 326 44 98 84 130
videos.hw01/01_frame/93.jpg 44 46 314 292 402 786 306 546 68 176 166 388 32 70 308 250
videos.hw01/01_frame/94.jpg 66 98 398 274 296 440 476 404 42 106 432 262 32 58 120 182
videos.hw01/01_frame/95.jpg 144 106 110 240 330 552 374 416 26 104 334 348 40 92 142 108
videos.hw01/01_frame/96.jpg 82 336 570 324 384 642 286 792 122 156 222 430 58 66 250 180
videos.hw01/01_frame/97.jpg 32 100 230 222 144 430 304 384 90 170 224 184 68 74 126 160
videos.hw01/01_frame/98.jpg 86 280 156 124 222 346 424 110 48 246 130 78 74 102 128 170
videos.hw01/01_frame/99.jpg 38 170 184 134 206 254 450 184 50 92 146 200 24 104 52 312
videos.hw01/01_frame/100.jpg 122 192 302 142 250 418 556 210 112 76 158 194 26 94 132 86
videos.hw01/01_frame/101.jpg 84 280 148 110 188 512 246 150 62 66 72 58 16 70 84 104
videos.hw01/01_frame/102.jpg 78 300 220 232 244 472 382 204 84 76 126 182 62 50 192 126
videos.hw01/01_frame/103.jpg 36 76 90 58 26 108 134 48 14 70 58 10 6 32 78 58
videos.hw01/01_frame/104.jpg 124 294 168 184 114 322 126 164 56 180 152 78 16 84 154 98
videos.hw01/01_frame/105.jpg 122 130 174 256 202 264 378 146 118 176 254 112 44 80 88 150
videos.hw01/01_frame/106.jpg 76 184 192 136 202 320 338 196 84 98 210 38 64 22 112 130
videos.hw01/01_frame/107.jpg 166 178 132 136 160 360 276 184 28 116 118 106 22 30 136 122
videos.hw01/01_frame/108.jpg 94 156 168 260 130 294 256 154 44 204 150 56 56 80 258 216
videos.hw01/01_frame/109.jpg 152 166 310 190 296 206 240 142 44 60 104 60 28 76 128 162
videos.hw01/01_frame/110.jpg 116 108 150 146 150 448 250 176 74 88 110 216 28 94 86 130
videos.hw01/01_frame/111.jpg 54 140 196 90 264 334 296 166 14 14 94 86 48 30 68 100
videos.hw01/01_frame/112.jpg 66 144 206 202 262 448 378 156 76 40 162 76 46 30 64 136
videos.hw01/01_frame/113.jpg 34 92 234 154 220 410 242 152 18 96 290 104 6 16 110 100
videos.hw01/01_frame/114.jpg 90 118 192 190 276 276 372 166 50 116 312 346 70 72 136 140
videos.hw01/01_frame/115.jpg 0 4 0 0 0 8 0 0 0 28 0 0 2 8 0 0
videos.hw01/01_frame/116.jpg 142 142 92 84 270 268 274 166 68 138 92 72 8 74 140 96
videos.hw01/01_frame/117.jpg 70 50 414 360 368 484 444 240 60 276 400 870 58 64 128 176
videos.hw01/01_frame/118.jpg 12 36 118 224 240 336 240 154 118 138 158 432 6 16 128 82
videos.hw01/01_frame/119.jpg 0 32 156 160 274 188 234 212 28 120 170 86 6 22 104 114
videos.hw01/01_frame/120.jpg 14 440 254 164 236 282 288 194 112 296 994 308 26 278 552 106
videos.hw01/01_frame/121.jpg 0 22 38 50 46 96 142 92 28 48 78 0 0 0 34 38
videos.hw01/01_frame/122.jpg 42 64 148 432 266 400 724 326 24 150 184 242 12 40 228 128
videos.hw01/01_frame/123.jpg 7306 8586 6802 4392 5148 6890 8318 7088 7258 8698 8282 4890 7242 8604 8134 4276
videos.hw01/01_frame/124.jpg 34 160 1236 18 162 390 790 24 6 214 310 86 30 726 642 88
videos.hw01/01_frame/125.jpg 32 208 184 44 114 220 114 30 92 206 116 62 30 134 164 50
videos.hw01/01_frame/126.jpg 20 88 250 32 132 142 74 38 36 126 148 30 20 94 118 20
videos.hw01/01_frame/127.jpg 0 66 28 4 0 66 6 4 0 58 70 28 14 26 30 42
videos.hw01/01_frame/128.jpg 2 88 114 2 60 124 78 26 26 120 124 50 26 98 96 76
videos.hw01/01_frame/129.jpg 66 212 168 24 146 336 62 44 44 340 204 132 24 148 158 66
videos.hw01/01_frame/130.jpg 24 178 154 32 176 148 104 104 54 328 150 80 50 172 108 84
videos.hw01/01_frame/131.jpg 32 118 156 2 66 82 44 16 92 182 114 44 30 112 98 14
videos.hw01/01_frame/132.jpg 52 162 160 4 112 210 156 30 124 186 106 46 34 134 82 64
videos.hw01/01_frame/133.jpg 60 212 64 6 42 48 48 24 114 116 124 50 44 160 82 26
videos.hw01/01_frame/134.jpg 42 104 110 28 100 114 54 12 42 104 126 88 14 168 116 46
videos.hw01/01_frame/135.jpg 0 58 30 6 2 58 12 6 8 76 30 12 4 66 58 28
videos.hw01/01_frame/136.jpg 28 152 84 38 68 88 26 16 38 96 158 54 14 120 98 40
videos.hw01/01_frame/137.jpg 80 262 216 124 160 174 106 66 96 158 176 96 30 168 104 96
videos.hw01/01_frame/138.jpg 56 178 38 20 76 118 24 38 34 60 54 20 8 36 38 16
videos.hw01/01_frame/139.jpg 54 76 46 4 40 64 30 0 38 160 78 20 8 70 50 16
videos.hw01/01_frame/140.jpg 76 226 136 10 88 98 66 8 50 126 82 4 28 194 58 0
videos.hw01/01_frame/141.jpg 38 160 242 46 114 144 232 72 72 200 162 72 20 142 140 78
videos.hw01/01_frame/142.jpg 12 90 74 28 80 154 152 16 14 116 86 74 32 90 98 70
videos.hw01/01_frame/143.jpg 20 112 108 22 42 178 142 8 76 104 138 28 16 116 88 44
videos.hw01/01_frame/144.jpg 18 112 62 12 108 68 10 2 26 80 80 40 0 48 14 44
videos.hw01/01_frame/145.jpg 42 140 136 20 78 106 76 24 20 142 132 40 24 112 84 32
videos.hw01/01_frame/146.jpg 40 48 138 32 76 102 4 26 70 208 142 26 44 196 130 40
videos.hw01/01_frame/147.jpg 34 136 120 22 98 86 14 62 42 144 138 102 30 184 146 54
videos.hw01/01_frame/148.jpg 50 82 116 12 100 176 32 60 56 138 136 30 16 158 122 54
videos.hw01/01_frame/149.jpg 70 120 96 24 64 158 56 64 22 236 144 48 16 64 110 24
videos.hw01/01_frame/150.jpg 40 128 98 36 78 126 86 16 36 180 168 92 46 164 90 36
videos.hw01/01_frame/151.jpg 0 32 64 10 2 28 24 24 10 58 38 48 10 38 28 26
videos.hw01/01_frame/152.jpg 44 130 204 14 106 184 44 16 50 154 124 52 20 128 98 40
videos.hw01/01_frame/153.jpg 52 122 162 30 110 190 40 18 50 146 146 68 20 274 114 48
videos.hw01/01_frame/154.jpg 72 166 124 30 82 136 32 10 18 126 128 118 18 116 104 36
videos.hw01/01_frame/155.jpg 56 200 66 28 132 208 126 38 44 176 194 72 12 146 124 26
videos.hw01/01_frame/156.jpg 0 98 34 2 0 44 52 0 2 80 46 32 0 50 44 14
videos.hw01/01_frame/157.jpg 42 218 102 14 114 90 74 18 58 188 174 142 24 208 112 16
videos.hw01/01_frame/158.jpg 72 324 186 64 162 116 196 40 74 188 166 190 14 160 106 38
videos.hw01/01_frame/159.jpg 88 260 304 88 104 290 102 80 88 214 242 82 30 212 138 44
videos.hw01/01_frame/160.jpg 20 86 36 22 100 128 22 36 2 56 126 42 0 2 46 38
videos.hw01/01_frame/161.jpg 18 116 20 32 138 206 44 18 60 108 100 56 8 124 90 2
videos.hw01/01_frame/162.jpg 22 62 46 52 86 140 62 62 26 98 150 118 28 116 104 34
videos.hw01/01_frame/163.jpg 40 80 42 14 80 214 82 30 46 168 246 150 20 192 114 18
videos.hw01/01_frame/164.jpg 50 112 78 36 148 124 98 18 50 198 130 106 18 108 84 68
videos.hw01/01_frame/165.jpg 70 84 54 18 124 144 56 10 60 130 162 78 26 132 102 22
videos.hw01/01_frame/166.jpg 76 142 106 18 122 128 78 8 56 176 170 82 16 114 116 38
videos.hw01/01_frame/167.jpg 46 118 86 12 52 66 52 32 18 124 202 78 20 178 86 22
videos.hw01/01_frame/168.jpg 34 84 66 20 6 38 26 0 28 62 114 36 4 72 90 8
videos.hw01/01_frame/169.jpg 40 114 56 12 60 72 14 18 28 206 128 38 28 150 66 22
videos.hw01/01_frame/170.jpg 42 72 42 20 76 138 30 6 48 172 162 66 10 118 92 34
videos.hw01/01_frame/171.jpg 20 50 30 8 102 112 8 30 20 108 86 46 16 118 68 44
videos.hw01/01_frame/172.jpg 40 144 34 20 116 134 32 14 32 178 150 50 8 80 118 14
videos.hw01/01_frame/173.jpg 54 76 28 22 42 138 62 8 36 172 204 34 14 76 100 20
videos.hw01/01_frame/174.jpg 28 56 38 10 68 136 26 16 38 168 164 76 12 154 114 30
videos.hw01/01_frame/175.jpg 0 52 2 0 4 54 28 14 0 32 58 14 4 78 52 20
videos.hw01/01_frame/176.jpg 72 68 58 18 130 142 44 52 44 192 206 88 16 138 84 36
videos.hw01/01_frame/177.jpg 4550 4186 4732 304 6798 5846 2400 950 6664 5502 4744 2144 6798 5822 1538 1976
videos.hw01/01_frame/178.jpg 162 160 36 64 160 142 50 118 148 110 156 108 152 134 86 80
videos.hw01/01_frame/179.jpg 44 82 50 44 50 94 38 58 38 36 92 54 38 134 28 4
videos.hw01/01_frame/180.jpg 30 86 24 16 18 94 60 106 30 72 60 48 42 62 16 18
videos.hw01/01_frame/181.jpg 108 172 36 88 78 178 36 208 116 172 100 42 104 80 102 54
videos.hw01/01_frame/182.jpg 54 94 20 50 110 102 52 72 50 66 108 54 58 72 28 30
videos.hw01/01_frame/183.jpg 78 90 48 84 112 100 54 52 54 116 32 68 68 84 30 54
videos.hw01/01_frame/184.jpg 94 118 48 44 142 134 76 126 106 144 110 74 102 138 66 40
videos.hw01/01_frame/185.jpg 130 136 22 64 110 162 64 70 140 194 34 84 100 152 68 46
videos.hw01/01_frame/186.jpg 36 40 32 42 34 46 28 58 8 88 38 76 18 32 18 42
videos.hw01/01_frame/187.jpg 6 84 4 14 8 26 26 36 28 76 12 6 12 22 26 8
videos.hw01/01_frame/188.jpg 110 150 44 52 120 146 92 94 168 198 94 72 82 206 72 24
videos.hw01/01_frame/189.jpg 100 100 30 54 84 62 60 78 128 104 40 68 82 98 50 96
videos.hw01/01_frame/190.jpg 120 140 92 202 130 148 54 88 164 268 100 64 124 208 68 120
videos.hw01/01_frame/191.jpg 148 146 26 32 116 102 66 56 182 156 68 42 176 160 60 22
videos.hw01/01_frame/192.jpg 66 122 18 66 106 134 28 118 134 116 50 46 66 114 40 42
videos.hw01/01_frame/193.jpg 60 122 18 74 94 138 52 76 96 204 74 20 96 150 52 22
videos.hw01/01_frame/194.jpg 130 164 42 50 154 108 54 80 170 134 68 34 110 122 76 20
videos.hw01/01_frame/195.jpg 88 192 50 86 102 106 48 40 132 90 72 68 88 194 50 118
videos.hw01/01_frame/196.jpg 56 106 38 92 94 98 52 56 68 114 34 42 88 102 56 32
videos.hw01/01_frame/197.jpg 90 180 60 44 164 148 32 98 174 118 64 66 84 148 64 30
videos.hw01/01_frame/198.jpg 64 144 24 68 74 136 38 108 104 126 42 34 74 162 64 72
videos.hw01/01_frame/199.jpg 12 80 22 42 14 60 18 36 16 80 22 36 8 56 6 26
videos.hw01/01_frame/200.jpg 94 88 32 58 90 64 70 78 78 74 88 78 62 74 42 54
videos.hw01/01_frame/201.jpg 160 148 48 66 92 106 82 100 166 222 118 76 128 198 100 78
videos.hw01/01_frame/202.jpg 114 118 50 114 142 152 110 124 164 168 84 40 94 120 56 64
videos.hw01/01_frame/203.jpg 92 134 42 78 150 158 58 124 88 136 132 84 88 144 58 72
videos.hw01/01_frame/204.jpg 2 70 14 48 12 66 44 110 0 4 20 22 2 82 52 4
videos.hw01/01_frame/205.jpg 130 112 46 98 122 174 88 196 46 224 80 96 64 166 80 48
videos.hw01/01_frame/206.jpg 24 36 10 68 32 64 62 42 34 44 36 6 48 76 6 22
videos.hw01/01_frame/207.jpg 80 138 34 70 66 122 102 62 102 106 36 48 94 116 34 72
videos.hw01/01_frame/208.jpg 46 84 18 44 24 118 32 36 38 74 20 46 34 108 44 12
videos.hw01/01_frame/209.jpg 94 132 50 40 164 198 42 40 110 112 94 32 78 106 28 16
videos.hw01/01_frame/210.jpg 112 176 58 60 164 218 36 128 164 212 116 18 126 220 68 16
videos.hw01/01_frame/211.jpg 64 54 8 28 40 78 18 4 66 72 26 40 62 54 26 24
videos.hw01/01_frame/212.jpg 44 74 24 50 76 88 40 56 58 106 30 50 82 104 32 14
videos.hw01/01_frame/213.jpg 124 190 30 56 196 190 44 124 246 188 116 86 190 126 106 116
videos.hw01/01_frame/214.jpg 88 110 38 88 132 186 18 64 178 194 52 112 130 92 74 82
videos.hw01/01_frame/215.jpg 5404 7106 8932 4428 5240 6428 8602 5430 4282 6878 8402 5098 4196 6636 7650 2500
videos.hw01/01_frame/216.jpg 58 46 76 88 78 134 144 86 98 160 116 82 22 26 54 68
videos.hw01/01_frame/217.jpg 16 112 66 172 102 326 146 64 226 230 72 50 12 10 56 22
videos.hw01/01_frame/218.jpg 66 36 58 102 72 182 242 62 212 162 158 82 2 42 96 40
videos.hw01/01_frame/219.jpg 30 24 60 132 110 144 184 178 206 270 162 88 2 32 48 52
videos.hw01/01_frame/220.jpg 102 48 184 180 200 204 212 96 166 184 318 154 10 14 52 38
videos.hw01/01_frame/221.jpg 66 24 86 116 94 174 146 130 154 158 136 54 14 16 76 36
videos.hw01/01_frame/222.jpg 34 20 98 168 90 188 244 242 256 198 138 64 2 4 38 34
videos.hw01/01_frame/223.jpg 0 0 0 0 28 22 4 28 82 32 8 0 14 0 4 10
videos.hw01/01_frame/224.jpg 14 18 98 162 136 220 170 238 170 166 124 94 14 32 58 50
videos.hw01/01_frame/225.jpg 42 36 250 602 162 374 270 224 336 352 144 102 24 28 112 68
videos.hw01/01_frame/226.jpg 24 12 152 88 92 138 168 158 162 150 92 70 12 4 54 64
videos.hw01/01_frame/227.jpg 38 22 42 120 66 176 156 220 60 94 108 200 2 0 48 24
videos.hw01/01_frame/228.jpg 26 40 102 80 56 114 226 390 146 76 162 362 2 2 64 18
videos.hw01/01_frame/229.jpg 48 40 52 188 118 182 130 470 186 170 110 398 4 8 50 52
videos.hw01/01_frame/230.jpg 52 8 88 246 92 196 170 430 186 162 116 304 4 4 46 68
videos.hw01/01_frame/231.jpg 106 26 100 460 136 180 276 364 272 204 140 246 18 34 104 86
videos.hw01/01_frame/232.jpg 100 32 90 274 164 240 156 460 180 200 136 302 6 14 112 50
videos.hw01/01_frame/233.jpg 138 44 178 318 106 174 220 352 184 240 180 246 20 72 160 48
videos.hw01/01_frame/234.jpg 26 6 94 378 154 232 200 336 216 190 126 478 8 24 44 2
videos.hw01/01_frame/235.jpg 0 0 40 0 0 32 46 30 66 68 10 12 0 0 0 0
videos.hw01/01_frame/236.jpg 96 66 72 222 80 298 236 350 86 280 214 298 14 12 72 30
videos.hw01/01_frame/237.jpg 44 56 142 220 268 390 298 294 268 270 250 320 12 74 82 90
videos.hw01/01_frame/238.jpg 18 8 82 114 134 300 204 164 266 362 174 340 22 6 76 72
videos.hw01/01_frame/239.jpg 10 84 106 228 124 318 240 356 244 254 170 156 2 24 204 76
videos.hw01/01_frame/240.jpg 0 34 50 254 152 256 226 472 308 302 272 262 6 24 114 52
videos.hw01/01_frame/241.jpg 0 0 60 300 160 352 226 392 176 300 356 150 16 24 204 84
videos.hw01/01_frame/242.jpg 28 22 102 190 128 682 222 304 190 344 156 252 36 26 152 94
videos.hw01/01_frame/243.jpg 48 14 76 210 260 360 266 472 294 366 246 212 18 16 174 154
videos.hw01/01_frame/244.jpg 64 0 96 230 200 388 338 502 136 324 350 192 0 24 298 34
videos.hw01/01_frame/245.jpg 32 0 28 196 234 480 384 494 170 324 270 200 2 12 290 112
videos.hw01/01_frame/246.jpg 0 26 44 530 172 404 388 338 206 352 330 72 8 22 188 120
videos.hw01/01_frame/247.jpg 12 0 0 98 28 58 86 48 40 94 18 20 0 8 32 24
videos.hw01/01_frame/248.jpg 36 20 54 624 142 406 414 538 130 394 336 358 10 46 196 186
videos.hw01/01_frame/249.jpg 74 80 152 1252 414 810 638 798 478 728 548 584 56 56 372 286
videos.hw01/01_frame/250.jpg 16 38 74 480 298 436 372 300 310 450 504 348 24 44 252 210
videos.hw01/01_frame/251.jpg 4 10 58 340 160 418 414 514 162 360 322 46 14 16 72 190
videos.hw01/01_frame/252.jpg 0 2 60 392 174 432 282 626 246 408 226 108 0 4 130 208
videos.hw01/01_frame/253.jpg 22 8 90 582 218 180 542 440 46 274 326 152 22 70 84 170
videos.hw01/01_frame/254.jpg 100 18 106 276 168 432 312 146 134 264 248 124 18 30 128 134
videos.hw01/01_frame/255.jpg 66 142 58 320 124 314 248 324 120 306 188 326 4 34 140 210
videos.hw01/01_frame/256.jpg 36 62 142 546 222 414 484 356 210 314 238 138 80 46 100 150
videos.hw01/01_frame/257.jpg 54 94 110 518 150 446 396 336 108 238 140 142 20 148 80 124
videos.hw01/01_frame/258.jpg 22 100 122 436 210 228 230 342 278 330 132 36 84 58 220 124
videos.hw01/01_frame/259.jpg 26 38 30 30 8 6 0 18 4 2 0 0 16 10 0 0
videos.hw01/01_frame/260.jpg 76 94 202 304 228 614 430 178 166 242 86 18 88 90 58 122
videos.hw01/01_frame/261.jpg 238 136 164 1240 368 392 284 1020 308 326 304 122 168 264 338 300
videos.hw01/01_frame/262.jpg 42 94 102 880 246 234 320 350 48 212 98 26 64 108 88 118
videos.hw01/01_frame/263.jpg 110 94 204 290 192 372 328 302 130 158 222 40 74 320 126 202
videos.hw01/01_frame/264.jpg 84 130 294 234 176 424 450 224 112 154 264 14 124 94 68 166
videos.hw01/01_frame/265.jpg 12 140 132 210 252 426 342 190 160 234 244 54 48 76 180 142
videos.hw01/01_frame/266.jpg 62 64 214 240 190 266 484 106 190 278 300 124 48 158 126 130
videos.hw01/01_frame/267.jpg 68 46 276 266 212 270 338 378 74 274 448 48 28 66 136 152
videos.hw01/01_frame/268.jpg 128 150 166 210 274 376 328 268 238 288 358 46 58 60 214 164
videos.hw01/01_frame/269.jpg 100 46 194 208 276 422 278 168 108 304 254 120 34 154 150 150
videos.hw01/01_frame/270.jpg 126 106 112 182 288 380 254 220 250 346 314 336 134 172 168 192
videos.hw01/01_frame/271.jpg 24 10 26 34 10 64 40 22 8 60 2 0 46 4 30 6
videos.hw01/01_frame/272.jpg 74 54 350 232 284 526 208 132 214 358 396 46 62 98 130 156
videos.hw01/01_frame/273.jpg 62 80 372 950 462 700 524 288 472 672 536 120 140 114 246 326
videos.hw01/01_frame/274.jpg 76 108 174 948 278 556 360 278 298 400 206 114 20 64 274 226
videos.hw01/01_frame/275.jpg 38 60 200 580 192 364 400 342 212 374 234 330 20 60 138 176
videos.hw01/01_frame/276.jpg 40 48 258 696 144 432 270 796 282 372 198 98 32 134 188 158
videos.hw01/01_frame/277.jpg 134 56 520 586 156 528 304 652 138 296 278 398 56 54 140 200
videos.hw01/01_frame/278.jpg 4 24 634 660 94 182 264 192 232 258 192 144 62 16 166 84
videos.hw01/01_frame/279.jpg 0 12 592 794 128 390 286 472 146 238 262 98 8 18 120 120
videos.hw01/01_frame/280.jpg 0 72 402 462 170 216 324 356 180 232 260 292 22 80 138 122
videos.hw01/01_frame/281.jpg 30 12 330 516 200 330 376 306 154 306 232 350 10 14 268 142
videos.hw01/01_frame/282.jpg 4 52 776 522 210 294 268 472 112 366 210 170 14 68 166 258
videos.hw01/01_frame/283.jpg 0 0 46 60 0 26 116 150 0 8 22 0 0 0 30 30
videos.hw01/01_frame/284.jpg 2 48 758 372 172 358 178 516 172 280 178 262 50 18 132 76
videos.hw01/01_frame/285.jpg 76 104 486 892 148 376 278 738 360 480 424 406 38 152 190 222
videos.hw01/01_frame/286.jpg 52 164 76 446 220 282 212 214 140 298 228 358 122 32 168 82
videos.hw01/01_frame/287.jpg 48 46 112 448 90 212 198 512 200 262 258 82 66 64 102 84
videos.hw01/01_frame/288.jpg 156 52 298 346 156 366 238 408 100 194 156 66 36 42 174 154
videos.hw01/01_frame/289.jpg 38 96 422 488 210 444 308 768 80 242 340 522 8 70 212 142
videos.hw01/01_frame/290.jpg 32 24 224 304 90 210 300 316 122 158 144 140 48 22 92 102
videos.hw01/01_frame/291.jpg 14 82 218 248 96 268 238 198 94 230 326 136 48 34 108 36
videos.hw01/01_frame/292.jpg 54 84 246 266 76 178 332 320 222 266 372 470 16 28 152 78
videos.hw01/01_frame/293.jpg 42 52 282 378 88 224 304 1118 266 322 266 316 6 22 90 60
videos.hw01/01_frame/294.jpg 26 78 240 412 72 268 246 638 154 296 174 240 26 82 136 42
videos.hw01/01_frame/295.jpg 0 0 16 0 0 16 62 22 0 18 74 48 0 0 32 42
videos.hw01/01_frame/296.jpg 12 108 112 610 120 366 134 276 172 296 386 86 24 38 132 54
videos.hw01/01_frame/297.jpg 40 82 130 598 228 546 290 842 344 470 454 376 36 62 358 132
videos.hw01/01_frame/298.jpg 16 44 302 390 138 418 290 578 158 392 234 152 52 42 186 50
videos.hw01/01_frame/299.jpg 66 34 182 296 150 318 270 510 110 420 314 108 2 52 190 94
videos.hw01/01_frame/300.jpg 52 136 120 172 96 252 238 672 124 300 174 172 62 50 240 104
videos.hw01/01_frame/301.jpg 94 118 70 128 96 264 194 680 300 228 190 296 38 34 180 20
videos.hw01/01_frame/302.jpg 162 112 172 178 150 320 282 724 282 218 200 272 24 94 136 30
videos.hw01/01_frame/303.jpg 26 14 122 180 120 274 174 622 242 200 258 156 28 82 130 4
videos.hw01/01_frame/304.jpg 26 140 210 154 160 262 240 372 222 376 374 186 120 118 242 102
videos.hw01/01_frame/305.jpg 76 60 106 210 110 242 232 448 186 262 248 188 32 148 234 66
videos.hw01/01_frame/306.jpg 164 64 116 210 172 286 186 714 266 222 108 166 28 88 118 42
videos.hw01/01_frame/307.jpg 0 0 0 0 0 0 20 0 0 0 32 0 0 4 4 0
videos.hw01/01_frame/308.jpg 68 50 52 154 96 226 140 712 184 204 218 380 60 26 88 52
videos.hw01/01_frame/309.jpg 54 68 120 262 92 274 202 1048 274 176 280 998 168 52 130 48
videos.hw01/01_frame/310.jpg 20 30 82 132 90 192 188 478 122 152 220 488 22 20 90 36
videos.hw01/01_frame/311.jpg 0 0 42 138 62 160 124 228 134 110 190 318 6 16 30 2
videos.hw01/01_frame/312.jpg 50 146 130 170 122 218 220 422 198 378 204 352 44 108 164 100
videos.hw01/01_frame/313.jpg 6 36 66 154 46 128 146 344 98 282 190 148 0 8 82 18
videos.hw01/01_frame/314.jpg 28 26 44 134 116 140 156 404 124 232 142 246 44 40 50 48
videos.hw01/01_frame/315.jpg 0 6 42 92 96 116 206 326 182 302 134 146 14 8 84 40
videos.hw01/01_frame/316.jpg 0 24 190 116 58 224 226 268 114 222 164 174 52 26 100 120
videos.hw01/01_frame/317.jpg 6 44 128 134 106 138 170 294 154 228 236 374 28 38 122 40
videos.hw01/01_frame/318.jpg 12 24 92 110 66 262 178 364 98 218 150 322 54 28 216 88
videos.hw01/01_frame/319.jpg 0 0 18 18 38 48 92 132 128 104 48 74 0 4 44 0
videos.hw01/01_frame/320.jpg 26 34 114 128 102 180 234 574 148 362 182 528 34 48 226 94
videos.hw01/01_frame/321.jpg 130 72 122 258 178 368 396 712 234 292 410 902 70 40 170 104
videos.hw01/01_frame/322.jpg 44 28 96 208 118 202 336 582 240 316 288 460 34 34 278 110
videos.hw01/01_frame/323.jpg 138 46 164 98 226 296 516 516 282 366 266 246 26 36 232 124
videos.hw01/01_frame/324.jpg 0 10 62 138 116 244 368 392 234 366 384 294 10 10 124 66
videos.hw01/01_frame/325.jpg 0 54 102 156 212 280 358 424 240 330 304 270 16 30 158 92
videos.hw01/01_frame/326.jpg 46 16 50 30 16 34 78 68 4 56 52 82 34 32 112 64
videos.hw01/01_frame/327.jpg 680 304 1076 150 188 620 314 348 282 386 214 230 102 38 762 154
videos.hw01/01_frame/328.jpg 4150 7148 8504 5984 4918 6522 8510 5184 5058 7160 8432 4792 3540 5528 7196 2510
videos.hw01/01_frame/329.jpg 1264 524 462 68 208 236 176 248 208 284 92 128 404 228 634 254
videos.hw01/01_frame/330.jpg 86 222 46 76 162 138 42 44 212 194 54 28 108 256 104 46
videos.hw01/01_frame/331.jpg 0 68 22 50 12 56 6 32 0 36 28 20 0 26 36 52
videos.hw01/01_frame/332.jpg 174 188 28 90 160 198 46 84 130 54 54 20 36 72 76 0
videos.hw01/01_frame/333.jpg 164 248 54 72 242 292 62 54 224 190 76 50 176 128 80 84
videos.hw01/01_frame/334.jpg 242 192 18 84 252 160 66 54 176 254 76 44 212 186 138 40
videos.hw01/01_frame/335.jpg 174 212 58 50 246 204 80 26 208 160 94 50 134 124 84 44
videos.hw01/01_frame/336.jpg 220 188 16 50 274 148 48 30 172 122 74 22 82 100 106 50
videos.hw01/01_frame/337.jpg 208 144 28 100 178 114 74 36 202 146 42 44 92 132 72 58
videos.hw01/01_frame/338.jpg 242 180 34 54 190 206 102 34 166 158 34 30 84 150 56 26
videos.hw01/01_frame/339.jpg 168 236 52 42 230 188 64 38 176 190 42 42 72 150 132 20
videos.hw01/01_frame/340.jpg 164 224 30 78 192 212 50 20 172 174 100 32 120 194 100 70
videos.hw01/01_frame/341.jpg 158 232 24 56 206 242 62 48 148 162 88 42 108 154 78 46
videos.hw01/01_frame/342.jpg 230 260 42 56 174 214 32 42 218 172 34 66 158 124 132 60
videos.hw01/01_frame/343.jpg 6 70 10 28 58 94 6 30 34 74 14 24 14 36 20 10
videos.hw01/01_frame/344.jpg 234 254 38 34 186 192 78 40 200 232 56 40 96 176 64 10
videos.hw01/01_frame/345.jpg 176 270 56 70 254 226 82 62 260 202 154 84 138 152 132 114
videos.hw01/01_frame/346.jpg 152 176 44 106 160 176 46 42 208 110 50 38 66 130 56 72
videos.hw01/01_frame/347.jpg 186 230 32 78 148 176 60 34 172 128 44 40 164 116 118 84
videos.hw01/01_frame/348.jpg 202 202 12 22 186 150 20 38 198 134 12 12 148 124 78 0
videos.hw01/01_frame/349.jpg 166 182 40 56 200 212 58 52 262 182 52 44 168 264 110 98
videos.hw01/01_frame/350.jpg 114 176 26 56 148 178 38 54 154 148 54 50 108 92 48 84
videos.hw01/01_frame/351.jpg 50 54 6 2 58 26 14 0 56 16 0 0 12 0 0 0
videos.hw01/01_frame/352.jpg 126 138 14 30 154 188 62 12 160 162 12 38 62 178 48 38
videos.hw01/01_frame/353.jpg 232 222 44 68 232 150 66 136 138 218 84 136 86 192 120 54
videos.hw01/01_frame/354.jpg 144 210 56 28 204 126 30 52 102 198 28 68 86 98 66 52
videos.hw01/01_frame/355.jpg 6 40 26 14 0 36 20 30 18 76 10 62 2 44 36 20
videos.hw01/01_frame/356.jpg 92 116 22 92 118 164 22 54 220 128 66 40 86 78 72 10
videos.hw01/01_frame/357.jpg 210 202 30 58 268 192 70 60 170 236 60 54 132 138 96 78
videos.hw01/01_frame/358.jpg 164 104 30 34 138 134 74 20 182 196 50 6 76 136 52 10
videos.hw01/01_frame/359.jpg 124 210 32 76 166 138 58 34 154 124 50 44 116 108 62 22
videos.hw01/01_frame/360.jpg 168 304 64 74 114 222 50 46 138 130 80 56 54 104 48 20
videos.hw01/01_frame/361.jpg 54 64 10 40 64 72 0 34 58 78 8 6 48 20 10 12
videos.hw01/01_frame/362.jpg 114 176 22 78 148 130 50 46 116 152 20 46 68 98 44 88
videos.hw01/01_frame/363.jpg 5484 6976 8712 4398 5092 6526 8764 5586 5642 6946 8174 5086 3656 5680 7760 2336
videos.hw01/01_frame/364.jpg 44 26 174 298 214 332 322 282 194 316 282 186 34 18 284 116
videos.hw01/01_frame/365.jpg 68 164 150 444 346 300 336 136 176 236 228 180 58 96 234 110
videos.hw01/01_frame/366.jpg 26 164 230 168 210 282 212 120 212 260 162 266 86 86 130 82
videos.hw01/01_frame/367.jpg 0 48 70 28 2 44 34 42 0 28 150 320 0 14 22 50
videos.hw01/01_frame/368.jpg 66 168 170 180 152 262 232 262 224 290 256 446 50 238 188 60
videos.hw01/01_frame/369.jpg 256 202 398 342 336 476 218 638 238 534 424 458 226 178 260 104
videos.hw01/01_frame/370.jpg 102 194 230 156 186 276 198 442 222 262 230 774 18 204 228 92
videos.hw01/01_frame/371.jpg 20 44 236 344 244 196 226 282 136 208 168 440 28 68 210 84
videos.hw01/01_frame/372.jpg 108 184 216 130 190 238 234 292 298 506 216 538 84 88 152 92
videos.hw01/01_frame/373.jpg 12 222 284 190 194 266 220 364 198 236 324 572 76 132 202 44
videos.hw01/01_frame/374.jpg 84 48 170 154 120 280 168 400 166 310 192 502 68 60 220 52
videos.hw01/01_frame/375.jpg 44 92 150 246 214 226 160 274 170 322 286 628 30 44 196 108
videos.hw01/01_frame/376.jpg 50 118 146 210 130 340 270 416 218 330 212 344 44 38 134 48
videos.hw01/01_frame/377.jpg 106 56 176 148 144 300 186 180 318 324 300 252 22 184 232 84
videos.hw01/01_frame/378.jpg 80 70 164 140 224 298 176 312 352 292 254 342 130 120 166 186
videos.hw01/01_frame/379.jpg 4 8 54 104 26 64 76 42 34 50 92 178 18 22 62 18
videos.hw01/01_frame/380.jpg 72 144 68 192 90 154 204 550 158 190 162 474 44 70 118 52
videos.hw01/01_frame/381.jpg 298 134 240 338 162 398 226 794 298 350 256 1420 96 204 240 144
videos.hw01/01_frame/382.jpg 126 84 224 250 180 354 306 1096 278 360 236 790 70 150 226 150
videos.hw01/01_frame/383.jpg 10 106 212 158 146 248 282 228 158 394 306 454 52 52 248 50
videos.hw01/01_frame/384.jpg 36 124 246 174 154 274 232 188 218 208 244 148 74 26 188 100
videos.hw01/01_frame/385.jpg 46 68 148 272 70 258 240 290 154 290 156 194 14 58 184 92
videos.hw01/01_frame/386.jpg 66 48 118 132 132 294 214 126 136 162 80 140 20 66 164 72
videos.hw01/01_frame/387.jpg 52 80 128 126 156 124 158 156 120 248 200 374 46 54 158 10
videos.hw01/01_frame/388.jpg 160 64 136 256 94 174 226 166 238 242 220 182 16 96 198 104
videos.hw01/01_frame/389.jpg 42 50 116 156 194 206 300 948 120 220 254 216 10 108 90 30
videos.hw01/01_frame/390.jpg 66 38 62 200 116 280 168 744 178 196 148 566 0 46 84 22
videos.hw01/01_frame/391.jpg 0 12 40 84 0 30 88 96 0 50 72 22 0 22 28 12
videos.hw01/01_frame/392.jpg 66 72 102 170 146 282 192 564 226 298 192 558 64 50 90 130
videos.hw01/01_frame/393.jpg 78 46 136 186 76 318 220 870 216 356 304 870 10 150 138 80
videos.hw01/01_frame/394.jpg 112 60 236 122 156 286 204 476 202 216 248 378 8 28 86 74
videos.hw01/01_frame/395.jpg 96 52 98 150 94 272 262 556 194 218 124 576 22 44 188 88
videos.hw01/01_frame/396.jpg 88 102 108 212 108 204 192 494 192 258 136 640 58 46 78 64
videos.hw01/01_frame/397.jpg 24 32 86 112 124 220 128 200 102 214 140 494 14 42 66 32
videos.hw01/01_frame/398.jpg 40 50 102 188 148 170 136 156 224 330 262 286 28 40 130 30
videos.hw01/01_frame/399.jpg 22 150 92 322 130 248 312 416 190 298 228 612 4 26 92 156
videos.hw01/01_frame/400.jpg 38 24 28 42 78 162 188 250 156 104 140 260 6 14 28 32
videos.hw01/01_frame/401.jpg 32 148 112 174 120 202 180 176 192 260 184 224 30 82 152 42
videos.hw01/01_frame/402.jpg 28 16 38 132 106 152 172 102 226 218 162 408 4 14 82 84
videos.hw01/01_frame/403.jpg 0 0 20 78 0 36 54 50 0 72 12 180 0 2 24 10
videos.hw01/01_frame/404.jpg 60 8 56 126 126 274 298 228 198 120 316 332 18 28 108 28
videos.hw01/01_frame/405.jpg 114 34 68 120 84 296 210 344 124 356 308 592 12 44 112 70
videos.hw01/01_frame/406.jpg 12 38 54 84 120 226 184 268 226 306 182 90 20 60 54 80
videos.hw01/01_frame/407.jpg 0 0 0 0 44 46 0 0 84 80 0 0 0 0 0 0
videos.hw01/01_frame/408.jpg 8 8 60 86 120 188 176 234 192 282 176 232 8 40 70 44
videos.hw01/01_frame/409.jpg 114 122 162 528 128 192 396 772 206 312 434 1002 50 192 206 220
videos.hw01/01_frame/410.jpg 6 4 54 12 152 206 110 486 164 166 180 466 16 20 102 28
videos.hw01/01_frame/411.jpg 18 24 0 32 176 242 130 558 180 348 140 640 0 12 50 34
videos.hw01/01_frame/412.jpg 42 38 22 142 96 218 134 1180 308 136 152 676 2 14 38 54
videos.hw01/01_frame/413.jpg 36 0 44 220 98 266 168 1034 148 238 254 664 4 0 100 42
videos.hw01/01_frame/414.jpg 34 20 50 232 92 226 244 1148 228 186 270 552 4 12 106 100
videos.hw01/01_frame/415.jpg 0 10 26 78 0 80 52 64 6 24 40 30 0 24 74 42
videos.hw01/01_frame/416.jpg 46 4 44 306 106 188 300 1010 202 140 262 596 6 32 94 66
videos.hw01/01_frame/417.jpg 32 106 74 468 84 152 338 1130 104 326 424 914 38 32 182 116
videos.hw01/01_frame/418.jpg 0 14 30 30 0 40 92 52 0 24 70 44 0 4 58 32
videos.hw01/01_frame/419.jpg 114 464 258 518 92 542 286 570 242 200 412 968 366 542 84 80
videos.hw01/01_frame/420.jpg 3110 3312 3368 3666 3754 6386 5082 5684 6532 7154 6290 4556 6502 8322 5190 4464
videos.hw01/01_frame/421.jpg 326 590 396 136 316 670 270 160 108 144 372 232 454 928 250 132
videos.hw01/01_frame/422.jpg 332 334 256 184 102 272 718 214 120 286 394 220 40 248 398 154
videos.hw01/01_frame/423.jpg 136 94 132 182 138 236 412 334 64 240 408 222 8 192 244 126
videos.hw01/01_frame/424.jpg 70 82 38 126 102 240 330 156 90 130 198 126 8 248 228 96
videos.hw01/01_frame/425.jpg 48 26 0 20 48 78 38 32 44 62 80 72 2 86 118 16
videos.hw01/01_frame/426.jpg 150 138 58 86 194 224 184 168 84 136 280 178 22 178 300 92
videos.hw01/01_frame/427.jpg 198 152 78 158 166 148 324 152 88 276 482 254 14 114 218 86
videos.hw01/01_frame/428.jpg 136 126 78 154 224 320 386 242 134 240 320 234 4 140 260 82
videos.hw01/01_frame/429.jpg 174 188 82 232 196 156 168 168 78 220 216 174 40 120 428 84
videos.hw01/01_frame/430.jpg 104 132 42 162 156 152 404 144 68 156 184 162 12 158 188 118
videos.hw01/01_frame/431.jpg 170 170 50 228 174 244 396 206 92 166 302 212 32 110 256 90
videos.hw01/01_frame/432.jpg 36 64 28 166 74 156 118 98 36 218 344 144 6 106 146 42
videos.hw01/01_frame/433.jpg 140 178 16 46 244 208 212 136 94 222 294 110 10 156 256 128
videos.hw01/01_frame/434.jpg 204 212 80 60 246 208 258 102 110 280 246 116 8 160 242 70
videos.hw01/01_frame/435.jpg 160 140 90 134 230 286 298 88 130 270 398 172 16 190 178 104
videos.hw01/01_frame/436.jpg 190 172 126 118 280 324 372 178 112 158 332 172 12 140 256 74
videos.hw01/01_frame/437.jpg 114 116 44 104 392 218 356 214 78 184 216 206 50 134 206 148
videos.hw01/01_frame/438.jpg 138 148 60 118 190 126 228 102 122 164 216 96 32 156 292 44
videos.hw01/01_frame/439.jpg 0 34 12 80 0 50 40 68 4 64 100 50 0 52 64 48
videos.hw01/01_frame/440.jpg 104 118 54 112 186 78 136 130 60 186 224 146 28 168 322 70
videos.hw01/01_frame/441.jpg 150 160 102 156 122 150 266 206 74 256 306 264 12 112 306 100
videos.hw01/01_frame/442.jpg 114 126 108 158 140 142 110 176 50 172 264 140 6 142 254 44
videos.hw01/01_frame/443.jpg 72 162 52 162 164 106 148 162 54 116 150 142 32 164 164 60
videos.hw01/01_frame/444.jpg 132 158 138 222 142 264 146 192 50 180 122 182 4 122 114 48
videos.hw01/01_frame/445.jpg 0 42 14 54 0 0 86 78 2 90 62 26 0 32 76 26
videos.hw01/01_frame/446.jpg 186 248 112 208 246 276 174 342 20 272 306 220 2 232 216 78
videos.hw01/01_frame/447.jpg 178 206 180 242 212 312 144 234 72 214 318 256 10 258 204 114
videos.hw01/01_frame/448.jpg 162 126 132 186 154 216 214 156 26 90 218 144 24 140 246 108
videos.hw01/01_frame/449.jpg 126 124 232 260 194 298 320 274 66 312 416 310 76 188 312 116
videos.hw01/01_frame/450.jpg 0 0 26 30 0 8 16 50 0 42 40 42 0 28 80 24
videos.hw01/01_frame/451.jpg 254 172 142 184 318 266 452 270 90 304 196 252 30 126 342 74
videos.hw01/01_frame/452.jpg 140 98 72 304 210 290 230 192 96 274 344 260 12 250 264 132
videos.hw01/01_frame/453.jpg 214 178 256 196 216 194 208 208 90 236 432 258 34 222 372 114
videos.hw01/01_frame/454.jpg 212 196 244 294 320 226 398 298 122 440 338 438 74 236 402 216
videos.hw01/01_frame/455.jpg 146 100 94 54 180 100 126 80 30 98 142 98 12 76 138 40
videos.hw01/01_frame/456.jpg 182 242 118 168 296 268 182 200 56 240 240 300 60 122 292 86
videos.hw01/01_frame/457.jpg 252 430 312 188 242 420 526 262 74 232 420 460 14 234 470 266
videos.hw01/01_frame/458.jpg 150 172 126 124 138 466 336 252 48 218 260 236 20 248 224 106
videos.hw01/01_frame/459.jpg 168 226 178 96 198 314 372 158 58 190 324 142 6 96 236 84
videos.hw01/01_frame/460.jpg 152 214 86 158 158 372 258 154 64 262 212 148 4 122 230 70
videos.hw01/01_frame/461.jpg 88 122 124 114 218 374 304 154 42 230 350 98 2 96 296 52
videos.hw01/01_frame/462.jpg 148 186 74 76 230 338 378 158 82 256 272 294 106 248 330 86
videos.hw01/01_frame/463.jpg 0 50 10 58 0 32 82 34 12 70 84 46 0 72 64 28
videos.hw01/01_frame/464.jpg 218 192 134 132 218 312 296 220 58 164 338 168 38 196 364 164
videos.hw01/01_frame/465.jpg 174 146 110 148 208 296 434 168 112 264 338 218 88 348 288 172
videos.hw01/01_frame/466.jpg 216 146 152 148 232 554 510 202 48 226 270 148 32 160 278 102
videos.hw01/01_frame/467.jpg 248 130 100 32 152 350 238 158 48 156 198 100 6 228 240 34
videos.hw01/01_frame/468.jpg 246 184 68 82 256 356 168 166 46 250 168 156 8 180 182 44
videos.hw01/01_frame/469.jpg 172 158 66 58 194 362 198 158 52 134 66 72 2 56 102 38
videos.hw01/01_frame/470.jpg 78 92 22 22 90 82 100 44 20 52 20 12 0 52 34 0
videos.hw01/01_frame/471.jpg 182 172 166 158 220 314 384 182 44 348 252 150 10 126 188 34
videos.hw01/01_frame/472.jpg 126 150 142 154 240 336 184 314 88 196 316 104 8 140 258 54
videos.hw01/01_frame/473.jpg 144 926 618 162 134 892 310 180 120 266 270 140 992 1100 372 60
videos.hw01/01_frame/474.jpg 3252 4544 3692 4834 3690 5108 5618 4084 7382 7280 5980 5128 6464 8426 4966 4478
videos.hw01/01_frame/475.jpg 0 4 46 76 0 24 72 64 0 80 66 48 0 14 52 48
videos.hw01/01_frame/476.jpg 30 86 94 376 116 432 320 568 102 304 366 184 14 56 112 182
videos.hw01/01_frame/477.jpg 48 72 312 320 180 234 604 690 124 116 144 188 88 78 84 56
videos.hw01/01_frame/478.jpg 28 18 96 246 156 204 210 286 42 144 118 118 0 48 106 58
videos.hw01/01_frame/479.jpg 36 36 198 300 158 160 236 244 94 204 130 572 28 16 86 44
videos.hw01/01_frame/480.jpg 10 66 276 188 116 222 386 210 118 180 104 520 18 44 82 0
videos.hw01/01_frame/481.jpg 4 50 260 314 100 246 428 178 134 224 128 108 78 48 128 28
videos.hw01/01_frame/482.jpg 12 100 368 492 180 178 446 312 200 210 250 384 62 76 174 20
videos.hw01/01_frame/483.jpg 34 114 402 520 110 220 394 352 162 160 130 144 24 74 132 16
videos.hw01/01_frame/484.jpg 132 64 230 330 180 236 432 218 242 200 110 94 100 72 172 20
videos.hw01/01_frame/485.jpg 0 104 288 290 148 232 388 196 130 214 74 340 60 50 74 140
videos.hw01/01_frame/486.jpg 20 30 238 228 164 292 270 176 198 276 98 94 72 52 72 26
videos.hw01/01_frame/487.jpg 0 70 92 120 0 28 80 88 0 48 30 34 0 8 62 40
videos.hw01/01_frame/488.jpg 42 66 226 222 116 282 232 376 108 324 110 110 14 40 84 58
videos.hw01/01_frame/489.jpg 54 78 418 304 220 318 448 386 192 338 156 182 30 58 180 100
videos.hw01/01_frame/490.jpg 20 110 372 422 150 452 470 244 150 240 146 138 48 64 78 88
videos.hw01/01_frame/491.jpg 50 38 450 320 242 214 508 410 90 166 144 146 44 76 134 50
videos.hw01/01_frame/492.jpg 70 140 404 394 104 238 404 190 72 174 92 228 46 110 154 84
videos.hw01/01_frame/493.jpg 30 74 294 500 188 280 370 204 86 168 120 38 20 22 96 52
videos.hw01/01_frame/494.jpg 16 62 330 248 162 200 310 130 156 212 152 42 28 46 60 36
videos.hw01/01_frame/495.jpg 154 82 156 174 172 226 246 210 240 224 168 262 36 92 128 22
videos.hw01/01_frame/496.jpg 20 14 148 190 182 262 222 196 112 188 144 42 40 42 58 0
videos.hw01/01_frame/497.jpg 42 160 216 240 106 188 296 184 152 116 138 64 44 98 104 58
videos.hw01/01_frame/498.jpg 34 136 190 276 78 176 258 238 76 138 108 102 40 36 96 44
videos.hw01/01_frame/499.jpg 0 8 58 42 0 34 58 46 0 36 28 52 0 16 46 12
videos.hw01/01_frame/500.jpg 96 42 230 294 120 140 286 204 34 54 108 116 50 36 82 34
videos.hw01/01_frame/501.jpg 148 94 272 470 168 312 556 324 136 198 108 144 60 44 96 50
videos.hw01/01_frame/502.jpg 0 14 270 284 144 252 414 164 66 166 94 150 10 28 26 16
videos.hw01/01_frame/503.jpg 18 48 174 356 164 334 432 180 108 160 126 164 6 40 56 14
videos.hw01/01_frame/504.jpg 2 0 146 264 180 260 344 378 154 202 102 118 28 24 60 42
videos.hw01/01_frame/505.jpg 8 82 172 140 164 260 294 208 124 184 132 232 28 46 60 8
videos.hw01/01_frame/506.jpg 6 18 102 130 120 214 162 112 138 256 142 172 2 42 102 34
videos.hw01/01_frame/507.jpg 32 28 180 148 158 154 248 202 180 214 296 104 22 72 146 70
videos.hw01/01_frame/508.jpg 48 84 180 260 142 248 254 126 100 116 120 170 26 22 100 96
videos.hw01/01_frame/509.jpg 2 20 196 338 150 110 366 144 86 184 90 18 26 8 38 54
videos.hw01/01_frame/510.jpg 64 54 396 422 86 182 490 252 82 130 150 40 24 44 162 82
videos.hw01/01_frame/511.jpg 0 18 74 84 2 112 98 46 14 44 66 48 10 8 60 82
videos.hw01/01_frame/512.jpg 62 80 336 416 142 128 542 270 94 166 126 162 38 38 48 82
videos.hw01/01_frame/513.jpg 54 64 576 596 284 326 896 410 196 196 174 176 26 46 86 86
videos.hw01/01_frame/514.jpg 26 38 246 340 174 246 412 96 108 164 42 96 8 18 26 34
videos.hw01/01_frame/515.jpg 32 40 172 162 160 338 158 136 128 154 142 68 26 34 128 0
videos.hw01/01_frame/516.jpg 72 48 214 190 166 210 248 144 80 208 274 196 28 60 74 72
videos.hw01/01_frame/517.jpg 42 80 158 138 168 248 174 190 142 178 146 82 24 68 158 42
videos.hw01/01_frame/518.jpg 94 18 174 86 126 304 224 124 154 184 126 204 6 58 52 26
videos.hw01/01_frame/519.jpg 6 20 116 92 120 278 214 146 180 212 132 186 16 86 52 20
videos.hw01/01_frame/520.jpg 58 22 112 90 150 186 252 152 112 148 84 134 24 30 32 8
videos.hw01/01_frame/521.jpg 26 4 64 40 126 202 200 58 78 176 130 82 6 16 20 0
videos.hw01/01_frame/522.jpg 6 28 98 90 112 306 278 78 88 140 136 62 2 28 74 44
videos.hw01/01_frame/523.jpg 0 4 24 94 18 66 54 14 0 94 38 32 0 0 18 18
videos.hw01/01_frame/524.jpg 86 94 206 196 156 166 214 184 146 248 122 120 54 100 114 100
videos.hw01/01_frame/525.jpg 36 40 142 124 182 282 288 282 232 178 170 198 30 96 78 38
videos.hw01/01_frame/526.jpg 52 16 114 116 150 252 226 70 194 210 176 112 32 50 98 74
videos.hw01/01_frame/527.jpg 62 14 74 154 192 282 176 150 118 234 108 82 22 12 40 38
videos.hw01/01_frame/528.jpg 34 56 174 176 98 194 212 262 88 220 110 62 28 62 64 36
videos.hw01/01_frame/529.jpg 42 52 132 120 160 186 146 134 92 222 62 42 18 20 90 0
videos.hw01/01_frame/530.jpg 6 6 126 134 94 208 190 96 116 192 140 140 8 12 64 26
videos.hw01/01_frame/531.jpg 48 20 134 220 124 268 272 104 126 96 136 120 8 50 36 36
videos.hw01/01_frame/532.jpg 4 18 218 310 116 346 268 162 104 200 164 128 2 16 140 34
videos.hw01/01_frame/533.jpg 40 22 196 270 120 306 308 180 60 218 166 342 40 48 194 28
videos.hw01/01_frame/534.jpg 12 28 190 360 46 160 334 204 86 36 84 18 14 28 30 0
videos.hw01/01_frame/535.jpg 6 30 36 58 0 42 68 24 2 70 64 66 0 6 8 24
videos.hw01/01_frame/536.jpg 28 8 242 334 92 236 372 168 92 102 162 66 6 34 74 24
videos.hw01/01_frame/537.jpg 32 42 374 408 206 374 618 256 166 192 166 364 40 60 128 74
videos.hw01/01_frame/538.jpg 8 28 152 204 120 250 330 166 156 144 148 316 22 2 32 16
videos.hw01/01_frame/539.jpg 44 62 148 134 96 178 284 124 118 214 196 128 2 74 102 18
videos.hw01/01_frame/540.jpg 14 62 166 200 126 252 268 188 146 170 184 76 54 52 40 20
videos.hw01/01_frame/541.jpg 32 40 250 286 88 160 422 288 68 66 128 128 18 68 122 12
videos.hw01/01_frame/542.jpg 18 38 316 410 126 222 528 202 136 130 48 90 4 44 30 0
videos.hw01/01_frame/543.jpg 66 32 262 478 130 112 496 292 102 196 122 44 10 0 56 92
videos.hw01/01_frame/544.jpg 74 64 284 450 108 206 408 178 132 180 122 320 26 14 50 24
videos.hw01/01_frame/545.jpg 12 12 180 198 126 226 282 188 136 172 98 178 22 32 84 14
videos.hw01/01_frame/546.jpg 22 86 352 226 168 386 332 254 166 162 90 136 22 94 118 66
videos.hw01/01_frame/547.jpg 0 38 68 68 0 52 120 50 0 108 36 30 0 16 28 56
videos.hw01/01_frame/548.jpg 26 16 192 266 88 218 338 216 88 120 150 142 18 26 46 108
videos.hw01/01_frame/549.jpg 66 70 484 610 162 402 802 292 286 130 256 234 42 116 236 56
videos.hw01/01_frame/550.jpg 36 44 240 484 238 298 492 256 146 190 102 92 86 22 50 26
videos.hw01/01_frame/551.jpg 8 16 328 284 124 200 562 168 114 168 112 68 2 46 14 0
videos.hw01/01_frame/552.jpg 22 72 250 298 146 190 634 192 186 156 238 324 66 10 38 6
videos.hw01/01_frame/553.jpg 40 74 202 226 168 224 510 256 138 194 112 244 8 72 52 54
videos.hw01/01_frame/554.jpg 6 90 224 212 136 174 348 174 136 174 102 112 18 64 60 106
videos.hw01/01_frame/555.jpg 10 78 158 196 146 222 176 160 38 108 146 72 26 32 16 22
videos.hw01/01_frame/556.jpg 4 48 228 250 154 250 426 150 140 226 126 208 16 16 86 16
videos.hw01/01_frame/557.jpg 14 78 272 318 194 188 636 236 96 174 122 64 0 14 26 32
videos.hw01/01_frame/558.jpg 62 50 290 294 190 162 844 252 108 188 86 90 62 16 36 14
videos.hw01/01_frame/559.jpg 0 10 86 64 0 56 98 86 10 66 36 18 2 16 8 0
videos.hw01/01_frame/560.jpg 30 46 284 396 186 272 588 396 90 286 166 284 26 26 70 0
videos.hw01/01_frame/561.jpg 54 34 290 282 186 296 438 280 170 232 130 182 58 88 100 36
videos.hw01/01_frame/562.jpg 24 38 138 216 40 192 328 218 66 136 154 124 20 66 32 38
videos.hw01/01_frame/563.jpg 32 48 182 204 102 392 402 186 110 194 122 104 34 112 62 50
videos.hw01/01_frame/564.jpg 22 70 204 170 100 422 330 120 170 160 172 480 44 70 48 14
videos.hw01/01_frame/565.jpg 34 62 96 110 80 200 244 160 118 182 118 114 14 22 62 0
videos.hw01/01_frame/566.jpg 26 26 212 254 186 248 530 216 122 272 128 184 32 88 66 10
videos.hw01/01_frame/567.jpg 28 48 294 336 72 224 486 138 68 196 60 102 14 92 28 60
videos.hw01/01_frame/568.jpg 8 24 252 258 228 158 460 318 114 178 130 90 0 82 54 0
videos.hw01/01_frame/569.jpg 10 54 270 166 108 236 304 150 146 164 220 248 10 90 50 8
videos.hw01/01_frame/570.jpg 18 38 126 154 142 188 214 120 68 176 200 178 2 10 72 22
videos.hw01/01_frame/571.jpg 0 6 62 56 0 110 64 58 0 48 60 36 0 4 12 10
videos.hw01/01_frame/572.jpg 26 108 136 150 52 196 184 274 44 88 92 864 56 22 36 44
videos.hw01/01_frame/573.jpg 24 88 244 160 132 262 260 166 118 80 222 166 64 54 52 72
videos.hw01/01_frame/574.jpg 10 64 182 184 76 216 262 226 50 92 52 48 62 28 48 60
videos.hw01/01_frame/575.jpg 8 6 158 146 110 176 208 156 34 80 74 76 4 14 16 10
videos.hw01/01_frame/576.jpg 68 90 252 306 128 202 176 144 118 136 138 100 0 32 38 28
videos.hw01/01_frame/577.jpg 16 20 210 150 88 166 196 202 98 138 122 88 0 16 12 2
videos.hw01/01_frame/578.jpg 2 8 276 282 78 284 370 344 108 172 146 180 0 2 84 36
videos.hw01/01_frame/579.jpg 12 0 48 70 6 58 58 52 8 50 56 110 2 12 16 18
videos.hw01/01_frame/580.jpg 8 14 326 292 94 286 426 274 164 292 204 202 4 16 52 76
videos.hw01/01_frame/581.jpg 5910 6812 5142 4152 4898 5636 6786 5342 2454 4090 5730 3590 1000 5366 2644 2784
videos.hw01/01_frame/582.jpg 354 184 184 150 142 170 90 116 142 252 268 180 100 160 136 110
videos.hw01/01_frame/583.jpg 60 100 68 52 38 60 42 44 88 194 128 32 118 94 98 54
videos.hw01/01_frame/584.jpg 70 84 66 60 26 78 74 70 98 172 102 84 142 142 84 76
videos.hw01/01_frame/585.jpg 34 126 186 98 68 148 72 130 62 230 88 154 110 180 138 148
videos.hw01/01_frame/586.jpg 60 34 6 18 30 30 0 38 86 200 88 14 120 124 156 34
videos.hw01/01_frame/587.jpg 64 80 68 20 56 94 52 40 76 298 102 40 80 146 176 46
videos.hw01/01_frame/588.jpg 0 30 26 16 14 10 16 18 72 182 40 44 54 116 82 54
videos.hw01/01_frame/589.jpg 14 48 10 20 26 48 34 34 60 186 148 60 78 136 130 44
videos.hw01/01_frame/590.jpg 32 90 78 32 44 92 58 60 64 184 40 82 38 144 180 48
videos.hw01/01_frame/591.jpg 50 166 134 84 100 172 60 66 78 140 74 122 60 182 164 96
videos.hw01/01_frame/592.jpg 10 74 2 10 14 82 34 22 48 182 76 50 20 154 104 44
videos.hw01/01_frame/593.jpg 28 26 0 10 6 10 12 2 54 152 50 84 18 68 52 62
videos.hw01/01_frame/594.jpg 106 164 184 170 46 160 106 104 100 236 160 72 66 176 184 104
videos.hw01/01_frame/595.jpg 18 34 10 16 0 46 32 10 40 62 34 12 34 60 38 8
videos.hw01/01_frame/596.jpg 34 54 44 16 14 40 30 20 36 150 102 36 40 134 102 30
videos.hw01/01_frame/597.jpg 176 122 120 140 54 134 38 74 124 228 68 126 78 118 168 76
videos.hw01/01_frame/598.jpg 88 246 126 98 76 150 86 74 102 208 88 120 70 228 106 92
videos.hw01/01_frame/599.jpg 38 136 76 68 58 136 72 104 32 138 84 54 72 82 48 34
videos.hw01/01_frame/600.jpg 10 50 58 28 22 116 50 72 56 198 98 50 32 94 36 44
videos.hw01/01_frame/601.jpg 34 168 92 120 80 148 106 62 82 192 86 100 42 96 56 84
videos.hw01/01_frame/602.jpg 114 146 134 64 58 186 62 82 72 238 74 76 38 118 50 124
videos.hw01/01_frame/603.jpg 112 218 146 78 54 172 102 84 100 230 66 112 62 184 114 64
videos.hw01/01_frame/604.jpg 32 80 38 14 30 60 22 24 96 182 64 60 60 128 92 2
videos.hw01/01_frame/605.jpg 50 166 76 74 22 164 58 64 98 176 86 32 92 174 88 66
videos.hw01/01_frame/606.jpg 72 158 124 62 30 148 58 96 106 186 102 148 72 140 84 146
videos.hw01/01_frame/607.jpg 16 44 2 6 24 30 4 6 24 96 24 0 36 80 10 0
videos.hw01/01_frame/608.jpg 38 126 62 82 52 174 78 72 158 144 40 44 52 226 40 76
videos.hw01/01_frame/609.jpg 62 150 124 76 68 180 80 122 76 320 80 72 80 186 110 108
videos.hw01/01_frame/610.jpg 68 164 182 92 54 220 54 110 100 162 60 84 72 192 150 108
videos.hw01/01_frame/611.jpg 20 96 72 34 26 98 26 38 18 182 52 76 22 134 52 50
videos.hw01/01_frame/612.jpg 34 194 114 44 40 124 32 52 72 268 56 116 32 160 108 76
videos.hw01/01_frame/613.jpg 36 152 84 48 40 114 90 50 64 192 44 88 52 168 62 26
videos.hw01/01_frame/614.jpg 28 66 26 16 14 38 14 22 30 158 62 84 40 124 40 48
videos.hw01/01_frame/615.jpg 118 218 218 112 120 170 92 118 94 244 198 134 60 182 64 142
videos.hw01/01_frame/616.jpg 30 0 0 12 0 36 18 48 54 176 34 26 20 198 68 36
videos.hw01/01_frame/617.jpg 42 100 94 50 64 136 84 132 94 144 184 90 84 134 134 106
videos.hw01/01_frame/618.jpg 24 42 12 40 16 54 14 56 64 238 64 62 54 126 32 54
videos.hw01/01_frame/619.jpg 24 88 10 48 22 26 16 4 42 68 50 16 56 74 36 54
videos.hw01/01_frame/620.jpg 104 166 124 84 102 230 94 124 84 216 120 106 90 214 136 104
videos.hw01/01_frame/621.jpg 84 182 154 68 84 234 124 174 112 368 120 76 80 188 148 104
videos.hw01/01_frame/622.jpg 156 172 136 112 64 226 106 134 88 164 100 98 78 138 48 156
videos.hw01/01_frame/623.jpg 80 172 138 128 80 174 116 134 56 202 78 130 104 172 60 146
videos.hw01/01_frame/624.jpg 92 94 94 56 76 140 96 78 78 194 66 78 90 124 118 78
videos.hw01/01_frame/625.jpg 248 230 158 82 28 148 94 108 62 190 74 84 72 162 38 72
videos.hw01/01_frame/626.jpg 80 124 206 92 40 150 54 76 88 198 58 94 108 164 142 150
videos.hw01/01_frame/627.jpg 0 78 46 12 4 90 46 32 24 74 16 40 6 90 42 80
videos.hw01/01_frame/628.jpg 58 86 52 66 28 82 62 80 36 190 20 38 26 110 94 90
videos.hw01/01_frame/629.jpg 158 220 240 114 108 206 124 68 90 290 118 114 168 208 220 168
videos.hw01/01_frame/630.jpg 20 116 174 66 36 112 58 44 86 180 78 76 46 174 76 68
videos.hw01/01_frame/631.jpg 14 76 0 18 20 82 0 0 34 62 0 4 16 30 30 44
videos.hw01/01_frame/632.jpg 66 96 54 74 30 154 40 14 116 196 60 64 72 172 106 64
videos.hw01/01_frame/633.jpg 118 150 196 84 52 188 94 96 100 256 152 150 100 156 278 216
videos.hw01/01_frame/634.jpg 26 90 54 58 28 76 36 50 76 156 70 60 60 232 198 104
videos.hw01/01_frame/635.jpg 82 186 74 82 84 196 116 130 120 278 70 100 112 238 156 88
videos.hw01/01_frame/636.jpg 30 68 108 32 60 94 40 84 102 328 194 128 74 134 132 52
videos.hw01/01_frame/637.jpg 74 50 24 32 38 92 8 68 82 226 202 50 40 200 40 24
videos.hw01/01_frame/638.jpg 158 194 290 160 100 214 108 130 116 400 184 108 98 288 286 110
videos.hw01/01_frame/639.jpg 50 78 58 12 30 74 44 62 96 244 34 32 52 140 70 56
videos.hw01/01_frame/640.jpg 54 52 72 18 18 68 8 18 86 232 118 40 74 116 26 42
videos.hw01/01_frame/641.jpg 44 118 202 66 40 124 96 64 58 238 90 168 62 192 62 112
videos.hw01/01_frame/642.jpg 0 42 76 22 0 20 26 36 0 66 38 46 0 24 18 64
videos.hw01/01_frame/643.jpg 36 48 74 18 20 46 22 40 50 122 52 46 48 100 24 68
videos.hw01/01_frame/644.jpg 148 192 368 116 164 202 118 130 104 170 68 208 82 192 158 188
videos.hw01/01_frame/645.jpg 150 92 132 90 102 116 50 114 146 126 130 100 122 142 212 76
videos.hw01/01_frame/646.jpg 46 162 122 80 18 126 78 88 66 136 60 60 60 116 122 66
videos.hw01/01_frame/647.jpg 16 50 46 32 14 50 20 48 76 90 14 44 40 68 114 62
videos.hw01/01_frame/648.jpg 50 114 118 44 40 130 62 102 88 152 24 136 46 118 18 54
videos.hw01/01_frame/649.jpg 2 36 30 46 32 58 28 12 62 126 12 48 14 60 12 8
videos.hw01/01_frame/650.jpg 50 144 64 48 62 160 106 118 86 110 72 98 76 118 104 72
videos.hw01/01_frame/651.jpg 32 158 76 28 34 120 42 32 42 78 14 12 6 42 44 34
videos.hw01/01_frame/652.jpg 40 146 6 0 38 78 0 2 42 80 2 16 14 40 0 34
videos.hw01/01_frame/653.jpg 282 270 198 192 130 192 78 562 414 388 200 166 100 516 334 196
videos.hw01/01_frame/654.jpg 5978 6820 5250 3980 4954 6168 6980 4646 1840 3782 5182 3992 1034 5010 2686 2774
videos.hw01/01_frame/655.jpg 0 0 46 84 0 38 86 40 0 2 14 52 0 22 24 66
videos.hw01/01_frame/656.jpg 64 128 124 160 114 202 212 262 132 144 158 234 26 62 230 140
videos.hw01/01_frame/657.jpg 14 80 46 188 72 204 110 170 30 80 168 214 46 58 46 104
videos.hw01/01_frame/658.jpg 38 68 72 68 48 162 272 282 62 124 100 130 6 18 20 4
videos.hw01/01_frame/659.jpg 128 164 162 218 108 530 222 462 112 164 174 508 138 46 98 184
videos.hw01/01_frame/660.jpg 4 18 0 190 120 176 96 296 144 160 48 62 6 20 16 52
videos.hw01/01_frame/661.jpg 22 32 46 182 126 202 204 514 96 126 116 138 10 2 34 86
videos.hw01/01_frame/662.jpg 24 24 30 246 210 220 240 396 126 92 140 172 22 22 66 42
videos.hw01/01_frame/663.jpg 22 60 48 138 162 172 280 338 108 200 132 98 14 28 104 132
videos.hw01/01_frame/664.jpg 26 26 122 268 60 154 186 714 128 96 76 66 54 40 52 42
videos.hw01/01_frame/665.jpg 0 32 72 212 150 166 212 200 108 128 190 96 0 70 108 36
videos.hw01/01_frame/666.jpg 132 70 98 228 122 238 156 360 52 96 102 86 16 6 64 114
videos.hw01/01_frame/667.jpg 0 10 62 72 0 86 40 82 0 18 24 32 0 12 22 82
videos.hw01/01_frame/668.jpg 22 10 106 118 150 184 148 308 112 136 212 164 24 16 140 80
videos.hw01/01_frame/669.jpg 58 102 120 410 136 236 222 1112 96 150 116 120 40 110 164 132
videos.hw01/01_frame/670.jpg 38 38 82 330 88 120 202 284 46 152 210 126 22 46 74 116
videos.hw01/01_frame/671.jpg 60 32 164 436 88 190 214 454 58 156 144 112 6 72 80 106
videos.hw01/01_frame/672.jpg 40 40 130 338 144 112 168 478 86 198 280 214 80 78 102 76
videos.hw01/01_frame/673.jpg 54 64 72 286 138 154 206 358 56 132 176 58 8 28 64 46
videos.hw01/01_frame/674.jpg 46 28 176 484 166 314 232 294 62 252 88 258 18 112 150 40
videos.hw01/01_frame/675.jpg 36 38 118 166 42 248 166 288 58 110 112 68 44 38 76 58
videos.hw01/01_frame/676.jpg 38 40 120 216 166 172 218 234 38 172 110 72 14 56 74 56
videos.hw01/01_frame/677.jpg 92 18 92 266 102 166 246 316 74 140 176 40 58 56 86 26
videos.hw01/01_frame/678.jpg 86 68 72 336 68 328 138 288 24 138 168 38 24 18 56 20
videos.hw01/01_frame/679.jpg 4 36 28 54 0 30 62 108 0 40 16 2 0 10 28 8
videos.hw01/01_frame/680.jpg 18 36 76 282 92 224 132 364 18 64 114 50 42 54 72 40
videos.hw01/01_frame/681.jpg 32 50 164 512 198 324 222 754 60 230 142 170 16 44 62 74
videos.hw01/01_frame/682.jpg 6 16 106 368 112 220 230 492 126 190 78 76 6 18 6 30
videos.hw01/01_frame/683.jpg 2 50 42 316 90 178 238 534 114 152 156 326 0 4 68 6
videos.hw01/01_frame/684.jpg 28 22 42 330 126 184 272 456 46 158 90 100 14 10 42 30
videos.hw01/01_frame/685.jpg 6 0 48 274 106 228 398 590 32 136 190 88 6 6 0 0
videos.hw01/01_frame/686.jpg 16 28 58 356 136 240 360 570 76 224 112 112 2 4 40 34
videos.hw01/01_frame/687.jpg 2 34 18 288 134 164 232 300 42 164 192 56 8 8 22 16
videos.hw01/01_frame/688.jpg 10 28 122 174 152 194 192 450 120 208 110 270 8 40 148 64
videos.hw01/01_frame/689.jpg 30 24 42 96 96 256 192 244 16 108 116 60 24 64 64 34
videos.hw01/01_frame/690.jpg 66 34 64 282 146 160 324 272 70 186 94 240 30 20 106 50
videos.hw01/01_frame/691.jpg 6 26 42 80 28 60 88 40 8 72 72 70 2 16 42 50
videos.hw01/01_frame/692.jpg 48 22 62 412 158 224 292 370 52 164 210 94 26 16 84 48
videos.hw01/01_frame/693.jpg 50 50 82 884 180 430 506 1094 106 272 120 116 20 90 130 118
videos.hw01/01_frame/694.jpg 36 94 102 314 80 282 248 642 58 112 68 114 20 22 42 30
videos.hw01/01_frame/695.jpg 20 20 88 352 68 138 260 556 44 132 106 122 2 36 90 58
videos.hw01/01_frame/696.jpg 12 52 68 204 92 186 162 342 18 64 116 138 18 30 76 84
videos.hw01/01_frame/697.jpg 98 58 84 134 106 204 238 198 74 112 96 228 16 64 74 60
videos.hw01/01_frame/698.jpg 62 8 66 172 70 148 148 186 46 148 306 20 42 20 48 46
videos.hw01/01_frame/699.jpg 52 40 20 138 108 152 82 160 66 52 34 0 2 4 8 12
videos.hw01/01_frame/700.jpg 30 4 38 128 110 226 126 130 44 150 108 0 0 0 16 6
videos.hw01/01_frame/701.jpg 30 36 56 152 166 220 208 254 64 218 228 32 0 4 32 0
videos.hw01/01_frame/702.jpg 4 10 54 190 150 352 232 162 76 176 116 52 8 4 44 0
videos.hw01/01_frame/703.jpg 0 20 14 52 0 70 74 42 0 24 20 22 0 0 0 12
videos.hw01/01_frame/704.jpg 18 20 88 162 186 204 176 178 84 136 134 54 20 0 0 12
videos.hw01/01_frame/705.jpg 102 68 334 334 280 324 382 232 150 268 140 96 30 52 146 72
videos.hw01/01_frame/706.jpg 0 4 60 56 0 50 64 42 2 50 38 30 0 2 18 18
videos.hw01/01_frame/707.jpg 776 378 238 324 226 210 250 208 118 234 144 152 32 432 90 70
videos.hw01/01_frame/708.jpg 4958 6886 8448 5864 5186 6438 8608 5284 4720 7254 7688 4612 3936 6626 7296 3000
videos.hw01/01_frame/709.jpg 454 546 158 116 152 198 100 178 130 204 230 236 174 976 194 178
videos.hw01/01_frame/710.jpg 68 78 62 8 112 76 30 102 88 100 32 164 108 56 42 56
videos.hw01/01_frame/711.jpg 88 90 48 32 138 112 18 14 170 116 16 68 50 122 58 62
videos.hw01/01_frame/712.jpg 72 70 40 38 62 126 30 36 46 92 32 90 46 24 52 82
videos.hw01/01_frame/713.jpg 96 130 60 46 98 188 50 158 134 174 44 126 80 136 70 144
videos.hw01/01_frame/714.jpg 26 48 10 24 46 58 44 50 74 92 24 80 54 74 56 68
videos.hw01/01_frame/715.jpg 0 28 18 16 0 72 8 14 54 86 26 86 16 58 22 40
videos.hw01/01_frame/716.jpg 66 72 56 28 80 80 36 26 180 84 44 84 58 50 40 70
videos.hw01/01_frame/717.jpg 122 82 70 50 80 114 76 76 188 80 72 106 190 122 118 122
videos.hw01/01_frame/718.jpg 94 106 64 54 108 124 46 124 126 120 34 126 114 82 126 124
videos.hw01/01_frame/719.jpg 58 52 36 20 38 86 12 184 96 62 18 98 28 78 24 54
videos.hw01/01_frame/720.jpg 106 138 52 54 100 154 72 48 116 132 50 102 98 148 102 138
videos.hw01/01_frame/721.jpg 52 84 18 18 100 62 24 62 52 64 4 50 116 54 36 68
videos.hw01/01_frame/722.jpg 102 166 44 38 88 190 34 52 174 138 54 68 70 202 92 124
videos.hw01/01_frame/723.jpg 76 78 30 20 86 42 26 20 132 42 34 76 58 84 16 70
videos.hw01/01_frame/724.jpg 60 212 56 114 116 234 84 40 176 116 74 130 120 120 108 96
videos.hw01/01_frame/725.jpg 92 96 40 32 104 110 24 28 120 172 0 112 56 70 34 96
videos.hw01/01_frame/726.jpg 88 126 100 74 108 122 60 38 106 130 28 106 140 94 132 126
videos.hw01/01_frame/727.jpg 0 30 10 34 22 96 32 16 26 80 14 64 12 30 82 52
videos.hw01/01_frame/728.jpg 84 96 56 34 138 152 30 58 182 118 50 178 96 110 54 96
videos.hw01/01_frame/729.jpg 126 66 62 86 158 152 98 82 170 136 86 130 64 114 62 128
videos.hw01/01_frame/730.jpg 146 166 110 62 162 222 80 104 294 188 40 256 128 206 256 128
videos.hw01/01_frame/731.jpg 94 86 36 36 116 116 42 122 148 76 26 100 76 126 66 70
videos.hw01/01_frame/732.jpg 110 182 32 66 168 146 14 80 186 126 24 118 108 94 92 64
videos.hw01/01_frame/733.jpg 36 60 70 34 74 100 44 70 96 70 46 140 44 80 46 90
videos.hw01/01_frame/734.jpg 112 122 68 66 92 160 34 166 98 140 58 90 88 148 64 126
videos.hw01/01_frame/735.jpg 42 106 70 36 80 122 58 118 124 84 20 126 64 80 98 120
videos.hw01/01_frame/736.jpg 94 104 8 16 54 58 36 76 110 58 20 124 108 60 76 56
videos.hw01/01_frame/737.jpg 122 144 126 30 138 162 42 194 158 150 46 128 118 138 28 180
videos.hw01/01_frame/738.jpg 96 96 30 18 48 70 22 188 76 82 36 94 64 68 70 64
videos.hw01/01_frame/739.jpg 0 20 4 30 0 38 8 30 0 74 6 22 2 60 50 22
videos.hw01/01_frame/740.jpg 62 116 92 66 140 112 80 236 104 90 56 92 74 128 76 86
videos.hw01/01_frame/741.jpg 102 144 146 60 130 166 126 104 172 166 38 116 112 160 132 122
videos.hw01/01_frame/742.jpg 84 120 50 72 82 128 40 104 156 140 66 82 170 244 162 170
videos.hw01/01_frame/743.jpg 22 0 8 6 28 4 4 8 44 18 6 0 34 0 4 0
videos.hw01/01_frame/744.jpg 102 82 92 60 130 144 40 204 142 86 52 154 86 148 44 158
videos.hw01/01_frame/745.jpg 102 126 106 114 116 150 44 256 252 146 94 192 160 126 182 190
videos.hw01/01_frame/746.jpg 84 80 60 58 82 112 70 76 112 106 46 112 56 100 132 90
videos.hw01/01_frame/747.jpg 90 116 20 44 98 74 34 62 164 90 52 166 64 72 114 96
videos.hw01/01_frame/748.jpg 64 100 74 30 112 102 56 192 120 86 48 136 84 158 76 94
videos.hw01/01_frame/749.jpg 150 78 50 94 100 118 56 76 164 124 74 190 188 148 120 88
videos.hw01/01_frame/750.jpg 92 106 72 48 106 112 40 114 120 172 56 174 112 154 156 78
videos.hw01/01_frame/751.jpg 0 34 16 12 0 54 8 18 4 66 18 60 0 34 38 40
videos.hw01/01_frame/752.jpg 106 104 44 44 76 122 56 106 102 122 44 132 50 54 76 92
videos.hw01/01_frame/753.jpg 108 94 70 80 78 170 86 252 198 162 68 164 158 106 292 118
videos.hw01/01_frame/754.jpg 104 126 56 38 92 100 54 216 142 178 28 108 62 84 56 94
videos.hw01/01_frame/755.jpg 120 118 76 42 90 166 68 214 200 156 82 132 158 138 50 128
videos.hw01/01_frame/756.jpg 156 64 74 60 94 92 52 108 154 146 88 118 134 90 78 118
videos.hw01/01_frame/757.jpg 46 44 62 28 32 50 20 50 64 80 52 60 36 48 58 74
videos.hw01/01_frame/758.jpg 112 110 90 46 82 128 98 48 162 108 56 104 76 92 76 144
videos.hw01/01_frame/759.jpg 68 66 44 22 76 62 20 80 118 90 26 104 52 60 50 60
videos.hw01/01_frame/760.jpg 126 124 68 38 124 118 50 82 122 144 42 132 52 68 86 84
videos.hw01/01_frame/761.jpg 68 160 48 50 102 152 72 186 188 206 60 150 62 76 110 116
videos.hw01/01_frame/762.jpg 124 90 76 124 128 182 46 108 208 236 78 380 66 184 234 148
videos.hw01/01_frame/763.jpg 14 34 16 28 36 80 6 26 18 78 14 72 8 60 30 50
videos.hw01/01_frame/764.jpg 46 40 44 16 60 34 22 144 114 64 38 144 48 38 84 46
videos.hw01/01_frame/765.jpg 132 140 140 50 82 126 62 260 106 140 72 110 118 98 210 168
videos.hw01/01_frame/766.jpg 64 116 46 74 124 90 50 218 110 104 24 122 94 62 70 100
videos.hw01/01_frame/767.jpg 28 54 0 0 38 32 8 30 50 32 0 0 40 16 2 14
videos.hw01/01_frame/768.jpg 90 82 26 0 96 134 70 126 120 108 52 96 78 40 42 100
videos.hw01/01_frame/769.jpg 5828 7368 8420 5582 5150 6742 8330 4018 4822 7390 7604 4586 3910 6944 7470 2768
videos.hw01/01_frame/770.jpg 72 26 114 104 182 220 70 98 80 120 38 56 24 18 124 66
videos.hw01/01_frame/771.jpg 24 28 82 168 110 256 172 104 52 66 34 108 10 24 28 12
videos.hw01/01_frame/772.jpg 32 40 114 198 104 314 230 166 78 124 140 124 20 36 82 50
videos.hw01/01_frame/773.jpg 26 2 148 182 70 126 184 176 32 66 42 186 14 34 32 8
videos.hw01/01_frame/774.jpg 24 50 164 256 46 198 216 108 38 162 114 172 38 76 62 62
videos.hw01/01_frame/775.jpg 14 20 36 92 14 50 58 46 0 50 10 48 8 8 24 20
videos.hw01/01_frame/776.jpg 4 16 234 192 62 230 258 256 30 132 102 104 2 28 76 38
videos.hw01/01_frame/777.jpg 52 66 406 612 230 234 502 328 96 190 164 220 56 28 160 118
videos.hw01/01_frame/778.jpg 4 34 182 466 190 192 406 282 128 234 70 58 2 54 66 88
videos.hw01/01_frame/779.jpg 40 26 240 356 230 212 422 228 108 154 178 128 24 10 44 40
videos.hw01/01_frame/780.jpg 32 70 212 350 188 298 300 448 136 202 90 90 24 14 64 44
videos.hw01/01_frame/781.jpg 38 20 268 288 194 302 398 152 114 244 80 64 14 40 50 46
videos.hw01/01_frame/782.jpg 18 18 158 234 164 266 338 344 92 224 86 46 0 20 50 0
videos.hw01/01_frame/783.jpg 14 36 174 234 60 152 308 80 88 182 58 98 26 110 142 14
videos.hw01/01_frame/784.jpg 40 58 152 198 90 308 272 164 82 224 132 68 0 0 96 70
videos.hw01/01_frame/785.jpg 14 60 142 232 126 230 404 264 48 234 196 82 10 6 112 48
videos.hw01/01_frame/786.jpg 14 6 90 146 126 176 254 232 42 148 194 54 38 6 50 44
videos.hw01/01_frame/787.jpg 46 74 86 86 70 144 90 66 34 66 46 38 34 18 102 114
videos.hw01/01_frame/788.jpg 40 18 166 206 166 422 540 250 40 180 162 124 38 60 124 76
videos.hw01/01_frame/789.jpg 36 28 234 294 178 206 364 180 122 190 116 188 32 38 130 48
videos.hw01/01_frame/790.jpg 26 96 232 242 108 176 390 220 72 136 244 102 16 8 60 38
videos.hw01/01_frame/791.jpg 8 6 356 318 66 162 708 628 112 170 148 184 4 0 80 64
videos.hw01/01_frame/792.jpg 14 12 426 518 186 218 588 488 38 134 110 132 4 0 48 42
videos.hw01/01_frame/793.jpg 36 32 400 736 334 150 400 696 48 152 98 216 14 16 38 16
videos.hw01/01_frame/794.jpg 22 38 390 522 254 210 614 504 64 154 108 120 2 18 50 40
videos.hw01/01_frame/795.jpg 2 8 180 198 264 274 262 124 46 190 158 48 26 10 40 56
videos.hw01/01_frame/796.jpg 32 38 278 234 196 212 202 102 62 148 274 78 10 14 70 46
videos.hw01/01_frame/797.jpg 10 4 308 412 102 174 322 332 48 76 116 52 0 42 20 14
videos.hw01/01_frame/798.jpg 6 18 334 506 108 280 368 130 78 158 168 90 18 16 74 72
videos.hw01/01_frame/799.jpg 18 22 44 58 4 36 60 20 2 28 24 16 2 2 58 34
videos.hw01/01_frame/800.jpg 16 24 260 402 134 292 324 364 76 146 214 114 8 0 80 58
videos.hw01/01_frame/801.jpg 40 22 330 416 390 354 602 494 118 236 214 154 20 38 126 54
videos.hw01/01_frame/802.jpg 0 10 194 204 178 178 256 212 54 160 152 84 4 0 16 44
videos.hw01/01_frame/803.jpg 24 34 162 196 188 354 248 316 58 164 106 110 4 26 88 66
videos.hw01/01_frame/804.jpg 42 68 334 286 246 252 284 256 30 208 120 56 26 66 108 80
videos.hw01/01_frame/805.jpg 26 24 262 278 160 226 398 388 36 128 94 62 20 96 132 58
videos.hw01/01_frame/806.jpg 6 8 254 518 156 218 544 598 48 136 124 142 26 14 70 50
videos.hw01/01_frame/807.jpg 14 24 400 604 120 160 474 452 22 146 196 86 34 36 146 112
videos.hw01/01_frame/808.jpg 46 26 524 338 176 210 330 162 42 152 266 52 28 146 78 76
videos.hw01/01_frame/809.jpg 28 24 406 350 104 224 254 152 36 112 174 118 12 6 164 64
videos.hw01/01_frame/810.jpg 8 42 322 452 150 236 356 384 60 104 84 106 18 132 122 42
videos.hw01/01_frame/811.jpg 28 22 32 58 10 90 82 82 14 44 32 12 16 16 28 20
videos.hw01/01_frame/812.jpg 14 58 270 500 142 238 568 388 36 118 246 108 38 34 72 50
videos.hw01/01_frame/813.jpg 34 72 392 584 244 504 1048 530 110 262 242 342 2 46 194 130
videos.hw01/01_frame/814.jpg 20 24 306 272 174 422 412 470 44 156 290 30 10 36 60 94
videos.hw01/01_frame/815.jpg 0 38 416 302 162 214 420 378 26 96 194 18 4 62 66 90
videos.hw01/01_frame/816.jpg 4 26 404 488 182 352 418 706 40 128 152 54 6 8 98 88
videos.hw01/01_frame/817.jpg 20 14 558 498 158 328 860 728 24 162 336 114 6 10 152 82
videos.hw01/01_frame/818.jpg 4 14 450 580 210 398 846 974 24 196 244 128 8 12 78 70
videos.hw01/01_frame/819.jpg 4 26 80 608 160 560 692 864 16 192 184 12 12 10 82 96
videos.hw01/01_frame/820.jpg 4 36 232 938 198 532 288 1294 18 290 442 38 14 42 86 86
videos.hw01/01_frame/821.jpg 0 32 180 278 176 660 318 992 40 162 194 100 8 12 84 80
videos.hw01/01_frame/822.jpg 26 46 216 280 166 394 278 132 34 282 454 40 16 26 186 166
videos.hw01/01_frame/823.jpg 38 40 106 136 18 142 90 102 30 58 84 124 10 28 130 78
videos.hw01/01_frame/824.jpg 12 130 146 256 200 606 384 414 34 170 468 48 10 20 104 134
videos.hw01/01_frame/825.jpg 34 48 126 146 270 674 462 212 24 328 324 62 16 56 94 138
videos.hw01/01_frame/826.jpg 10 26 194 172 136 554 372 218 34 202 270 68 16 40 84 180
videos.hw01/01_frame/827.jpg 16 20 36 64 44 166 50 56 10 42 22 18 6 2 16 50
videos.hw01/01_frame/828.jpg 2 0 48 58 10 20 100 76 4 38 74 22 0 8 54 36
