videos.hw01/01_frame/0.jpg 0 0 0 0 0 0 0 0 0 0 0 0 0 0 0 0
videos.hw01/01_frame/1.jpg 598 528 326 412 390 304 340 440 602 410 258 768 592 546 548 908
videos.hw01/01_frame/2.jpg 208 76 104 156 204 228 152 254 154 550 248 242 50 236 266 362
videos.hw01/01_frame/3.jpg 186 278 146 374 478 232 186 298 144 662 318 386 410 592 458 414
videos.hw01/01_frame/4.jpg 486 276 240 374 360 186 178 236 538 698 238 232 534 414 424 558
videos.hw01/01_frame/5.jpg 366 276 112 570 196 268 162 554 162 466 350 280 424 258 416 228
videos.hw01/01_frame/6.jpg 152 360 264 306 350 246 178 410 294 402 348 326 398 484 252 312
videos.hw01/01_frame/7.jpg 388 180 32 112 334 178 96 316 510 206 108 242 228 294 90 190
videos.hw01/01_frame/8.jpg 110 366 180 204 314 194 228 432 300 316 288 210 350 526 488 334
videos.hw01/01_frame/9.jpg 622 632 274 300 496 440 328 624 418 470 430 194 264 406 662 576
videos.hw01/01_frame/10.jpg 236 218 278 434 422 158 152 376 244 400 342 168 362 414 546 398
videos.hw01/01_frame/11.jpg 420 376 434 260 518 408 414 484 158 576 454 338 392 646 230 302
videos.hw01/01_frame/12.jpg 6 84 4 0 76 84 4 0 66 88 38 30 12 162 0 18
videos.hw01/01_frame/13.jpg 186 308 232 298 266 204 202 384 346 628 264 302 192 272 198 284
videos.hw01/01_frame/14.jpg 434 486 360 436 592 300 334 750 300 494 440 732 416 458 784 588
videos.hw01/01_frame/15.jpg 190 390 186 216 360 242 262 648 302 342 320 332 296 250 390 238
videos.hw01/01_frame/16.jpg 218 288 204 86 372 202 146 314 206 458 340 44 364 182 44 506
videos.hw01/01_frame/17.jpg 340 558 348 328 428 334 258 442 334 342 292 224 322 554 316 388
videos.hw01/01_frame/18.jpg 308 450 264 704 442 368 156 506 136 400 354 698 302 586 560 786
videos.hw01/01_frame/19.jpg 444 244 132 544 396 148 146 764 518 104 216 338 378 320 454 444
videos.hw01/01_frame/20.jpg 356 300 160 232 456 334 142 204 192 358 326 146 102 340 396 242
videos.hw01/01_frame/21.jpg 366 482 382 474 568 296 370 714 340 866 596 540 486 758 918 686
videos.hw01/01_frame/22.jpg 50 256 70 184 188 160 156 494 196 414 340 254 418 302 140 206
videos.hw01/01_frame/23.jpg 420 502 292 526 288 328 376 642 164 562 522 426 488 454 474 784
videos.hw01/01_frame/24.jpg 330 236 114 94 260 158 72 176 244 390 316 266 156 332 448 318
videos.hw01/01_frame/25.jpg 314 378 266 498 326 334 404 476 350 398 332 494 442 494 204 336
videos.hw01/01_frame/26.jpg 274 492 344 848 526 416 120 494 202 338 612 390 186 404 686 920
videos.hw01/01_frame/27.jpg 58 0 2 6 32 82 268 22 262 362 348 48 158 806 212 592
videos.hw01/01_frame/28.jpg 490 378 252 500 400 318 270 660 356 580 540 706 580 1130 468 932
videos.hw01/01_frame/29.jpg 132 168 42 142 280 166 94 438 178 360 224 446 100 522 196 340
videos.hw01/01_frame/30.jpg 348 274 288 268 256 192 240 666 174 372 362 424 290 522 694 626
videos.hw01/01_frame/31.jpg 22 90 68 112 154 88 60 582 118 214 134 94 120 262 326 104
videos.hw01/01_frame/32.jpg 164 262 174 384 58 140 166 226 198 292 304 268 128 388 450 602
videos.hw01/01_frame/33.jpg 528 390 244 536 538 286 292 750 262 564 320 514 492 694 886 972
videos.hw01/01_frame/34.jpg 168 252 224 96 120 174 52 26 330 520 232 544 138 432 362 898
videos.hw01/01_frame/35.jpg 150 552 386 152 354 174 328 292 388 524 270 362 232 402 370 862
videos.hw01/01_frame/36.jpg 304 418 350 362 308 222 194 102 162 488 278 398 178 558 432 1202
videos.hw01/01_frame/37.jpg 460 388 424 462 606 284 286 792 300 336 576 446 744 496 1166 896
videos.hw01/01_frame/38.jpg 260 370 316 298 282 252 140 496 94 490 352 478 208 472 1092 1074
videos.hw01/01_frame/39.jpg 238 68 0 26 206 68 0 4 182 180 24 0 516 224 30 86
videos.hw01/01_frame/40.jpg 388 42 158 362 130 96 82 210 308 310 272 218 452 692 784 658
videos.hw01/01_frame/41.jpg 492 662 484 572 566 280 496 588 744 568 682 798 892 662 914 880
videos.hw01/01_frame/42.jpg 282 100 154 162 88 126 82 196 116 314 250 512 180 478 442 690
videos.hw01/01_frame/43.jpg 168 94 76 164 272 126 82 196 112 140 32 470 444 288 362 296
videos.hw01/01_frame/44.jpg 8 196 144 118 176 80 84 106 64 526 250 278 198 784 452 518
videos.hw01/01_frame/45.jpg 614 436 466 380 446 274 472 290 408 586 284 496 366 630 772 1308
videos.hw01/01_frame/46.jpg 168 276 258 204 288 202 250 406 266 338 178 246 250 598 972 762
videos.hw01/01_frame/47.jpg 242 450 210 136 360 258 256 472 288 370 298 342 218 770 760 630
videos.hw01/01_frame/48.jpg 198 184 94 192 166 234 170 80 180 330 306 202 232 430 900 808
videos.hw01/01_frame/49.jpg 396 460 170 542 274 216 366 422 138 338 316 580 298 718 962 1218
videos.hw01/01_frame/50.jpg 272 360 242 130 264 194 164 234 182 320 300 438 180 644 810 822
videos.hw01/01_frame/51.jpg 94 414 362 122 460 172 216 164 60 188 240 310 210 484 442 920
videos.hw01/01_frame/52.jpg 262 534 304 290 376 260 262 542 284 420 314 498 136 618 450 608
videos.hw01/01_frame/53.jpg 354 604 206 608 460 202 354 406 216 420 222 432 208 828 716 682
videos.hw01/01_frame/54.jpg 22 96 0 18 138 24 0 92 34 34 26 54 214 174 80 450
videos.hw01/01_frame/55.jpg 586 506 308 618 510 246 324 580 326 164 678 1014 542 420 1280 1120
videos.hw01/01_frame/56.jpg 536 460 286 546 478 454 356 564 242 256 576 550 314 1196 1132 840
videos.hw01/01_frame/57.jpg 576 464 338 422 758 264 156 910 316 216 252 326 752 730 414 800
videos.hw01/01_frame/58.jpg 516 484 196 428 420 314 268 484 266 308 298 622 578 594 700 1024
videos.hw01/01_frame/59.jpg 296 518 542 572 520 430 188 670 434 480 452 306 302 804 708 504
videos.hw01/01_frame/60.jpg 340 358 242 380 296 246 126 742 248 338 334 430 292 812 794 664
videos.hw01/01_frame/61.jpg 238 382 230 580 264 280 134 446 324 266 268 270 388 520 696 822
videos.hw01/01_frame/62.jpg 164 354 294 362 260 194 280 532 254 404 260 516 410 818 1336 966
videos.hw01/01_frame/63.jpg 300 430 202 700 308 206 170 372 196 348 782 692 280 780 752 686
videos.hw01/01_frame/64.jpg 320 188 218 266 178 94 60 14 106 410 772 706 322 366 778 756
videos.hw01/01_frame/65.jpg 298 404 348 604 464 356 464 536 436 978 600 930 512 876 912 980
videos.hw01/01_frame/66.jpg 74 124 16 82 74 92 8 104 156 72 66 150 34 608 78 488
videos.hw01/01_frame/67.jpg 926 762 360 670 430 398 288 648 264 276 290 570 290 1188 330 974
videos.hw01/01_frame/68.jpg 6258 7182 6438 4318 6926 7040 7536 6694 3032 6742 7098 5498 1864 6426 4822 3678
videos.hw01/01_frame/69.jpg 750 586 564 1098 1544 652 1526 1632 1048 406 634 804 670 404 968 1050
videos.hw01/01_frame/70.jpg 320 200 788 456 802 626 542 574 396 490 542 420 372 180 450 514
videos.hw01/01_frame/71.jpg 338 322 688 420 944 584 656 982 534 438 724 504 464 104 556 468
videos.hw01/01_frame/72.jpg 128 72 368 570 866 904 498 1254 516 358 778 384 212 94 462 558
videos.hw01/01_frame/73.jpg 456 362 310 468 708 816 728 616 384 486 508 436 466 160 588 512
videos.hw01/01_frame/74.jpg 242 136 406 378 886 818 570 880 544 448 398 498 380 246 414 560
videos.hw01/01_frame/75.jpg 64 172 394 534 846 526 576 506 522 472 760 524 326 124 416 272
videos.hw01/01_frame/76.jpg 532 242 398 600 1176 566 584 456 506 532 756 746 172 224 466 680
videos.hw01/01_frame/77.jpg 266 568 748 612 658 570 472 660 668 774 870 420 306 282 310 520
videos.hw01/01_frame/78.jpg 558 256 458 506 878 588 998 734 632 468 458 430 446 208 526 560
videos.hw01/01_frame/79.jpg 14 24 4 0 8 74 186 22 84 34 216 90 0 20 146 102
videos.hw01/01_frame/80.jpg 210 190 364 450 666 570 556 886 390 596 472 544 282 252 472 268
videos.hw01/01_frame/81.jpg 412 274 492 728 1296 1330 928 2200 746 1086 846 732 576 384 490 722
videos.hw01/01_frame/82.jpg 554 186 542 796 946 686 712 1378 490 666 662 374 112 458 606 708
videos.hw01/01_frame/83.jpg 236 310 578 820 804 454 758 1474 324 488 536 258 150 54 828 410
videos.hw01/01_frame/84.jpg 504 558 374 904 830 580 958 1294 538 296 772 882 494 110 806 718
videos.hw01/01_frame/85.jpg 374 332 552 1020 742 496 488 1320 868 226 672 876 602 204 384 516
videos.hw01/01_frame/86.jpg 198 434 426 904 954 400 376 1094 880 336 980 514 470 404 386 550
videos.hw01/01_frame/87.jpg 384 348 544 500 700 398 786 960 546 302 378 964 348 306 278 842
videos.hw01/01_frame/88.jpg 632 410 288 692 994 494 492 1568 714 388 598 1118 336 382 442 664
videos.hw01/01_frame/89.jpg 240 222 464 718 566 544 478 1408 592 450 298 412 256 406 234 244
videos.hw01/01_frame/90.jpg 558 188 396 978 642 478 508 1134 424 140 428 1032 460 390 582 554
videos.hw01/01_frame/91.jpg 24 18 92 124 232 144 152 362 122 72 74 80 50 144 22 0
videos.hw01/01_frame/92.jpg 210 212 418 1020 656 576 486 1298 152 396 418 708 200 236 344 412
videos.hw01/01_frame/93.jpg 590 556 488 886 908 688 916 1900 462 296 740 712 312 226 418 568
videos.hw01/01_frame/94.jpg 340 426 562 536 786 644 796 1508 348 266 734 598 594 414 398 946
videos.hw01/01_frame/95.jpg 296 348 428 578 1304 660 646 1224 230 304 640 1254 366 240 210 508
videos.hw01/01_frame/96.jpg 418 682 742 1176 960 542 688 1606 502 312 780 1470 518 304 508 808
videos.hw01/01_frame/97.jpg 160 614 300 592 628 576 468 1468 376 438 472 130 534 160 584 280
videos.hw01/01_frame/98.jpg 344 220 634 368 956 378 644 610 228 80 296 202 392 332 616 452
videos.hw01/01_frame/99.jpg 146 428 446 264 932 320 738 726 334 350 608 398 1020 200 310 394
videos.hw01/01_frame/100.jpg 572 304 612 520 656 464 944 384 378 346 196 226 836 232 294 240
videos.hw01/01_frame/101.jpg 314 352 372 486 802 578 570 570 390 146 166 248 264 302 430 338
videos.hw01/01_frame/102.jpg 418 578 656 836 1044 442 946 808 562 54 532 302 426 252 738 494
videos.hw01/01_frame/103.jpg 426 438 224 138 396 118 326 168 288 202 108 12 482 222 94 140
videos.hw01/01_frame/104.jpg 550 224 594 1188 572 418 404 750 384 946 370 630 460 432 320 480
videos.hw01/01_frame/105.jpg 726 834 782 946 830 360 784 1254 452 658 556 930 596 442 550 646
videos.hw01/01_frame/106.jpg 614 616 444 550 528 414 486 554 160 350 588 366 234 206 406 338
videos.hw01/01_frame/107.jpg 216 258 532 532 810 364 528 506 386 246 310 346 290 404 302 260
videos.hw01/01_frame/108.jpg 376 726 810 748 836 418 716 780 490 94 760 144 508 190 416 402
videos.hw01/01_frame/109.jpg 402 524 610 526 850 414 892 774 224 334 896 314 554 400 482 696
videos.hw01/01_frame/110.jpg 532 280 736 704 596 372 692 1168 382 350 650 388 298 292 418 426
videos.hw01/01_frame/111.jpg 142 264 390 504 690 412 732 616 194 286 378 192 192 334 130 306
videos.hw01/01_frame/112.jpg 298 516 380 760 918 524 690 1182 264 352 268 318 158 216 86 558
videos.hw01/01_frame/113.jpg 208 246 262 460 712 478 622 320 144 58 690 304 330 100 266 350
videos.hw01/01_frame/114.jpg 62 298 568 668 818 380 582 772 110 162 458 462 414 318 308 282
videos.hw01/01_frame/115.jpg 0 24 0 0 0 4 0 0 0 18 0 0 2 10 0 0
videos.hw01/01_frame/116.jpg 582 86 776 892 740 282 698 392 308 164 514 340 260 224 340 408
videos.hw01/01_frame/117.jpg 500 224 558 786 848 620 808 730 346 304 964 984 496 178 580 546
videos.hw01/01_frame/118.jpg 156 106 296 570 762 434 568 552 210 218 536 224 328 148 262 416
videos.hw01/01_frame/119.jpg 8 80 394 390 582 336 874 702 170 164 362 264 20 36 300 340
videos.hw01/01_frame/120.jpg 140 772 1158 608 642 586 774 560 142 416 1604 148 540 492 1440 492
videos.hw01/01_frame/121.jpg 0 12 114 68 154 234 262 236 36 132 332 4 10 0 42 104
videos.hw01/01_frame/122.jpg 1006 626 528 1388 948 434 1446 1138 662 324 988 942 308 266 466 542
videos.hw01/01_frame/123.jpg 8198 9320 7648 5934 6064 7380 7574 8420 7784 9100 7488 6394 8748 8966 8246 5826
videos.hw01/01_frame/124.jpg 320 1012 1956 526 902 1568 2254 1424 170 876 1184 1364 168 1324 3768 926
videos.hw01/01_frame/125.jpg 454 1024 810 1198 1040 1054 1202 738 402 716 1110 930 824 680 770 530
videos.hw01/01_frame/126.jpg 1072 274 782 830 1334 1324 1030 528 360 772 1006 580 978 1030 808 56
videos.hw01/01_frame/127.jpg 0 318 290 194 2 386 826 176 0 280 264 406 176 382 274 296
videos.hw01/01_frame/128.jpg 364 336 502 402 1032 1280 772 1084 268 520 754 698 228 736 648 304
videos.hw01/01_frame/129.jpg 1194 1074 1860 1326 1408 1198 1326 730 596 914 1006 1430 434 1752 1868 990
videos.hw01/01_frame/130.jpg 398 778 708 432 1052 860 734 448 392 976 968 878 318 820 734 542
videos.hw01/01_frame/131.jpg 324 416 458 302 368 528 522 414 522 580 756 936 318 722 434 38
videos.hw01/01_frame/132.jpg 932 766 688 464 992 702 628 370 408 644 464 812 280 586 574 444
videos.hw01/01_frame/133.jpg 256 668 330 192 396 384 542 390 442 606 550 1014 974 700 690 248
videos.hw01/01_frame/134.jpg 140 536 632 728 408 916 1088 156 480 388 1144 1066 346 708 788 466
videos.hw01/01_frame/135.jpg 0 300 206 692 90 524 44 780 292 342 224 382 434 554 662 312
videos.hw01/01_frame/136.jpg 136 826 288 256 622 818 302 678 1158 574 756 1054 414 870 554 314
videos.hw01/01_frame/137.jpg 1498 956 2978 1036 1604 1396 1846 1436 1108 900 1232 1330 1042 1028 800 1486
videos.hw01/01_frame/138.jpg 260 432 246 450 494 676 314 406 306 232 264 100 102 278 262 30
videos.hw01/01_frame/139.jpg 298 284 132 388 100 444 208 70 250 644 428 100 680 412 378 30
videos.hw01/01_frame/140.jpg 700 816 1684 298 680 564 726 322 666 576 294 848 944 626 388 0
videos.hw01/01_frame/141.jpg 1114 708 1286 1586 1486 1378 1234 1496 1332 856 1316 1664 1116 1106 1418 1232
videos.hw01/01_frame/142.jpg 580 320 676 666 536 864 1092 426 64 520 458 728 548 596 430 542
videos.hw01/01_frame/143.jpg 432 246 1216 350 754 656 660 204 526 524 540 736 504 550 486 252
videos.hw01/01_frame/144.jpg 642 186 880 234 450 880 566 156 194 268 470 710 454 492 264 236
videos.hw01/01_frame/145.jpg 280 532 968 392 588 844 874 414 78 334 544 616 276 426 556 174
videos.hw01/01_frame/146.jpg 184 164 768 524 600 972 64 156 566 628 646 624 324 728 648 142
videos.hw01/01_frame/147.jpg 498 296 710 844 592 726 48 692 710 634 520 548 992 640 846 890
videos.hw01/01_frame/148.jpg 500 600 446 404 688 736 186 796 594 420 802 376 386 862 654 434
videos.hw01/01_frame/149.jpg 386 424 760 556 660 748 324 812 390 436 628 738 286 446 380 166
videos.hw01/01_frame/150.jpg 472 532 222 616 486 596 278 248 256 626 708 542 338 498 440 426
videos.hw01/01_frame/151.jpg 0 194 214 320 2 258 104 358 128 540 296 512 194 322 380 354
videos.hw01/01_frame/152.jpg 760 528 790 540 520 734 250 540 584 748 744 546 546 676 770 334
videos.hw01/01_frame/153.jpg 926 1102 1052 588 1048 1130 1398 1464 488 708 960 1052 618 1018 662 614
videos.hw01/01_frame/154.jpg 288 486 468 804 364 608 632 476 220 506 720 998 438 808 690 394
videos.hw01/01_frame/155.jpg 216 504 524 962 396 740 700 512 264 616 904 838 674 668 496 138
videos.hw01/01_frame/156.jpg 0 278 500 170 0 208 80 104 8 252 332 146 0 242 178 108
videos.hw01/01_frame/157.jpg 262 1158 586 374 788 692 708 1070 406 706 750 818 394 976 556 280
videos.hw01/01_frame/158.jpg 756 800 1002 1072 1858 2070 1420 726 970 976 1026 1368 800 1152 844 274
videos.hw01/01_frame/159.jpg 1614 1142 1810 3252 1796 1376 2080 2464 1532 1136 1206 1382 1746 1826 1830 2370
videos.hw01/01_frame/160.jpg 244 244 150 424 548 876 1074 1214 6 138 520 484 294 14 436 754
videos.hw01/01_frame/161.jpg 282 454 178 562 772 720 434 550 610 358 520 548 178 386 1266 396
videos.hw01/01_frame/162.jpg 414 334 318 834 618 746 632 654 124 286 848 746 690 556 1096 494
videos.hw01/01_frame/163.jpg 508 276 156 328 600 840 574 590 654 470 694 856 404 790 1260 78
videos.hw01/01_frame/164.jpg 790 562 698 830 684 902 392 1172 714 622 880 782 990 782 876 838
videos.hw01/01_frame/165.jpg 328 306 562 960 846 1170 994 1218 326 502 654 610 450 548 626 86
videos.hw01/01_frame/166.jpg 406 544 314 564 650 732 520 684 212 526 902 660 284 722 618 434
videos.hw01/01_frame/167.jpg 540 446 270 616 248 1016 438 688 170 482 730 590 478 508 696 114
videos.hw01/01_frame/168.jpg 142 210 384 160 32 336 306 162 124 274 602 606 368 320 442 230
videos.hw01/01_frame/169.jpg 410 422 220 380 456 472 276 446 268 530 378 406 176 884 500 200
videos.hw01/01_frame/170.jpg 284 430 126 452 372 1256 522 514 340 512 558 750 602 416 680 102
videos.hw01/01_frame/171.jpg 290 158 94 42 544 444 282 266 220 328 298 416 158 638 402 126
videos.hw01/01_frame/172.jpg 190 608 404 344 638 1102 276 336 404 526 728 308 154 502 894 430
videos.hw01/01_frame/173.jpg 250 258 48 682 552 632 438 202 576 422 666 512 184 374 566 104
videos.hw01/01_frame/174.jpg 106 382 352 294 244 750 400 1134 394 614 610 582 208 726 310 140
videos.hw01/01_frame/175.jpg 2 290 6 6 36 386 148 110 2 284 334 196 68 340 368 52
videos.hw01/01_frame/176.jpg 276 382 174 192 710 882 306 524 414 548 674 466 214 728 776 354
videos.hw01/01_frame/177.jpg 6556 6416 7184 3728 8022 7636 5584 5032 7782 6732 6152 3906 8018 7444 5262 5570
videos.hw01/01_frame/178.jpg 948 574 1254 1494 700 498 794 1340 738 432 1140 2074 532 546 952 764
videos.hw01/01_frame/179.jpg 170 206 424 404 168 248 640 646 66 168 980 984 122 244 346 36
videos.hw01/01_frame/180.jpg 122 524 550 176 48 154 920 568 60 212 970 494 230 166 98 50
videos.hw01/01_frame/181.jpg 234 490 1426 986 474 274 696 1126 232 352 748 706 276 234 414 448
videos.hw01/01_frame/182.jpg 144 224 178 594 198 86 662 926 258 168 1022 278 204 148 200 98
videos.hw01/01_frame/183.jpg 268 314 506 514 322 192 812 412 128 246 424 556 364 162 226 256
videos.hw01/01_frame/184.jpg 138 312 434 344 466 232 938 908 148 378 650 614 420 338 118 150
videos.hw01/01_frame/185.jpg 188 372 790 732 416 268 822 880 248 314 860 660 308 378 768 614
videos.hw01/01_frame/186.jpg 222 160 630 402 36 128 852 716 8 252 546 260 122 112 248 112
videos.hw01/01_frame/187.jpg 4 214 54 212 4 78 246 412 26 100 226 148 12 104 710 50
videos.hw01/01_frame/188.jpg 402 598 750 974 330 392 1740 1118 494 238 772 678 178 294 1112 384
videos.hw01/01_frame/189.jpg 596 258 790 838 494 138 744 1332 332 152 928 704 294 254 838 610
videos.hw01/01_frame/190.jpg 386 408 838 852 598 488 532 1184 264 336 1160 894 316 352 448 378
videos.hw01/01_frame/191.jpg 240 588 816 1168 216 260 400 504 294 356 456 284 438 266 290 190
videos.hw01/01_frame/192.jpg 100 256 758 718 264 270 526 796 258 162 432 440 254 294 376 288
videos.hw01/01_frame/193.jpg 182 248 674 462 210 322 1204 642 340 374 610 384 180 246 278 134
videos.hw01/01_frame/194.jpg 328 644 658 888 478 378 572 594 378 346 448 458 470 434 446 260
videos.hw01/01_frame/195.jpg 924 570 612 954 342 272 404 1198 570 292 1034 506 644 452 816 780
videos.hw01/01_frame/196.jpg 150 344 238 518 350 262 608 1032 142 260 464 306 360 260 386 212
videos.hw01/01_frame/197.jpg 192 372 646 978 318 246 504 600 304 324 844 486 410 376 900 326
videos.hw01/01_frame/198.jpg 626 272 514 650 376 174 442 610 350 242 354 260 302 264 344 344
videos.hw01/01_frame/199.jpg 12 250 96 348 22 154 488 440 14 148 236 90 10 48 430 176
videos.hw01/01_frame/200.jpg 422 294 290 510 222 120 696 696 190 218 446 304 84 224 484 274
videos.hw01/01_frame/201.jpg 338 416 2046 776 454 526 820 986 450 416 892 618 202 432 630 572
videos.hw01/01_frame/202.jpg 324 376 768 1246 370 410 514 1078 742 420 650 618 446 372 514 542
videos.hw01/01_frame/203.jpg 172 332 322 682 410 426 406 482 168 266 764 414 202 410 246 180
videos.hw01/01_frame/204.jpg 16 82 68 314 4 84 294 562 0 6 386 172 60 214 196 84
videos.hw01/01_frame/205.jpg 194 314 688 1238 418 386 676 1236 264 584 446 514 442 338 164 252
videos.hw01/01_frame/206.jpg 18 120 100 292 24 92 176 164 64 54 274 402 200 286 320 80
videos.hw01/01_frame/207.jpg 278 190 630 570 196 184 822 460 480 122 262 616 398 238 510 446
videos.hw01/01_frame/208.jpg 292 130 314 334 30 304 328 342 60 100 174 352 316 232 164 242
videos.hw01/01_frame/209.jpg 258 294 522 412 182 402 326 566 346 184 480 512 350 262 556 154
videos.hw01/01_frame/210.jpg 340 356 594 790 436 360 926 786 436 314 858 454 382 446 488 550
videos.hw01/01_frame/211.jpg 178 242 328 338 64 126 38 222 68 108 284 400 106 176 222 158
videos.hw01/01_frame/212.jpg 68 210 648 578 250 196 320 658 264 188 472 430 282 408 458 80
videos.hw01/01_frame/213.jpg 770 540 908 978 600 430 698 1020 490 408 940 784 990 412 832 642
videos.hw01/01_frame/214.jpg 426 346 572 928 550 414 972 422 394 384 352 434 402 192 440 506
videos.hw01/01_frame/215.jpg 5628 7512 8856 6568 5844 8196 7640 5748 5642 7780 8410 5802 5438 7742 7804 3062
videos.hw01/01_frame/216.jpg 486 48 188 712 440 320 354 84 406 270 392 186 482 156 240 464
videos.hw01/01_frame/217.jpg 134 344 188 592 610 280 336 98 540 318 254 260 446 64 150 46
videos.hw01/01_frame/218.jpg 322 438 268 616 526 320 400 238 568 356 460 344 286 112 206 208
videos.hw01/01_frame/219.jpg 120 218 228 256 596 200 324 414 482 300 502 164 78 216 278 266
videos.hw01/01_frame/220.jpg 308 234 428 730 618 340 402 174 688 348 516 274 214 112 234 56
videos.hw01/01_frame/221.jpg 226 26 224 584 306 164 376 230 426 332 490 226 112 54 166 262
videos.hw01/01_frame/222.jpg 244 74 346 484 136 244 304 294 452 482 508 178 64 36 366 78
videos.hw01/01_frame/223.jpg 0 0 0 0 58 78 10 28 220 82 58 0 172 0 54 54
videos.hw01/01_frame/224.jpg 42 56 188 348 422 316 448 424 618 414 354 264 216 82 140 174
videos.hw01/01_frame/225.jpg 632 108 310 1148 634 392 532 624 744 628 606 806 460 342 604 542
videos.hw01/01_frame/226.jpg 196 218 310 598 204 186 264 310 438 244 378 428 84 56 146 150
videos.hw01/01_frame/227.jpg 246 38 200 434 280 188 252 696 210 134 254 360 2 14 170 220
videos.hw01/01_frame/228.jpg 84 112 270 576 140 146 468 1716 330 218 586 964 62 0 226 124
videos.hw01/01_frame/229.jpg 168 142 188 816 596 370 390 1376 336 486 232 1020 14 74 154 424
videos.hw01/01_frame/230.jpg 226 156 364 606 200 380 736 1548 498 430 408 1028 62 104 216 280
videos.hw01/01_frame/231.jpg 326 142 472 1050 510 288 534 1036 646 504 442 992 276 106 434 270
videos.hw01/01_frame/232.jpg 302 102 258 824 588 310 378 1046 710 422 426 630 372 148 326 240
videos.hw01/01_frame/233.jpg 512 422 582 650 474 234 576 1044 822 552 440 1014 542 312 536 436
videos.hw01/01_frame/234.jpg 216 12 220 1012 518 304 360 1100 356 386 496 1050 162 112 66 2
videos.hw01/01_frame/235.jpg 0 0 150 2 0 96 60 58 106 44 72 16 0 0 0 0
videos.hw01/01_frame/236.jpg 322 402 220 842 678 188 524 706 334 594 488 664 570 290 268 316
videos.hw01/01_frame/237.jpg 406 88 284 582 568 476 714 1114 562 456 554 1002 562 184 330 250
videos.hw01/01_frame/238.jpg 92 52 98 426 432 404 432 1022 562 584 512 808 172 98 256 308
videos.hw01/01_frame/239.jpg 220 240 114 666 622 474 270 1398 652 540 550 1006 252 78 332 302
videos.hw01/01_frame/240.jpg 16 24 152 656 302 504 698 916 478 542 664 938 60 28 200 192
videos.hw01/01_frame/241.jpg 0 4 198 952 290 492 436 1364 716 674 1220 606 30 24 384 318
videos.hw01/01_frame/242.jpg 348 40 280 682 762 476 492 924 538 820 746 628 34 68 520 474
videos.hw01/01_frame/243.jpg 166 322 242 990 530 340 766 1068 764 592 630 922 102 52 574 330
videos.hw01/01_frame/244.jpg 238 148 100 758 610 668 740 1232 502 544 490 188 0 50 296 446
videos.hw01/01_frame/245.jpg 300 124 30 816 590 534 688 952 422 740 872 608 16 160 374 406
videos.hw01/01_frame/246.jpg 290 158 58 1128 608 566 1196 962 512 544 792 550 124 102 344 344
videos.hw01/01_frame/247.jpg 138 0 0 258 262 84 146 94 102 194 108 16 0 16 56 74
videos.hw01/01_frame/248.jpg 306 60 42 1000 438 388 1114 1368 532 592 658 480 108 154 244 792
videos.hw01/01_frame/249.jpg 430 378 484 1804 950 764 932 2032 838 856 784 634 854 438 666 856
videos.hw01/01_frame/250.jpg 640 94 242 998 708 422 826 1178 428 770 848 610 406 48 440 572
videos.hw01/01_frame/251.jpg 140 314 168 1032 722 356 544 796 750 546 732 484 268 76 298 620
videos.hw01/01_frame/252.jpg 0 8 320 1000 478 444 830 1852 314 724 738 366 0 56 342 354
videos.hw01/01_frame/253.jpg 170 42 344 1004 634 478 950 1074 434 610 922 460 98 110 118 618
videos.hw01/01_frame/254.jpg 404 726 506 840 814 654 836 628 632 460 616 702 386 266 116 320
videos.hw01/01_frame/255.jpg 260 204 468 758 762 520 778 1032 614 522 752 828 162 288 144 814
videos.hw01/01_frame/256.jpg 136 172 394 1070 806 476 558 894 662 728 616 272 350 204 140 422
videos.hw01/01_frame/257.jpg 432 564 300 886 748 476 1038 1236 310 560 608 670 250 306 170 320
videos.hw01/01_frame/258.jpg 262 194 374 954 838 398 560 874 488 632 536 86 358 346 352 310
videos.hw01/01_frame/259.jpg 166 22 66 62 234 0 2 38 118 30 0 0 110 166 2 0
videos.hw01/01_frame/260.jpg 292 272 388 708 1010 482 1070 772 362 934 344 122 422 352 488 372
videos.hw01/01_frame/261.jpg 286 496 958 1538 1164 530 1358 1618 632 958 1146 874 486 302 454 720
videos.hw01/01_frame/262.jpg 356 102 334 1530 962 444 708 1048 616 706 534 182 284 422 822 394
videos.hw01/01_frame/263.jpg 290 232 720 818 704 430 836 832 514 630 460 210 420 224 506 422
videos.hw01/01_frame/264.jpg 304 254 460 536 888 570 818 936 528 528 780 230 338 386 936 498
videos.hw01/01_frame/265.jpg 392 418 536 576 858 586 964 640 502 544 720 382 178 330 422 366
videos.hw01/01_frame/266.jpg 384 206 1018 732 924 416 530 620 596 584 638 184 376 452 208 642
videos.hw01/01_frame/267.jpg 240 400 354 742 700 362 890 992 672 682 1044 616 340 308 212 616
videos.hw01/01_frame/268.jpg 612 640 328 584 1022 540 644 1124 566 642 708 378 450 382 482 658
videos.hw01/01_frame/269.jpg 876 98 608 532 868 412 622 770 462 758 540 612 560 326 792 770
videos.hw01/01_frame/270.jpg 590 654 600 344 926 428 642 866 936 912 620 322 260 376 654 832
videos.hw01/01_frame/271.jpg 14 64 76 102 24 94 120 50 26 264 12 0 150 80 162 2
videos.hw01/01_frame/272.jpg 582 86 780 698 730 566 654 866 682 652 1244 460 456 480 482 524
videos.hw01/01_frame/273.jpg 412 268 1112 1942 1000 860 860 1144 914 1008 1132 1130 642 286 514 578
videos.hw01/01_frame/274.jpg 474 528 316 1496 680 442 724 566 668 698 594 632 628 252 408 528
videos.hw01/01_frame/275.jpg 386 374 378 1252 438 452 466 942 566 632 564 738 464 182 416 378
videos.hw01/01_frame/276.jpg 218 298 468 1298 588 616 518 730 594 748 1164 154 242 460 318 638
videos.hw01/01_frame/277.jpg 288 216 714 1328 664 330 598 932 568 640 762 994 116 222 448 608
videos.hw01/01_frame/278.jpg 0 46 850 1360 354 354 516 778 566 424 472 458 374 98 168 360
videos.hw01/01_frame/279.jpg 0 74 768 1178 302 546 498 1056 550 548 1100 220 78 76 390 218
videos.hw01/01_frame/280.jpg 4 180 704 1054 458 590 670 1068 584 494 694 190 212 194 320 442
videos.hw01/01_frame/281.jpg 58 14 652 862 584 506 554 516 344 412 428 786 166 30 302 436
videos.hw01/01_frame/282.jpg 100 142 664 1238 770 600 520 1460 578 708 1330 546 370 174 308 568
videos.hw01/01_frame/283.jpg 0 0 290 110 0 44 166 54 0 4 78 0 0 0 14 118
videos.hw01/01_frame/284.jpg 28 220 756 900 426 692 484 820 522 628 586 486 230 62 432 270
videos.hw01/01_frame/285.jpg 568 308 812 1082 778 480 586 980 786 786 1296 1110 280 310 822 964
videos.hw01/01_frame/286.jpg 424 126 160 898 588 618 582 622 648 444 1146 734 140 202 402 492
videos.hw01/01_frame/287.jpg 272 428 322 972 812 342 450 1164 490 316 922 338 244 294 324 560
videos.hw01/01_frame/288.jpg 134 62 414 1080 346 536 400 826 392 428 460 200 132 148 260 262
videos.hw01/01_frame/289.jpg 338 582 670 660 552 414 1072 692 600 336 574 546 290 334 572 668
videos.hw01/01_frame/290.jpg 102 412 356 678 466 298 568 398 650 226 1076 164 336 238 260 534
videos.hw01/01_frame/291.jpg 290 406 460 396 648 440 774 766 494 616 1456 622 142 58 378 104
videos.hw01/01_frame/292.jpg 172 430 370 662 422 484 674 708 582 410 542 458 124 160 344 162
videos.hw01/01_frame/293.jpg 110 150 408 744 272 408 894 1072 574 394 612 444 42 34 348 212
videos.hw01/01_frame/294.jpg 138 242 306 752 382 514 456 1702 710 644 928 426 172 434 264 236
videos.hw01/01_frame/295.jpg 0 0 26 0 0 32 56 20 0 4 94 36 0 2 94 100
videos.hw01/01_frame/296.jpg 152 240 126 648 402 392 568 916 882 616 790 288 226 150 434 184
videos.hw01/01_frame/297.jpg 400 246 330 888 764 1006 662 1620 900 624 1568 810 248 182 860 522
videos.hw01/01_frame/298.jpg 16 94 268 820 432 538 668 1088 658 432 572 688 180 280 340 216
videos.hw01/01_frame/299.jpg 278 190 256 560 368 436 444 912 490 406 982 208 142 88 624 588
videos.hw01/01_frame/300.jpg 162 456 204 412 380 414 492 1282 642 526 636 370 170 236 872 182
videos.hw01/01_frame/301.jpg 172 258 204 612 468 340 330 1314 646 382 706 954 432 102 772 100
videos.hw01/01_frame/302.jpg 266 142 498 566 528 402 552 1102 706 478 412 758 354 366 654 288
videos.hw01/01_frame/303.jpg 226 74 394 392 522 356 472 1010 600 330 582 314 626 218 490 8
videos.hw01/01_frame/304.jpg 306 308 680 628 680 494 444 836 722 212 492 414 730 220 974 438
videos.hw01/01_frame/305.jpg 968 240 636 752 872 426 602 1162 818 618 710 1124 352 532 644 548
videos.hw01/01_frame/306.jpg 190 348 238 592 562 418 398 1536 674 478 526 526 430 286 482 68
videos.hw01/01_frame/307.jpg 0 0 0 0 0 0 32 0 0 146 316 0 0 18 14 0
videos.hw01/01_frame/308.jpg 672 104 286 420 554 290 1008 1188 640 214 392 1144 330 250 246 366
videos.hw01/01_frame/309.jpg 476 282 674 760 524 476 968 2030 870 422 608 1698 370 464 406 92
videos.hw01/01_frame/310.jpg 26 114 270 604 386 296 466 1244 374 246 418 986 268 74 138 24
videos.hw01/01_frame/311.jpg 0 0 88 574 450 260 318 848 296 146 296 834 270 88 36 92
videos.hw01/01_frame/312.jpg 156 196 562 792 508 302 552 724 420 440 542 918 214 298 270 564
videos.hw01/01_frame/313.jpg 4 178 186 302 500 334 386 820 396 340 474 460 6 20 282 142
videos.hw01/01_frame/314.jpg 180 62 66 344 408 374 446 922 282 240 464 496 182 80 228 312
videos.hw01/01_frame/315.jpg 26 120 152 416 242 430 294 718 424 326 376 192 124 2 382 80
videos.hw01/01_frame/316.jpg 0 114 212 340 370 360 934 920 452 354 368 432 160 112 218 196
videos.hw01/01_frame/317.jpg 18 124 150 266 312 260 600 1520 436 510 314 754 74 78 224 200
videos.hw01/01_frame/318.jpg 36 26 378 388 334 266 372 880 482 352 400 630 80 88 582 230
videos.hw01/01_frame/319.jpg 0 6 50 22 240 102 246 194 498 146 200 212 0 14 118 2
videos.hw01/01_frame/320.jpg 108 84 320 504 442 404 636 1290 490 566 736 628 140 218 870 518
videos.hw01/01_frame/321.jpg 402 238 414 616 632 458 858 1272 890 474 970 1992 564 276 468 832
videos.hw01/01_frame/322.jpg 72 172 252 410 338 432 462 1604 670 490 858 1018 266 90 260 718
videos.hw01/01_frame/323.jpg 298 290 600 562 546 300 956 1478 594 384 822 940 348 218 620 808
videos.hw01/01_frame/324.jpg 0 28 162 700 312 344 940 970 532 360 494 1010 128 62 152 378
videos.hw01/01_frame/325.jpg 2 216 460 376 410 426 694 1236 546 576 500 1128 140 64 396 226
videos.hw01/01_frame/326.jpg 288 78 178 104 192 160 194 98 20 60 280 246 104 52 108 130
videos.hw01/01_frame/327.jpg 1390 398 1104 584 982 584 856 1164 798 438 798 1034 738 48 1056 420
videos.hw01/01_frame/328.jpg 4374 7522 8124 5888 6002 7636 7192 5462 5790 7710 7690 4912 4290 6710 7804 2786
videos.hw01/01_frame/329.jpg 1714 732 3184 1726 614 776 1752 1326 734 516 1018 1972 1664 1036 1402 722
videos.hw01/01_frame/330.jpg 450 496 2042 808 460 410 304 430 634 358 600 376 414 596 458 304
videos.hw01/01_frame/331.jpg 26 134 256 766 208 286 366 162 0 60 200 206 0 42 396 224
videos.hw01/01_frame/332.jpg 646 544 1458 710 428 384 370 414 202 96 364 48 62 440 210 0
videos.hw01/01_frame/333.jpg 836 524 1654 1156 572 494 736 732 590 348 770 456 648 394 740 582
videos.hw01/01_frame/334.jpg 826 506 1130 602 450 526 1190 1344 624 402 516 368 458 536 740 296
videos.hw01/01_frame/335.jpg 732 606 1766 402 538 556 1020 574 412 304 374 372 496 672 740 192
videos.hw01/01_frame/336.jpg 724 496 302 364 562 380 354 28 288 242 346 378 430 374 450 244
videos.hw01/01_frame/337.jpg 610 418 1404 626 470 520 494 660 504 278 394 122 292 438 240 142
videos.hw01/01_frame/338.jpg 750 538 654 386 552 536 1110 342 372 264 598 358 288 610 354 54
videos.hw01/01_frame/339.jpg 688 372 596 270 602 372 588 156 368 296 706 348 482 586 428 182
videos.hw01/01_frame/340.jpg 606 318 610 1190 594 422 716 330 614 346 640 182 428 696 508 456
videos.hw01/01_frame/341.jpg 442 820 964 360 416 542 446 424 486 472 650 526 646 442 194 74
videos.hw01/01_frame/342.jpg 672 452 1018 1272 474 506 370 750 566 414 586 702 334 564 664 478
videos.hw01/01_frame/343.jpg 22 218 898 720 42 206 82 340 74 106 176 298 68 226 506 362
videos.hw01/01_frame/344.jpg 596 636 1260 534 556 424 542 1170 534 324 654 298 510 388 424 44
videos.hw01/01_frame/345.jpg 844 690 1278 1180 1036 636 920 892 864 300 1114 894 424 652 704 608
videos.hw01/01_frame/346.jpg 610 340 1024 1020 520 528 748 746 440 296 498 416 388 410 230 450
videos.hw01/01_frame/347.jpg 594 892 1298 832 682 464 706 772 414 192 520 412 262 664 792 534
videos.hw01/01_frame/348.jpg 404 306 180 598 408 476 232 94 506 222 240 100 384 642 218 0
videos.hw01/01_frame/349.jpg 718 686 904 786 454 548 1136 548 550 354 758 508 454 454 498 570
videos.hw01/01_frame/350.jpg 580 238 628 306 640 414 400 766 316 342 302 292 292 224 400 400
videos.hw01/01_frame/351.jpg 98 130 202 4 102 98 98 0 274 6 0 0 44 0 0 0
videos.hw01/01_frame/352.jpg 666 252 236 490 384 250 438 878 438 286 168 376 180 344 232 202
videos.hw01/01_frame/353.jpg 854 796 1342 1128 548 614 1140 1464 540 314 744 570 524 418 708 336
videos.hw01/01_frame/354.jpg 494 364 644 528 432 388 458 694 318 322 502 328 360 152 332 410
videos.hw01/01_frame/355.jpg 280 94 252 442 8 182 358 362 170 124 146 248 4 52 82 222
videos.hw01/01_frame/356.jpg 334 212 204 496 290 290 166 734 272 352 416 452 114 200 484 136
videos.hw01/01_frame/357.jpg 656 586 638 678 872 508 1026 728 616 348 476 616 470 606 688 306
videos.hw01/01_frame/358.jpg 518 436 794 150 458 216 622 380 312 258 416 182 388 284 92 120
videos.hw01/01_frame/359.jpg 334 298 532 514 588 244 616 622 306 264 504 252 202 208 700 262
videos.hw01/01_frame/360.jpg 380 510 740 496 526 276 582 1202 290 306 336 250 116 210 446 170
videos.hw01/01_frame/361.jpg 194 208 196 292 204 134 0 382 116 84 40 74 74 46 224 62
videos.hw01/01_frame/362.jpg 734 272 386 524 368 292 674 742 390 224 356 224 384 222 398 294
videos.hw01/01_frame/363.jpg 5570 7412 8880 6078 5876 8408 7774 4994 6658 7920 7764 5022 4498 7602 7150 2718
videos.hw01/01_frame/364.jpg 344 314 388 806 746 556 548 358 814 710 702 954 284 150 364 398
videos.hw01/01_frame/365.jpg 248 128 268 766 638 494 906 548 514 314 492 542 870 128 294 226
videos.hw01/01_frame/366.jpg 392 396 340 610 682 492 936 696 456 422 378 656 314 368 270 288
videos.hw01/01_frame/367.jpg 0 156 132 18 4 110 218 458 0 80 102 130 0 44 110 154
videos.hw01/01_frame/368.jpg 284 196 612 622 526 396 726 1280 746 548 700 972 484 490 552 400
videos.hw01/01_frame/369.jpg 634 270 522 1308 758 394 460 1918 674 378 842 764 784 794 716 386
videos.hw01/01_frame/370.jpg 440 374 340 252 926 366 468 1770 560 822 410 1008 572 236 920 286
videos.hw01/01_frame/371.jpg 156 492 446 784 860 380 1116 1112 484 348 440 906 242 432 364 228
videos.hw01/01_frame/372.jpg 334 202 638 1150 700 348 466 826 956 774 570 1080 494 246 590 308
videos.hw01/01_frame/373.jpg 76 682 380 638 398 400 606 1270 628 398 704 1642 438 292 440 396
videos.hw01/01_frame/374.jpg 148 180 482 520 598 382 626 1154 394 372 776 1440 332 224 426 448
videos.hw01/01_frame/375.jpg 376 616 372 1284 586 492 406 892 490 402 854 1106 122 242 662 646
videos.hw01/01_frame/376.jpg 282 600 356 686 676 408 670 558 420 510 544 620 220 314 546 198
videos.hw01/01_frame/377.jpg 278 350 418 698 458 240 676 500 688 362 518 562 228 270 446 172
videos.hw01/01_frame/378.jpg 798 98 420 742 774 424 728 854 904 368 590 998 570 590 672 746
videos.hw01/01_frame/379.jpg 310 70 376 556 78 82 308 132 146 162 442 270 96 228 348 134
videos.hw01/01_frame/380.jpg 574 128 552 460 516 468 696 746 388 372 482 1272 240 462 664 144
videos.hw01/01_frame/381.jpg 346 394 1006 1104 596 884 1136 2436 1150 704 708 2466 400 438 574 718
videos.hw01/01_frame/382.jpg 446 252 1022 534 782 332 534 2202 792 450 604 1398 378 482 614 458
videos.hw01/01_frame/383.jpg 558 226 336 360 482 342 452 476 394 480 606 806 474 230 514 260
videos.hw01/01_frame/384.jpg 482 304 260 366 498 314 402 458 480 388 712 324 260 282 506 444
videos.hw01/01_frame/385.jpg 428 710 708 496 418 444 378 676 428 452 658 686 578 382 828 296
videos.hw01/01_frame/386.jpg 324 450 386 212 606 282 476 524 436 420 322 338 74 342 288 310
videos.hw01/01_frame/387.jpg 574 242 460 378 642 208 394 932 284 354 444 640 366 124 646 16
videos.hw01/01_frame/388.jpg 370 98 330 352 462 380 374 418 542 260 502 374 334 222 418 578
videos.hw01/01_frame/389.jpg 306 138 320 326 434 214 548 1780 444 512 638 446 336 414 320 236
videos.hw01/01_frame/390.jpg 294 352 178 258 448 322 388 1588 352 220 332 1208 254 122 214 138
videos.hw01/01_frame/391.jpg 0 32 84 294 0 58 212 182 0 76 100 42 0 118 288 22
videos.hw01/01_frame/392.jpg 320 106 214 506 650 428 900 1460 518 502 378 850 226 230 372 810
videos.hw01/01_frame/393.jpg 488 558 170 762 594 496 662 1682 508 426 920 1734 560 390 352 306
videos.hw01/01_frame/394.jpg 378 334 706 218 320 470 322 1156 496 376 602 816 550 242 380 324
videos.hw01/01_frame/395.jpg 226 152 558 160 316 484 372 1064 588 404 502 1060 234 142 418 288
videos.hw01/01_frame/396.jpg 620 462 340 668 648 354 308 854 546 334 324 962 502 36 302 372
videos.hw01/01_frame/397.jpg 402 60 264 266 606 250 252 638 298 444 670 806 358 116 426 90
videos.hw01/01_frame/398.jpg 504 210 640 750 630 244 280 600 370 296 578 626 496 142 300 302
videos.hw01/01_frame/399.jpg 1164 486 322 756 1136 518 1178 1820 830 538 658 1072 574 202 528 722
videos.hw01/01_frame/400.jpg 304 164 374 394 280 210 736 782 438 402 280 776 208 132 170 58
videos.hw01/01_frame/401.jpg 204 238 252 452 664 322 832 754 696 522 424 588 600 208 476 442
videos.hw01/01_frame/402.jpg 470 22 358 350 294 294 380 606 508 342 550 680 514 180 146 180
videos.hw01/01_frame/403.jpg 0 0 50 296 0 62 120 112 0 52 36 142 0 0 76 70
videos.hw01/01_frame/404.jpg 172 8 252 418 520 238 386 944 452 434 474 752 130 36 266 86
videos.hw01/01_frame/405.jpg 264 386 616 606 516 326 952 1500 380 480 502 1122 428 170 380 476
videos.hw01/01_frame/406.jpg 258 96 254 356 708 344 632 702 448 394 542 728 280 122 208 214
videos.hw01/01_frame/407.jpg 0 0 0 0 312 52 0 0 270 108 0 0 0 0 0 0
videos.hw01/01_frame/408.jpg 84 114 254 312 490 344 866 1052 356 356 334 588 202 202 542 222
videos.hw01/01_frame/409.jpg 416 570 632 1066 784 372 2056 2456 1208 592 1062 1036 422 254 656 836
videos.hw01/01_frame/410.jpg 22 36 134 36 416 400 302 1650 334 412 364 1192 158 104 300 102
videos.hw01/01_frame/411.jpg 116 38 0 122 284 306 326 1804 666 298 256 1472 2 24 138 62
videos.hw01/01_frame/412.jpg 62 16 94 634 662 496 296 2072 748 296 408 1416 50 94 222 162
videos.hw01/01_frame/413.jpg 88 0 166 796 376 318 604 1544 642 256 400 1082 34 4 200 140
videos.hw01/01_frame/414.jpg 260 88 172 674 470 178 358 1686 586 240 738 1082 272 86 306 598
videos.hw01/01_frame/415.jpg 0 132 54 220 0 242 112 74 6 24 118 108 0 0 134 54
videos.hw01/01_frame/416.jpg 306 112 198 594 380 482 618 1422 666 294 826 906 250 270 286 212
videos.hw01/01_frame/417.jpg 522 476 382 870 640 474 804 2030 774 542 630 1316 610 340 444 652
videos.hw01/01_frame/418.jpg 0 466 172 80 0 138 290 88 0 100 168 120 0 144 142 110
videos.hw01/01_frame/419.jpg 338 602 502 698 458 762 600 1298 750 366 882 940 872 676 198 350
videos.hw01/01_frame/420.jpg 3494 3878 4444 4554 4690 7186 5354 7546 6998 8066 5578 5830 7156 8420 6108 5074
videos.hw01/01_frame/421.jpg 730 810 1028 904 656 1262 824 718 1448 728 1152 432 2600 1876 744 838
videos.hw01/01_frame/422.jpg 940 672 570 780 628 934 1058 524 1506 868 1174 528 776 1446 1084 602
videos.hw01/01_frame/423.jpg 596 374 492 856 330 498 690 838 656 1162 820 790 724 1210 764 644
videos.hw01/01_frame/424.jpg 332 176 488 502 320 618 842 574 772 786 854 394 914 946 658 372
videos.hw01/01_frame/425.jpg 40 28 0 56 218 234 168 64 270 340 298 54 32 370 200 72
videos.hw01/01_frame/426.jpg 490 400 370 708 488 536 802 530 776 894 844 560 760 660 708 250
videos.hw01/01_frame/427.jpg 1276 568 346 648 556 648 980 560 810 964 988 974 328 972 710 438
videos.hw01/01_frame/428.jpg 760 386 332 754 564 770 1048 610 938 1076 822 1142 438 610 920 516
videos.hw01/01_frame/429.jpg 902 464 744 924 486 726 906 1396 722 1260 852 906 998 906 446 236
videos.hw01/01_frame/430.jpg 380 238 388 976 458 928 872 510 312 976 834 328 760 700 734 184
videos.hw01/01_frame/431.jpg 542 354 574 1124 636 934 1212 1074 1524 1134 664 996 1990 1044 516 354
videos.hw01/01_frame/432.jpg 196 166 184 290 304 560 286 204 502 694 466 456 48 644 678 282
videos.hw01/01_frame/433.jpg 740 488 224 288 452 914 804 570 1102 758 864 728 302 1194 810 168
videos.hw01/01_frame/434.jpg 672 702 218 400 870 730 604 868 1070 1202 644 312 996 1008 638 178
videos.hw01/01_frame/435.jpg 464 284 924 676 788 744 564 958 1006 1082 820 570 1518 1076 696 312
videos.hw01/01_frame/436.jpg 896 298 516 734 808 824 744 724 866 1286 590 526 1024 1206 682 176
videos.hw01/01_frame/437.jpg 618 256 306 422 856 790 638 408 1258 1402 752 598 1006 1040 614 382
videos.hw01/01_frame/438.jpg 728 526 602 582 592 620 424 510 1640 808 730 136 1092 654 482 490
videos.hw01/01_frame/439.jpg 0 62 256 266 0 198 376 138 70 670 228 218 0 526 114 182
videos.hw01/01_frame/440.jpg 734 232 172 490 490 490 748 340 684 1186 480 514 372 686 516 368
videos.hw01/01_frame/441.jpg 506 630 1014 956 658 704 872 1850 916 1138 652 908 2036 1032 602 376
videos.hw01/01_frame/442.jpg 556 360 624 764 366 568 566 238 774 542 496 584 1050 694 674 382
videos.hw01/01_frame/443.jpg 794 376 442 694 376 682 378 250 478 434 484 520 424 628 510 266
videos.hw01/01_frame/444.jpg 660 252 556 784 388 568 508 292 598 534 358 488 310 1508 316 246
videos.hw01/01_frame/445.jpg 0 164 144 142 0 0 482 122 92 182 170 398 104 500 198 98
videos.hw01/01_frame/446.jpg 798 412 610 642 468 762 818 390 532 586 492 550 596 702 476 454
videos.hw01/01_frame/447.jpg 748 362 690 1098 512 688 590 668 794 864 574 344 692 762 528 232
videos.hw01/01_frame/448.jpg 622 482 418 870 394 838 454 946 244 492 524 638 754 432 616 378
videos.hw01/01_frame/449.jpg 666 526 400 1374 620 1296 714 694 868 1258 1024 1056 1326 874 622 388
videos.hw01/01_frame/450.jpg 0 0 88 202 0 14 56 102 0 138 200 184 0 144 206 50
videos.hw01/01_frame/451.jpg 576 354 752 652 676 784 608 646 944 952 926 744 396 748 520 252
videos.hw01/01_frame/452.jpg 1008 458 670 854 470 956 538 652 986 1010 1176 866 998 1266 644 422
videos.hw01/01_frame/453.jpg 1016 506 478 572 766 924 722 506 1240 1134 764 682 1650 962 830 354
videos.hw01/01_frame/454.jpg 1070 574 986 862 958 1178 1046 652 1206 848 1016 1170 1750 1046 720 968
videos.hw01/01_frame/455.jpg 830 304 480 294 528 430 292 134 222 494 330 378 30 452 228 74
videos.hw01/01_frame/456.jpg 986 734 814 676 672 1056 646 784 1192 882 790 700 1446 688 596 490
videos.hw01/01_frame/457.jpg 592 522 894 1076 842 1294 1042 752 898 1522 930 934 1828 1826 824 568
videos.hw01/01_frame/458.jpg 852 532 486 676 734 798 656 934 736 850 848 904 1094 830 446 332
videos.hw01/01_frame/459.jpg 742 452 744 668 628 666 842 1114 884 880 1018 376 284 524 356 470
videos.hw01/01_frame/460.jpg 828 478 734 780 472 1008 1170 548 840 946 774 746 642 700 462 610
videos.hw01/01_frame/461.jpg 670 702 526 398 460 878 1216 260 632 746 596 396 412 452 524 518
videos.hw01/01_frame/462.jpg 754 392 592 364 778 866 1718 494 824 834 806 490 1446 686 658 184
videos.hw01/01_frame/463.jpg 0 66 66 312 0 264 210 78 8 280 318 190 0 248 246 254
videos.hw01/01_frame/464.jpg 782 288 908 770 806 1172 712 564 674 846 774 554 948 908 720 310
videos.hw01/01_frame/465.jpg 642 500 496 728 1070 1434 1358 580 790 978 834 846 1770 1006 762 484
videos.hw01/01_frame/466.jpg 636 374 472 636 738 974 1296 676 682 1048 688 570 532 736 492 484
videos.hw01/01_frame/467.jpg 620 372 266 150 596 758 544 224 774 708 498 230 834 628 428 174
videos.hw01/01_frame/468.jpg 1108 662 862 154 426 1286 770 334 568 958 578 530 624 818 338 120
videos.hw01/01_frame/469.jpg 688 776 576 192 352 892 958 268 420 510 204 144 196 448 182 140
videos.hw01/01_frame/470.jpg 324 352 124 82 302 180 304 68 388 224 58 12 4 124 10 0
videos.hw01/01_frame/471.jpg 596 710 924 858 432 672 1228 446 714 1084 648 450 350 656 362 148
videos.hw01/01_frame/472.jpg 706 650 628 436 604 952 826 922 650 888 690 586 526 636 514 104
videos.hw01/01_frame/473.jpg 802 1636 1572 540 436 1208 680 814 1908 1310 604 488 4148 2532 798 452
videos.hw01/01_frame/474.jpg 3496 4882 4748 5578 5718 6110 4804 4900 7384 7652 5250 5248 6874 8576 6078 5238
videos.hw01/01_frame/475.jpg 0 8 72 124 0 26 164 406 0 42 162 60 0 172 246 328
videos.hw01/01_frame/476.jpg 946 264 464 958 1168 556 756 1164 752 474 650 736 348 250 452 1100
videos.hw01/01_frame/477.jpg 720 274 538 926 922 288 826 1182 564 532 306 340 618 302 210 268
videos.hw01/01_frame/478.jpg 210 86 306 216 362 208 380 742 312 218 410 422 114 48 308 126
videos.hw01/01_frame/479.jpg 222 218 244 564 410 358 714 906 442 348 536 656 78 156 138 116
videos.hw01/01_frame/480.jpg 148 114 470 680 390 354 450 662 418 484 324 428 336 40 306 48
videos.hw01/01_frame/481.jpg 136 192 544 604 404 250 1024 800 422 336 218 424 302 212 264 18
videos.hw01/01_frame/482.jpg 86 322 428 1072 572 286 942 794 388 432 442 516 368 324 382 64
videos.hw01/01_frame/483.jpg 268 294 540 886 460 286 744 676 572 376 378 766 138 418 474 24
videos.hw01/01_frame/484.jpg 268 260 384 772 732 324 544 1038 446 514 546 266 464 416 282 158
videos.hw01/01_frame/485.jpg 48 630 396 706 696 408 572 660 464 660 280 422 152 310 430 246
videos.hw01/01_frame/486.jpg 216 180 210 472 606 366 570 364 622 368 394 342 276 148 244 82
videos.hw01/01_frame/487.jpg 0 182 212 354 0 64 258 356 0 146 168 48 0 192 262 14
videos.hw01/01_frame/488.jpg 280 170 410 540 534 246 402 380 590 378 338 316 224 226 312 30
videos.hw01/01_frame/489.jpg 370 236 640 910 518 582 1092 868 600 876 432 576 562 224 476 376
videos.hw01/01_frame/490.jpg 352 130 784 736 824 296 638 550 506 462 284 570 578 380 484 276
videos.hw01/01_frame/491.jpg 368 350 522 496 750 252 716 718 986 470 436 278 608 134 328 156
videos.hw01/01_frame/492.jpg 1022 198 410 1106 536 410 542 734 512 584 486 476 488 162 462 538
videos.hw01/01_frame/493.jpg 194 482 518 774 492 364 512 774 636 568 308 140 288 218 230 648
videos.hw01/01_frame/494.jpg 166 232 418 848 600 384 506 400 432 412 412 100 592 112 194 60
videos.hw01/01_frame/495.jpg 1164 152 448 762 702 558 340 526 912 418 328 446 270 214 248 94
videos.hw01/01_frame/496.jpg 372 180 292 794 736 404 448 274 464 430 266 46 192 100 224 4
videos.hw01/01_frame/497.jpg 274 208 350 830 660 300 732 916 368 252 280 274 282 378 266 248
videos.hw01/01_frame/498.jpg 264 210 350 508 510 208 524 776 308 124 202 128 186 250 288 216
videos.hw01/01_frame/499.jpg 0 292 288 72 0 70 144 192 0 26 60 86 0 140 54 92
videos.hw01/01_frame/500.jpg 464 78 522 456 462 204 644 542 322 100 284 238 370 200 174 270
videos.hw01/01_frame/501.jpg 328 522 320 672 556 480 728 976 572 462 308 684 522 294 324 252
videos.hw01/01_frame/502.jpg 4 60 478 494 696 252 626 642 248 482 198 214 120 112 120 12
videos.hw01/01_frame/503.jpg 170 248 266 636 630 248 692 596 494 420 514 354 92 86 246 112
videos.hw01/01_frame/504.jpg 238 20 252 400 704 414 902 706 376 374 392 200 212 48 220 156
videos.hw01/01_frame/505.jpg 26 122 466 478 618 344 698 420 256 474 302 404 126 98 142 156
videos.hw01/01_frame/506.jpg 58 74 188 542 480 406 544 334 226 448 504 402 88 210 208 60
videos.hw01/01_frame/507.jpg 306 184 510 468 692 206 468 506 440 580 556 530 360 208 242 454
videos.hw01/01_frame/508.jpg 664 310 786 508 714 442 520 990 702 382 608 374 362 322 372 316
videos.hw01/01_frame/509.jpg 80 44 312 714 604 294 588 302 540 306 224 70 406 54 62 256
videos.hw01/01_frame/510.jpg 612 530 420 852 612 282 656 442 786 474 502 498 524 168 432 446
videos.hw01/01_frame/511.jpg 8 216 200 504 12 116 310 348 124 312 252 178 132 100 152 314
videos.hw01/01_frame/512.jpg 366 362 328 744 576 284 818 868 508 578 418 338 498 84 206 480
videos.hw01/01_frame/513.jpg 604 314 550 1404 940 314 1294 896 756 406 456 648 98 152 708 298
videos.hw01/01_frame/514.jpg 170 184 258 556 428 342 392 436 262 394 184 274 184 306 64 174
videos.hw01/01_frame/515.jpg 176 34 348 506 538 436 490 304 466 310 486 24 194 212 230 0
videos.hw01/01_frame/516.jpg 268 108 436 676 590 442 516 272 512 628 644 482 446 160 666 230
videos.hw01/01_frame/517.jpg 128 202 278 554 402 388 368 384 260 342 322 434 66 126 156 116
videos.hw01/01_frame/518.jpg 302 110 294 334 536 366 520 752 522 364 250 438 64 44 198 110
videos.hw01/01_frame/519.jpg 164 52 286 184 550 248 636 492 462 350 400 298 310 30 600 44
videos.hw01/01_frame/520.jpg 140 56 144 348 422 366 858 474 316 328 246 234 50 100 202 16
videos.hw01/01_frame/521.jpg 148 48 130 80 210 270 532 134 270 314 324 80 82 18 10 0
videos.hw01/01_frame/522.jpg 58 136 208 280 432 330 480 150 306 244 290 92 88 56 596 164
videos.hw01/01_frame/523.jpg 0 282 74 218 42 100 182 14 0 40 122 32 0 2 460 80
videos.hw01/01_frame/524.jpg 520 274 794 582 688 366 576 568 562 398 478 330 412 250 634 510
videos.hw01/01_frame/525.jpg 298 204 248 248 614 466 718 592 518 298 496 402 370 226 752 60
videos.hw01/01_frame/526.jpg 374 506 426 798 430 428 598 498 414 246 542 896 260 132 282 342
videos.hw01/01_frame/527.jpg 354 54 214 474 630 314 294 354 646 270 400 342 446 134 634 284
videos.hw01/01_frame/528.jpg 886 368 228 396 596 360 476 682 660 248 532 420 952 178 728 184
videos.hw01/01_frame/529.jpg 522 408 410 590 546 222 260 356 826 510 224 84 100 214 174 0
videos.hw01/01_frame/530.jpg 216 32 234 740 590 276 348 490 408 290 420 66 224 46 88 98
videos.hw01/01_frame/531.jpg 462 274 406 444 652 272 432 540 580 254 626 410 462 148 278 190
videos.hw01/01_frame/532.jpg 36 208 412 754 334 332 628 526 350 240 220 264 174 70 328 124
videos.hw01/01_frame/533.jpg 318 160 376 606 538 348 688 698 316 398 450 304 356 82 482 114
videos.hw01/01_frame/534.jpg 84 94 340 854 170 274 508 628 438 60 104 44 226 118 202 4
videos.hw01/01_frame/535.jpg 0 88 260 348 0 134 362 350 194 72 134 116 2 106 92 192
videos.hw01/01_frame/536.jpg 138 52 334 1052 382 370 788 534 374 164 262 160 104 142 230 192
videos.hw01/01_frame/537.jpg 300 130 650 1106 400 478 968 1154 536 292 422 916 358 192 632 572
videos.hw01/01_frame/538.jpg 200 72 302 542 346 326 422 816 556 234 240 298 354 98 80 64
videos.hw01/01_frame/539.jpg 274 124 228 298 400 288 464 346 680 336 500 160 74 114 356 90
videos.hw01/01_frame/540.jpg 192 202 256 538 442 264 566 428 410 400 320 238 140 190 444 22
videos.hw01/01_frame/541.jpg 146 136 224 604 418 218 638 404 230 220 484 234 182 152 306 22
videos.hw01/01_frame/542.jpg 164 52 266 610 308 256 956 646 322 262 68 152 48 76 28 0
videos.hw01/01_frame/543.jpg 208 68 356 946 502 264 990 488 666 268 326 408 264 56 304 156
videos.hw01/01_frame/544.jpg 484 172 308 790 718 434 714 726 412 210 576 390 286 44 204 118
videos.hw01/01_frame/545.jpg 454 54 254 662 500 294 932 1084 418 344 360 162 268 52 238 24
videos.hw01/01_frame/546.jpg 336 598 370 902 676 316 1048 1116 698 274 410 612 402 434 442 482
videos.hw01/01_frame/547.jpg 0 206 136 250 0 82 344 154 0 212 170 136 0 148 454 432
videos.hw01/01_frame/548.jpg 324 88 284 916 594 534 504 604 550 260 236 282 492 94 444 478
videos.hw01/01_frame/549.jpg 464 350 534 1046 660 746 1008 1436 542 532 450 454 690 512 724 242
videos.hw01/01_frame/550.jpg 424 134 282 708 464 356 924 768 408 196 276 440 578 198 102 228
videos.hw01/01_frame/551.jpg 84 32 284 616 494 362 900 642 424 270 392 228 2 140 44 6
videos.hw01/01_frame/552.jpg 92 204 268 566 548 350 1186 470 566 346 316 740 276 152 112 62
videos.hw01/01_frame/553.jpg 450 300 510 588 580 300 1040 1338 484 292 294 394 30 96 152 40
videos.hw01/01_frame/554.jpg 104 118 350 388 676 354 626 704 540 488 428 320 184 260 290 228
videos.hw01/01_frame/555.jpg 244 54 152 362 336 258 536 308 108 210 392 144 244 196 148 24
videos.hw01/01_frame/556.jpg 12 96 302 450 496 388 786 570 354 380 272 288 52 134 304 28
videos.hw01/01_frame/557.jpg 78 32 434 500 334 278 714 430 420 310 270 100 0 230 112 60
videos.hw01/01_frame/558.jpg 282 146 346 488 540 250 1596 512 498 346 192 278 548 116 70 4
videos.hw01/01_frame/559.jpg 0 44 254 94 0 266 136 120 48 66 138 44 0 66 10 4
videos.hw01/01_frame/560.jpg 78 214 578 860 566 406 1244 652 538 198 306 312 108 116 278 4
videos.hw01/01_frame/561.jpg 192 118 640 604 636 854 1060 956 942 550 550 718 284 278 254 292
videos.hw01/01_frame/562.jpg 334 230 288 460 204 328 648 1200 402 272 558 492 290 338 338 276
videos.hw01/01_frame/563.jpg 398 164 446 590 398 398 664 462 402 302 464 260 172 268 468 100
videos.hw01/01_frame/564.jpg 412 312 310 470 712 416 478 1080 926 316 266 172 646 592 284 118
videos.hw01/01_frame/565.jpg 200 242 274 368 544 338 546 782 256 296 384 326 6 134 234 0
videos.hw01/01_frame/566.jpg 220 324 518 530 526 350 776 788 500 548 392 270 312 248 94 280
videos.hw01/01_frame/567.jpg 310 606 312 854 510 252 648 478 388 206 162 188 366 254 150 304
videos.hw01/01_frame/568.jpg 166 62 398 734 492 308 694 572 456 310 284 132 0 116 246 0
videos.hw01/01_frame/569.jpg 194 166 452 832 548 238 582 622 710 272 548 170 352 332 254 84
videos.hw01/01_frame/570.jpg 220 146 248 596 292 216 450 294 350 288 360 266 112 226 106 28
videos.hw01/01_frame/571.jpg 0 74 154 292 0 66 156 356 0 86 58 76 0 100 178 2
videos.hw01/01_frame/572.jpg 264 360 334 558 286 278 368 894 304 276 394 1286 244 222 306 164
videos.hw01/01_frame/573.jpg 374 316 614 424 524 394 740 512 560 310 536 458 368 218 444 534
videos.hw01/01_frame/574.jpg 474 184 496 398 492 228 1132 584 238 210 170 376 352 128 276 134
videos.hw01/01_frame/575.jpg 204 54 280 302 356 206 384 516 142 112 198 172 120 64 14 46
videos.hw01/01_frame/576.jpg 488 280 394 608 454 396 652 470 404 182 398 572 110 154 196 262
videos.hw01/01_frame/577.jpg 64 14 316 236 340 368 318 1368 254 310 482 380 0 108 112 4
videos.hw01/01_frame/578.jpg 86 62 372 640 296 364 640 648 532 396 416 558 10 8 220 228
videos.hw01/01_frame/579.jpg 304 12 162 366 208 78 192 162 154 246 202 288 134 24 54 110
videos.hw01/01_frame/580.jpg 232 256 698 604 440 382 772 634 476 248 566 460 44 80 204 324
videos.hw01/01_frame/581.jpg 6588 6758 5416 5158 7358 6786 6746 6618 2804 4024 6262 5350 1664 5372 4252 4174
videos.hw01/01_frame/582.jpg 686 574 488 1230 788 248 282 986 464 496 412 704 702 668 592 1080
videos.hw01/01_frame/583.jpg 252 176 106 332 392 132 56 254 228 358 272 78 452 376 408 226
videos.hw01/01_frame/584.jpg 296 224 134 490 370 140 58 350 236 426 210 370 690 312 406 352
videos.hw01/01_frame/585.jpg 316 416 260 734 400 208 262 520 392 628 514 432 424 490 574 696
videos.hw01/01_frame/586.jpg 224 102 8 256 134 46 0 144 462 242 234 52 592 222 406 146
videos.hw01/01_frame/587.jpg 192 144 78 88 228 116 122 130 258 520 568 238 664 430 404 256
videos.hw01/01_frame/588.jpg 0 62 78 122 32 24 32 56 154 308 204 138 176 268 170 238
videos.hw01/01_frame/589.jpg 24 118 24 50 76 64 58 172 158 372 262 120 484 392 338 78
videos.hw01/01_frame/590.jpg 134 162 160 222 300 156 86 640 166 320 466 176 308 360 428 166
videos.hw01/01_frame/591.jpg 154 232 260 300 430 246 238 166 204 328 404 276 266 646 414 348
videos.hw01/01_frame/592.jpg 0 156 2 182 68 230 168 264 244 532 492 134 218 314 452 418
videos.hw01/01_frame/593.jpg 200 60 0 14 20 2 16 56 260 326 110 168 230 204 280 484
videos.hw01/01_frame/594.jpg 444 500 432 816 446 248 200 570 368 420 314 394 324 580 580 822
videos.hw01/01_frame/595.jpg 0 112 62 36 0 46 68 88 176 82 220 26 54 266 64 16
videos.hw01/01_frame/596.jpg 8 86 80 40 156 48 48 52 336 208 240 12 194 246 178 80
videos.hw01/01_frame/597.jpg 500 160 142 1112 328 148 126 676 428 346 318 242 418 396 442 448
videos.hw01/01_frame/598.jpg 348 362 476 664 396 198 112 642 350 458 304 288 470 604 606 428
videos.hw01/01_frame/599.jpg 188 364 130 374 348 216 164 344 364 396 260 312 334 226 452 382
videos.hw01/01_frame/600.jpg 170 72 170 36 70 104 94 320 256 280 152 88 460 216 114 150
videos.hw01/01_frame/601.jpg 212 240 122 188 224 178 108 324 242 314 214 114 402 504 260 342
videos.hw01/01_frame/602.jpg 330 258 208 710 514 148 166 206 224 270 236 192 214 470 300 236
videos.hw01/01_frame/603.jpg 236 328 164 138 362 254 256 412 282 392 216 244 258 366 526 438
videos.hw01/01_frame/604.jpg 170 92 134 72 222 116 42 70 244 332 142 94 176 292 466 2
videos.hw01/01_frame/605.jpg 162 278 168 130 152 234 118 112 210 360 242 64 334 402 266 108
videos.hw01/01_frame/606.jpg 242 238 136 280 230 256 106 580 324 330 168 184 280 336 464 608
videos.hw01/01_frame/607.jpg 118 122 8 0 54 36 2 4 134 252 44 0 62 248 28 0
videos.hw01/01_frame/608.jpg 202 198 140 196 242 168 116 206 218 500 122 166 136 564 290 418
videos.hw01/01_frame/609.jpg 398 326 272 468 494 238 230 310 466 560 272 178 406 522 526 504
videos.hw01/01_frame/610.jpg 358 344 236 162 464 262 140 570 150 422 410 230 418 632 424 720
videos.hw01/01_frame/611.jpg 42 276 70 44 272 142 40 268 74 328 142 230 240 366 120 182
videos.hw01/01_frame/612.jpg 94 372 214 136 172 160 128 230 136 442 218 254 70 400 258 286
videos.hw01/01_frame/613.jpg 118 292 120 66 258 118 126 216 112 320 116 168 196 302 202 200
videos.hw01/01_frame/614.jpg 150 194 26 18 234 28 32 114 230 372 114 192 388 274 74 126
videos.hw01/01_frame/615.jpg 272 442 210 312 668 282 276 384 276 584 192 398 272 692 960 610
videos.hw01/01_frame/616.jpg 164 6 0 14 2 44 98 206 284 310 120 36 30 422 422 114
videos.hw01/01_frame/617.jpg 428 394 194 772 452 106 214 478 444 320 262 294 444 604 762 512
videos.hw01/01_frame/618.jpg 20 100 22 208 150 56 88 348 150 470 288 170 246 244 278 330
videos.hw01/01_frame/619.jpg 204 196 26 146 108 48 14 6 168 302 116 32 306 278 346 340
videos.hw01/01_frame/620.jpg 596 272 176 806 464 242 356 614 232 396 350 498 486 368 1210 440
videos.hw01/01_frame/621.jpg 362 468 282 712 410 322 128 530 366 476 724 316 406 530 1224 528
videos.hw01/01_frame/622.jpg 460 372 188 230 550 370 308 310 268 384 222 498 252 540 408 552
videos.hw01/01_frame/623.jpg 358 266 172 772 304 290 108 310 302 358 236 360 332 318 302 932
videos.hw01/01_frame/624.jpg 134 220 142 98 322 268 334 286 270 384 586 254 862 300 486 326
videos.hw01/01_frame/625.jpg 320 434 432 494 278 302 358 288 62 456 290 194 380 376 310 302
videos.hw01/01_frame/626.jpg 204 266 226 194 224 176 80 658 308 378 180 324 480 364 424 496
videos.hw01/01_frame/627.jpg 0 124 74 202 0 124 154 94 44 238 202 186 14 328 356 250
videos.hw01/01_frame/628.jpg 378 230 66 284 272 188 154 252 110 398 262 192 38 310 480 292
videos.hw01/01_frame/629.jpg 526 614 296 812 440 270 236 674 332 572 432 346 508 618 728 726
videos.hw01/01_frame/630.jpg 90 322 92 344 390 284 82 210 178 576 304 334 310 498 424 240
videos.hw01/01_frame/631.jpg 12 196 0 92 130 78 0 0 74 272 0 2 32 142 42 64
videos.hw01/01_frame/632.jpg 168 236 130 440 256 186 78 178 236 328 142 62 394 360 226 204
videos.hw01/01_frame/633.jpg 468 370 304 542 680 318 212 996 420 448 304 446 884 770 518 472
videos.hw01/01_frame/634.jpg 140 246 80 434 266 126 60 240 256 392 178 272 504 396 516 448
videos.hw01/01_frame/635.jpg 446 334 202 466 564 396 244 650 408 416 464 314 496 480 448 656
videos.hw01/01_frame/636.jpg 44 226 66 214 280 234 102 544 322 548 192 402 522 426 280 390
videos.hw01/01_frame/637.jpg 182 198 38 154 220 166 40 118 320 538 476 114 230 336 332 154
videos.hw01/01_frame/638.jpg 476 454 360 490 726 296 378 850 474 740 244 276 506 744 484 478
videos.hw01/01_frame/639.jpg 244 180 92 280 274 138 18 312 164 508 382 64 342 334 250 306
videos.hw01/01_frame/640.jpg 90 112 100 286 92 100 102 12 352 380 226 26 266 388 218 246
videos.hw01/01_frame/641.jpg 304 240 382 468 314 196 372 480 576 414 510 298 334 374 838 434
videos.hw01/01_frame/642.jpg 0 22 154 220 0 20 46 162 0 190 316 46 0 60 42 196
videos.hw01/01_frame/643.jpg 150 94 76 304 148 76 96 148 174 316 320 50 158 248 74 278
videos.hw01/01_frame/644.jpg 576 488 336 560 1162 232 370 790 370 404 422 350 602 416 880 876
videos.hw01/01_frame/645.jpg 340 318 260 400 432 150 292 588 394 338 574 296 504 460 944 386
videos.hw01/01_frame/646.jpg 306 288 118 448 130 106 204 264 326 314 130 180 166 330 230 260
videos.hw01/01_frame/647.jpg 4 86 118 254 26 40 40 162 334 196 46 106 86 146 168 118
videos.hw01/01_frame/648.jpg 196 164 118 150 336 186 156 238 292 246 444 238 234 354 468 126
videos.hw01/01_frame/649.jpg 8 64 66 114 216 50 52 26 102 262 52 80 34 208 94 26
videos.hw01/01_frame/650.jpg 230 174 150 78 448 124 118 400 256 238 258 156 244 326 518 364
videos.hw01/01_frame/651.jpg 130 368 82 196 116 230 198 210 76 192 86 112 68 164 134 48
videos.hw01/01_frame/652.jpg 114 334 24 76 164 140 0 188 194 122 4 16 38 162 2 48
videos.hw01/01_frame/653.jpg 470 718 456 1264 806 398 198 832 902 594 676 384 898 1562 996 1032
videos.hw01/01_frame/654.jpg 6570 6954 5886 5152 7124 6996 6718 6052 2688 4982 5786 5810 1388 5938 3796 4180
videos.hw01/01_frame/655.jpg 0 0 106 262 0 58 148 44 0 2 34 92 0 102 170 188
videos.hw01/01_frame/656.jpg 486 290 576 638 970 544 632 1382 1258 736 888 1378 668 278 286 514
videos.hw01/01_frame/657.jpg 556 178 292 444 856 160 320 844 428 320 708 1346 394 300 272 504
videos.hw01/01_frame/658.jpg 132 94 120 248 336 236 424 1112 262 182 270 320 176 150 106 8
videos.hw01/01_frame/659.jpg 878 360 366 884 946 412 1092 1308 670 546 776 938 488 458 556 720
videos.hw01/01_frame/660.jpg 72 78 0 630 396 240 162 932 396 316 166 326 126 52 100 152
videos.hw01/01_frame/661.jpg 236 162 78 584 524 350 240 984 472 428 340 378 96 40 182 158
videos.hw01/01_frame/662.jpg 124 20 40 592 566 258 276 832 286 372 224 398 124 70 122 182
videos.hw01/01_frame/663.jpg 146 170 150 462 612 344 292 786 412 392 364 592 218 64 268 450
videos.hw01/01_frame/664.jpg 36 264 206 318 386 318 374 1162 282 264 114 242 298 122 80 82
videos.hw01/01_frame/665.jpg 4 174 112 486 694 360 342 664 362 246 438 310 28 250 132 114
videos.hw01/01_frame/666.jpg 380 118 138 706 476 372 406 806 134 262 324 244 274 222 360 476
videos.hw01/01_frame/667.jpg 0 6 148 408 0 128 96 196 0 46 206 74 0 130 222 300
videos.hw01/01_frame/668.jpg 316 232 172 448 640 344 354 712 268 342 450 596 80 74 154 636
videos.hw01/01_frame/669.jpg 354 228 206 728 710 410 372 1698 368 320 500 558 302 118 348 578
videos.hw01/01_frame/670.jpg 318 334 178 584 584 326 248 1244 408 216 460 576 436 326 280 582
videos.hw01/01_frame/671.jpg 336 50 604 886 502 302 322 940 302 232 452 270 406 268 220 552
videos.hw01/01_frame/672.jpg 666 478 420 784 956 270 418 1426 592 376 422 248 622 142 614 252
videos.hw01/01_frame/673.jpg 716 524 230 612 1048 426 264 1258 662 258 282 106 304 138 214 102
videos.hw01/01_frame/674.jpg 664 242 264 816 606 404 354 946 664 350 234 248 234 92 308 102
videos.hw01/01_frame/675.jpg 560 66 200 384 378 384 572 1138 466 382 376 274 454 128 276 402
videos.hw01/01_frame/676.jpg 366 138 450 502 518 240 276 728 296 362 326 330 154 136 170 248
videos.hw01/01_frame/677.jpg 234 176 268 608 540 206 456 1224 374 470 238 96 188 102 166 154
videos.hw01/01_frame/678.jpg 262 172 382 940 298 450 252 850 338 326 390 66 274 174 326 228
videos.hw01/01_frame/679.jpg 6 74 120 210 0 86 154 364 56 88 98 28 26 4 210 58
videos.hw01/01_frame/680.jpg 112 190 276 492 204 120 202 560 434 116 306 142 290 44 290 146
videos.hw01/01_frame/681.jpg 530 166 354 884 692 434 468 1438 506 592 314 218 216 414 222 366
videos.hw01/01_frame/682.jpg 68 24 156 764 386 316 370 1136 568 300 270 426 126 76 312 74
videos.hw01/01_frame/683.jpg 50 54 84 648 374 274 480 1092 210 258 278 584 26 10 172 60
videos.hw01/01_frame/684.jpg 298 288 122 714 382 328 726 1024 310 244 252 130 100 62 122 110
videos.hw01/01_frame/685.jpg 26 2 228 674 434 398 660 1086 484 392 322 328 66 120 12 24
videos.hw01/01_frame/686.jpg 388 70 170 750 432 358 610 1414 398 346 448 158 64 100 370 162
videos.hw01/01_frame/687.jpg 4 116 48 536 426 354 344 822 162 374 258 78 138 82 478 142
videos.hw01/01_frame/688.jpg 466 200 266 674 560 308 504 1318 488 302 398 284 524 212 442 518
videos.hw01/01_frame/689.jpg 420 234 238 640 570 410 358 702 560 314 356 202 334 128 298 154
videos.hw01/01_frame/690.jpg 650 56 316 904 494 470 508 852 506 584 262 264 344 220 616 492
videos.hw01/01_frame/691.jpg 180 68 158 428 66 196 150 172 106 242 156 118 44 128 336 764
videos.hw01/01_frame/692.jpg 270 274 344 810 502 580 524 700 536 286 170 194 224 92 480 688
videos.hw01/01_frame/693.jpg 196 370 528 1264 698 594 994 1462 484 636 384 596 432 434 448 652
videos.hw01/01_frame/694.jpg 198 180 190 818 528 330 784 1220 226 172 338 84 206 36 122 458
videos.hw01/01_frame/695.jpg 148 70 196 658 312 202 508 680 64 234 358 420 74 18 260 202
videos.hw01/01_frame/696.jpg 110 148 174 532 362 194 950 450 246 198 278 122 284 136 154 192
videos.hw01/01_frame/697.jpg 304 72 392 484 500 208 534 910 474 284 318 72 224 78 108 236
videos.hw01/01_frame/698.jpg 98 106 154 566 214 274 320 380 272 292 502 16 140 128 160 142
videos.hw01/01_frame/699.jpg 128 48 78 370 338 214 238 284 298 150 116 18 92 52 28 94
videos.hw01/01_frame/700.jpg 168 78 114 652 376 314 514 454 214 294 166 0 0 0 22 28
videos.hw01/01_frame/701.jpg 290 168 206 842 450 322 640 496 344 334 242 100 38 18 56 2
videos.hw01/01_frame/702.jpg 136 40 216 296 598 396 450 642 488 274 270 118 72 104 54 2
videos.hw01/01_frame/703.jpg 0 88 138 192 0 84 578 162 0 74 46 14 6 20 0 10
videos.hw01/01_frame/704.jpg 168 222 172 554 446 338 730 454 324 236 300 136 168 20 0 12
videos.hw01/01_frame/705.jpg 256 72 408 1164 846 462 1612 1108 430 500 518 544 438 120 540 454
videos.hw01/01_frame/706.jpg 0 48 104 418 0 170 190 84 6 48 78 372 4 8 48 50
videos.hw01/01_frame/707.jpg 1224 634 514 816 550 292 478 522 268 288 618 532 288 312 154 180
videos.hw01/01_frame/708.jpg 5346 7510 8930 5948 5918 7892 9038 5458 5422 7946 9376 6446 4928 7160 7092 3528
videos.hw01/01_frame/709.jpg 1898 1674 2000 1236 618 796 876 1328 520 916 1756 712 682 1376 780 1020
videos.hw01/01_frame/710.jpg 460 152 570 608 258 170 458 790 318 104 186 812 414 116 146 726
videos.hw01/01_frame/711.jpg 464 276 392 310 270 218 268 178 336 252 160 302 406 382 82 304
videos.hw01/01_frame/712.jpg 276 220 348 494 210 252 266 674 288 106 296 334 150 182 128 362
videos.hw01/01_frame/713.jpg 308 648 582 822 294 430 392 422 382 274 188 666 252 578 314 668
videos.hw01/01_frame/714.jpg 262 102 236 492 36 226 358 490 114 220 294 518 68 288 364 252
videos.hw01/01_frame/715.jpg 0 64 500 84 0 194 164 20 80 142 134 84 46 88 92 272
videos.hw01/01_frame/716.jpg 222 474 618 338 168 172 850 558 392 168 940 352 164 192 110 446
videos.hw01/01_frame/717.jpg 1382 738 1054 978 368 698 1516 884 606 492 846 726 408 434 436 508
videos.hw01/01_frame/718.jpg 302 354 370 1228 424 286 488 818 342 148 190 350 388 342 148 570
videos.hw01/01_frame/719.jpg 88 74 188 338 82 108 206 530 208 94 114 178 152 256 64 268
videos.hw01/01_frame/720.jpg 334 220 320 1046 272 396 470 668 408 130 222 438 196 336 168 546
videos.hw01/01_frame/721.jpg 166 242 114 398 162 64 592 196 258 94 10 154 162 146 186 300
videos.hw01/01_frame/722.jpg 374 396 1002 568 244 562 296 810 550 364 302 312 226 456 322 876
videos.hw01/01_frame/723.jpg 210 154 314 360 230 92 392 394 222 116 136 160 114 220 28 364
videos.hw01/01_frame/724.jpg 340 492 666 512 312 478 898 752 484 378 518 550 516 488 284 600
videos.hw01/01_frame/725.jpg 366 456 156 404 304 448 240 1288 312 470 150 408 190 370 176 404
videos.hw01/01_frame/726.jpg 796 688 806 1554 552 508 826 712 422 204 466 498 340 430 470 646
videos.hw01/01_frame/727.jpg 0 84 234 200 16 262 522 230 22 74 142 290 6 66 180 396
videos.hw01/01_frame/728.jpg 482 390 252 532 636 390 510 810 386 164 346 362 210 300 306 562
videos.hw01/01_frame/729.jpg 702 438 712 888 438 718 856 1286 494 224 1030 392 530 366 192 578
videos.hw01/01_frame/730.jpg 862 792 882 1214 522 452 948 692 570 408 532 1012 456 420 206 1170
videos.hw01/01_frame/731.jpg 284 102 230 342 276 234 124 652 352 140 176 620 288 460 134 354
videos.hw01/01_frame/732.jpg 310 416 356 272 382 444 396 374 440 402 74 350 434 282 180 374
videos.hw01/01_frame/733.jpg 332 196 392 500 194 466 646 890 286 104 348 316 178 164 214 332
videos.hw01/01_frame/734.jpg 528 376 494 406 198 318 316 812 128 384 412 258 132 428 184 668
videos.hw01/01_frame/735.jpg 212 342 394 372 134 220 1030 416 482 158 250 292 126 386 182 632
videos.hw01/01_frame/736.jpg 274 154 72 408 78 124 528 494 204 158 350 714 306 270 14 256
videos.hw01/01_frame/737.jpg 458 388 596 420 454 326 392 476 550 258 284 726 444 470 108 466
videos.hw01/01_frame/738.jpg 386 312 346 826 184 212 492 572 424 170 220 438 160 402 122 344
videos.hw01/01_frame/739.jpg 0 72 28 334 0 56 250 160 0 182 72 230 2 212 196 42
videos.hw01/01_frame/740.jpg 358 340 438 662 282 204 668 658 378 236 790 410 344 374 228 562
videos.hw01/01_frame/741.jpg 468 568 644 1304 380 504 1280 676 604 418 1298 800 432 556 436 804
videos.hw01/01_frame/742.jpg 938 582 496 1248 678 386 704 446 440 442 994 582 448 508 364 1228
videos.hw01/01_frame/743.jpg 284 0 72 16 176 12 50 66 82 122 232 0 46 0 18 2
videos.hw01/01_frame/744.jpg 528 392 628 1512 438 372 708 1198 298 372 910 694 274 358 302 394
videos.hw01/01_frame/745.jpg 630 416 544 1402 466 334 1202 972 444 300 350 726 482 426 306 800
videos.hw01/01_frame/746.jpg 360 284 566 690 198 242 668 506 118 162 250 246 128 286 268 498
videos.hw01/01_frame/747.jpg 664 284 414 706 458 194 934 272 388 384 528 700 222 204 196 354
videos.hw01/01_frame/748.jpg 270 318 504 430 130 180 516 514 124 282 532 412 416 436 124 204
videos.hw01/01_frame/749.jpg 176 304 480 636 498 298 336 592 194 202 418 512 274 250 184 510
videos.hw01/01_frame/750.jpg 368 456 724 628 162 368 238 462 290 344 366 372 262 552 256 606
videos.hw01/01_frame/751.jpg 0 148 346 148 0 68 168 348 32 230 278 410 0 138 146 304
videos.hw01/01_frame/752.jpg 478 292 360 320 224 294 446 534 162 302 448 632 144 228 156 406
videos.hw01/01_frame/753.jpg 592 448 486 1008 304 622 1718 576 500 372 1426 1212 506 414 330 944
videos.hw01/01_frame/754.jpg 388 310 260 784 298 332 274 458 162 232 310 554 108 186 74 662
videos.hw01/01_frame/755.jpg 390 530 664 790 214 304 414 464 280 228 210 576 228 472 158 678
videos.hw01/01_frame/756.jpg 372 266 414 574 204 190 752 628 188 242 368 614 304 390 316 692
videos.hw01/01_frame/757.jpg 274 324 476 492 40 66 204 780 280 118 222 292 200 92 90 238
videos.hw01/01_frame/758.jpg 370 432 546 590 180 360 980 658 422 212 356 688 292 362 390 852
videos.hw01/01_frame/759.jpg 216 320 202 406 86 38 354 488 260 208 350 602 140 232 158 202
videos.hw01/01_frame/760.jpg 282 594 430 986 450 184 342 334 330 398 376 712 380 248 166 618
videos.hw01/01_frame/761.jpg 478 518 484 466 472 480 804 610 482 382 592 578 234 438 112 354
videos.hw01/01_frame/762.jpg 934 482 1032 1092 482 604 1010 762 528 480 1240 1252 546 672 740 866
videos.hw01/01_frame/763.jpg 32 184 138 234 86 226 10 378 18 108 260 698 4 164 64 296
videos.hw01/01_frame/764.jpg 412 274 414 312 560 226 362 714 210 138 266 742 302 244 158 196
videos.hw01/01_frame/765.jpg 672 582 1078 686 506 536 714 570 448 462 1290 746 310 288 586 560
videos.hw01/01_frame/766.jpg 580 206 280 740 526 232 580 660 538 176 434 334 318 274 126 436
videos.hw01/01_frame/767.jpg 128 284 0 8 60 40 70 174 70 40 0 0 178 24 4 12
videos.hw01/01_frame/768.jpg 432 190 80 94 172 178 390 586 458 250 204 546 296 156 42 536
videos.hw01/01_frame/769.jpg 6042 7570 8944 7006 6022 8074 8470 5558 6316 8090 8166 5758 5018 7896 7580 3642
videos.hw01/01_frame/770.jpg 426 170 296 416 676 424 358 310 420 488 160 226 304 64 78 308
videos.hw01/01_frame/771.jpg 250 192 188 662 400 294 278 446 302 118 160 482 50 62 82 104
videos.hw01/01_frame/772.jpg 902 460 508 556 680 430 334 1214 544 280 374 704 210 314 184 228
videos.hw01/01_frame/773.jpg 76 56 306 420 148 310 336 292 190 204 76 86 194 96 110 54
videos.hw01/01_frame/774.jpg 236 214 408 718 82 370 536 494 150 310 330 448 200 140 186 272
videos.hw01/01_frame/775.jpg 84 68 262 354 114 186 256 118 8 200 122 294 96 46 100 60
videos.hw01/01_frame/776.jpg 60 108 432 754 212 426 490 540 152 218 204 148 4 38 260 156
videos.hw01/01_frame/777.jpg 338 144 548 1210 1162 624 964 1116 490 248 436 620 314 326 336 586
videos.hw01/01_frame/778.jpg 60 160 314 1152 610 354 812 686 454 324 362 82 52 122 128 220
videos.hw01/01_frame/779.jpg 100 38 338 902 648 318 818 350 170 320 286 242 84 122 132 98
videos.hw01/01_frame/780.jpg 132 208 406 990 798 312 578 406 214 352 278 92 140 74 240 204
videos.hw01/01_frame/781.jpg 190 124 226 884 472 338 638 464 278 408 158 78 92 222 106 274
videos.hw01/01_frame/782.jpg 92 30 244 768 490 272 396 782 202 268 310 158 0 30 122 0
videos.hw01/01_frame/783.jpg 44 74 386 618 476 342 992 832 290 356 408 106 152 86 156 20
videos.hw01/01_frame/784.jpg 154 50 260 920 434 318 434 376 216 414 272 156 0 0 166 320
videos.hw01/01_frame/785.jpg 168 152 386 716 646 356 858 712 376 296 468 230 348 92 424 100
videos.hw01/01_frame/786.jpg 302 88 260 758 686 348 920 526 284 284 328 488 290 108 350 690
videos.hw01/01_frame/787.jpg 772 688 284 1024 608 278 734 1054 676 122 102 452 390 366 448 566
videos.hw01/01_frame/788.jpg 292 216 384 340 730 276 988 694 228 204 368 484 308 42 566 372
videos.hw01/01_frame/789.jpg 540 370 632 848 732 418 572 418 544 428 538 252 384 266 878 194
videos.hw01/01_frame/790.jpg 626 232 328 736 636 308 698 748 702 508 324 198 162 18 212 154
videos.hw01/01_frame/791.jpg 130 26 336 776 406 186 908 1188 178 416 340 362 20 16 206 154
videos.hw01/01_frame/792.jpg 62 50 418 1140 572 322 994 952 396 286 292 334 124 6 190 128
videos.hw01/01_frame/793.jpg 204 226 630 1058 692 300 600 1178 156 346 276 342 244 76 58 90
videos.hw01/01_frame/794.jpg 132 44 626 936 500 228 744 1034 258 332 398 546 24 30 272 88
videos.hw01/01_frame/795.jpg 12 34 350 440 690 240 472 702 134 252 424 314 90 64 130 140
videos.hw01/01_frame/796.jpg 246 54 354 846 574 246 516 206 452 346 532 326 290 60 276 374
videos.hw01/01_frame/797.jpg 90 80 384 738 442 182 528 650 184 144 224 164 14 50 132 74
videos.hw01/01_frame/798.jpg 168 48 478 1094 446 246 604 800 222 172 182 798 62 80 228 318
videos.hw01/01_frame/799.jpg 62 54 82 340 118 64 376 64 8 24 42 276 192 206 34 210
videos.hw01/01_frame/800.jpg 18 202 326 850 546 352 662 258 326 260 322 528 12 0 202 138
videos.hw01/01_frame/801.jpg 360 144 384 1270 704 522 968 706 368 382 564 568 314 118 432 244
videos.hw01/01_frame/802.jpg 218 36 194 566 412 262 630 584 350 348 286 470 50 10 114 192
videos.hw01/01_frame/803.jpg 498 78 222 618 510 368 534 692 422 406 486 330 44 60 144 480
videos.hw01/01_frame/804.jpg 278 208 398 748 686 324 612 1060 276 490 428 248 122 150 240 628
videos.hw01/01_frame/805.jpg 976 488 542 1130 780 266 888 736 452 284 446 268 328 186 266 286
videos.hw01/01_frame/806.jpg 32 8 416 1014 636 348 1490 462 164 434 342 722 170 122 176 434
videos.hw01/01_frame/807.jpg 132 114 770 1324 432 394 596 788 100 258 512 182 108 182 354 250
videos.hw01/01_frame/808.jpg 470 402 890 1174 374 272 652 742 338 458 704 500 314 118 282 258
videos.hw01/01_frame/809.jpg 146 112 592 572 368 298 824 772 102 330 400 172 78 174 348 400
videos.hw01/01_frame/810.jpg 22 266 524 1144 368 430 666 602 128 460 440 162 168 188 398 284
videos.hw01/01_frame/811.jpg 22 190 90 460 388 108 190 348 112 144 220 38 212 190 184 172
videos.hw01/01_frame/812.jpg 118 280 442 942 342 254 722 652 56 196 530 160 204 94 248 176
videos.hw01/01_frame/813.jpg 238 202 692 1142 660 508 1356 910 372 404 866 388 308 146 390 518
videos.hw01/01_frame/814.jpg 410 154 428 726 728 304 762 758 428 310 484 128 84 18 284 344
videos.hw01/01_frame/815.jpg 108 106 614 884 396 296 890 1044 134 222 316 264 8 134 256 408
videos.hw01/01_frame/816.jpg 98 40 748 1108 614 496 958 1726 132 300 472 242 10 14 218 254
videos.hw01/01_frame/817.jpg 58 132 794 1186 684 480 1220 1658 128 214 432 312 64 18 280 316
videos.hw01/01_frame/818.jpg 14 42 912 1078 874 460 1164 1830 184 202 622 352 218 32 234 206
videos.hw01/01_frame/819.jpg 14 48 822 1296 846 514 924 1736 140 224 262 84 20 42 200 448
videos.hw01/01_frame/820.jpg 14 70 264 1524 656 718 872 2238 60 292 672 394 82 248 488 534
videos.hw01/01_frame/821.jpg 10 148 322 1248 748 558 668 2268 208 228 986 100 220 80 380 478
videos.hw01/01_frame/822.jpg 36 140 416 1382 802 584 544 726 160 368 1032 222 220 256 488 452
videos.hw01/01_frame/823.jpg 810 786 372 650 592 146 72 208 412 196 300 580 424 256 372 540
videos.hw01/01_frame/824.jpg 286 256 476 1230 696 480 906 770 90 322 678 464 284 108 296 386
videos.hw01/01_frame/825.jpg 838 280 698 1008 994 978 844 1210 378 716 990 566 606 370 306 516
videos.hw01/01_frame/826.jpg 520 186 388 618 1002 916 598 788 330 382 882 154 388 148 168 492
videos.hw01/01_frame/827.jpg 348 156 346 336 304 224 214 184 64 68 162 82 66 46 136 328
videos.hw01/01_frame/828.jpg 274 4 338 204 50 26 250 556 0 110 240 466 0 76 278 284
