videos.hw01/01_frame/0.jpg 0 0 0 0 0 0 0 0 0 0 0 0 0 0 0 0
videos.hw01/01_frame/1.jpg 17448 17482 9000 7600 4944 4842 15130 11768 27278 6546 4588 28838 22934 13816 16038 28172
videos.hw01/01_frame/2.jpg 3038 350 536 754 1562 2928 2236 3292 2818 16716 3910 2644 222 1846 4836 2992
videos.hw01/01_frame/3.jpg 1744 2366 1492 4044 10248 2852 2180 3452 2582 37464 5062 4418 38216 17774 20446 3568
videos.hw01/01_frame/4.jpg 16208 3338 4932 6668 5094 1500 4806 2416 23200 69464 2392 3396 25270 10544 14810 7022
videos.hw01/01_frame/5.jpg 7312 3030 1018 20374 1626 8354 2420 14048 3066 10166 17008 7028 16738 2760 8896 870
videos.hw01/01_frame/6.jpg 1498 3724 4464 2452 5572 2138 3454 10162 13250 5396 8012 6914 10244 12092 3182 2396
videos.hw01/01_frame/7.jpg 7672 1162 100 840 5258 1372 1608 15224 20438 7190 1368 6990 4618 7206 1146 756
videos.hw01/01_frame/8.jpg 698 3874 2682 1162 3526 1426 4690 11046 8022 3584 6864 1378 11860 56286 51390 2746
videos.hw01/01_frame/9.jpg 23794 22622 5884 3194 12042 15960 15458 23950 24428 10102 12156 2152 3238 11194 47058 9080
videos.hw01/01_frame/10.jpg 3518 1604 7694 6626 8410 924 2326 15608 4814 5500 11414 1222 5296 19366 34270 3656
videos.hw01/01_frame/11.jpg 11930 3930 13532 2062 10524 7116 23072 14326 1362 18156 27228 3030 8156 44136 3496 1598
videos.hw01/01_frame/12.jpg 14 562 8 0 508 422 6 0 1158 1188 416 72 12 1584 0 26
videos.hw01/01_frame/13.jpg 1702 6358 4786 4834 2198 2130 2692 5150 10910 31198 3830 7278 1888 4086 3440 4318
videos.hw01/01_frame/14.jpg 8908 8092 8236 6834 10674 3446 8188 30664 4018 12906 14782 25392 11232 8764 115016 6736
videos.hw01/01_frame/15.jpg 2430 6922 1950 1990 5720 2662 9138 33230 9204 4964 8220 10626 4320 3934 10700 1292
videos.hw01/01_frame/16.jpg 3148 2460 3514 560 5408 2206 2236 4352 6658 7860 10838 206 9382 1720 410 14634
videos.hw01/01_frame/17.jpg 7196 12270 13192 3448 9440 4898 7150 9916 8024 6014 6372 1708 8560 26844 19760 9990
videos.hw01/01_frame/18.jpg 5022 9496 5082 25204 8150 7624 2158 12810 1442 9714 8782 29196 6276 30672 17426 21780
videos.hw01/01_frame/19.jpg 11432 2364 1906 17836 5898 1262 3032 35060 41674 808 7230 4534 12972 5958 21904 3996
videos.hw01/01_frame/20.jpg 6946 2498 1754 1584 9570 6234 1388 1782 9238 6038 9236 1594 1034 9878 25704 6260
videos.hw01/01_frame/21.jpg 6438 8538 13252 7434 13266 3266 14836 26242 8402 56370 19512 16558 17910 21094 130008 11634
videos.hw01/01_frame/22.jpg 272 2536 174 1522 2684 1416 3754 9924 6012 7972 4872 6298 8726 8180 1522 1228
videos.hw01/01_frame/23.jpg 9514 9788 3698 10848 2918 5620 16320 16104 2112 23150 23194 6000 16248 15378 14624 18538
videos.hw01/01_frame/24.jpg 6668 1390 722 476 3816 1930 442 2108 5516 6514 6780 1542 1444 10136 23572 2180
videos.hw01/01_frame/25.jpg 5708 4574 4144 10404 5988 5310 22320 11420 17202 9986 4858 25302 12596 12226 2138 2526
videos.hw01/01_frame/26.jpg 3844 8180 9312 26842 13318 11910 998 20274 3094 4262 40796 6710 1306 9346 56388 21750
videos.hw01/01_frame/27.jpg 348 0 2 10 62 760 20716 60 6938 6264 9528 386 1288 113936 3076 25336
videos.hw01/01_frame/28.jpg 22204 5204 2926 16588 6180 5228 5192 21518 10076 26662 27290 22150 22394 194482 21172 20032
videos.hw01/01_frame/29.jpg 852 790 116 1528 2932 1264 2866 14828 5112 5058 3398 24538 512 13522 2566 2174
videos.hw01/01_frame/30.jpg 7750 5112 8050 4544 4116 1666 8586 40656 1952 8158 18756 7070 4780 14684 52280 9036
videos.hw01/01_frame/31.jpg 52 366 186 364 1188 366 1100 39766 1316 3950 1488 316 1020 6704 29408 620
videos.hw01/01_frame/32.jpg 2266 2654 2836 19484 172 836 4042 9192 2430 2882 6456 1428 822 9148 14260 7580
videos.hw01/01_frame/33.jpg 12146 4944 4830 17884 8896 4358 13770 24494 5216 26028 6240 16938 13592 32210 60142 20960
videos.hw01/01_frame/34.jpg 2716 1722 4454 370 1354 2436 322 62 12312 12232 4740 23174 1214 7782 7996 19042
videos.hw01/01_frame/35.jpg 1468 15536 14692 1154 5990 1290 10344 5164 17118 16874 6772 3964 2470 7564 14244 23744
videos.hw01/01_frame/36.jpg 5738 10594 8978 5928 5710 2788 3296 918 5178 13294 5080 6554 1700 13308 9486 49426
videos.hw01/01_frame/37.jpg 10646 5592 20300 10770 17382 3392 11536 42734 6532 4582 29910 8252 41540 10724 116902 19244
videos.hw01/01_frame/38.jpg 3798 4070 8168 2684 5706 2656 1474 11642 1292 12510 8580 9748 4398 11728 92324 41444
videos.hw01/01_frame/39.jpg 4648 252 0 56 3774 320 0 6 8816 1514 38 0 93522 2298 450 310
videos.hw01/01_frame/40.jpg 10304 76 3612 11070 798 542 906 2068 22098 3234 4014 2508 25600 42300 54072 18220
videos.hw01/01_frame/41.jpg 10894 13980 11822 7532 10274 3092 45734 19730 60538 17568 51008 27256 91562 26054 107382 17276
videos.hw01/01_frame/42.jpg 9164 504 2616 1024 740 1172 528 1302 2970 4452 5088 16368 3648 9230 8948 22914
videos.hw01/01_frame/43.jpg 2288 456 304 1014 7240 1172 528 1302 978 1402 68 49712 20638 4826 14028 3090
videos.hw01/01_frame/44.jpg 32 1560 3628 654 3002 982 506 512 604 19218 4962 4172 1716 67006 17348 5876
videos.hw01/01_frame/45.jpg 20196 6758 33660 4660 6978 4336 33468 3692 23124 22210 6420 9066 11028 15600 56202 46530
videos.hw01/01_frame/46.jpg 1504 3068 7114 1104 2560 1798 12896 8872 15192 8082 2940 3856 3626 12580 81038 15490
videos.hw01/01_frame/47.jpg 3474 5404 3360 1118 5886 4106 4356 10330 27678 9674 14318 6048 2458 87270 112274 9972
videos.hw01/01_frame/48.jpg 4180 838 432 1390 872 3106 2658 398 9972 6508 9306 3210 2448 7778 71126 24190
videos.hw01/01_frame/49.jpg 11266 8048 1574 10748 2852 1808 14760 7808 1328 7516 10032 14884 4962 38254 61346 40852
videos.hw01/01_frame/50.jpg 3362 3360 3590 886 2382 2554 5396 1654 2946 8226 7508 9718 1898 22732 57766 16872
videos.hw01/01_frame/51.jpg 542 4356 21794 1036 8672 1682 7004 1432 512 1602 4858 9156 1994 8432 6828 33510
videos.hw01/01_frame/52.jpg 4868 11184 6314 2412 3958 2898 6916 17006 11924 17202 11238 10146 1944 18970 8918 10264
videos.hw01/01_frame/53.jpg 5092 10796 1936 15660 9298 1730 20664 6974 8300 16330 3404 5576 2022 71026 78956 11894
videos.hw01/01_frame/54.jpg 134 1062 0 40 1304 76 0 486 252 324 220 564 10468 2638 644 9926
videos.hw01/01_frame/55.jpg 22468 10276 8664 18300 10044 2470 13978 27472 10490 2012 61606 105344 21844 6258 425728 56870
videos.hw01/01_frame/56.jpg 15040 7120 5586 8338 10560 10802 20408 11998 6800 4526 45502 21894 5032 159514 217658 18588
videos.hw01/01_frame/57.jpg 17968 5954 10994 5420 20166 3008 2750 109154 15600 5880 4938 6140 53406 37454 7500 26252
videos.hw01/01_frame/58.jpg 15372 6706 2020 7366 5430 5360 8282 9656 6546 8852 12374 22182 38884 13862 36648 39790
videos.hw01/01_frame/59.jpg 4584 7206 17486 9320 9612 10294 4238 19534 40212 37756 18440 5532 3538 28734 48028 6072
videos.hw01/01_frame/60.jpg 6136 3228 10634 3146 3714 2658 1972 60796 12738 10964 11708 18142 4052 27350 61156 12856
videos.hw01/01_frame/61.jpg 3030 3352 3620 17832 2154 3644 1366 12346 10896 11684 6578 7846 5134 7222 52254 19108
videos.hw01/01_frame/62.jpg 2918 3868 4454 6278 2552 1992 7850 12016 5240 34014 5192 8530 8296 40606 327178 30630
videos.hw01/01_frame/63.jpg 4114 10662 2096 21066 4430 1736 4548 6896 4202 9490 51416 13966 2484 41148 56758 9812
videos.hw01/01_frame/64.jpg 5366 1056 4920 2966 1914 446 262 38 1380 15590 89404 27536 5742 4200 41776 16648
videos.hw01/01_frame/65.jpg 3982 4598 7896 10600 7596 5734 22564 10310 36326 111756 37262 44740 14186 83328 40234 28368
videos.hw01/01_frame/66.jpg 430 548 22 1150 294 384 20 1244 1682 396 754 1670 86 84642 998 5296
videos.hw01/01_frame/67.jpg 62994 21062 9338 28036 9300 8770 10774 23052 7220 5174 6642 10936 6528 269070 5742 25722
videos.hw01/01_frame/68.jpg 4084050 4802166 5353012 865924 2364702 3393790 6807598 2879372 1211622 5131498 6182162 2546666 602150 9132096 3921884 479900
videos.hw01/01_frame/69.jpg 76244 85586 39846 90548 111332 25104 229810 170442 149990 14632 20480 33154 70112 22170 147884 42426
videos.hw01/01_frame/70.jpg 9744 6548 86152 12400 21602 38698 19402 24662 9530 27540 15960 6820 11136 2338 16612 8112
videos.hw01/01_frame/71.jpg 23156 23518 48942 15810 39324 18848 52144 117734 31190 18228 41264 10866 22162 1242 34502 5914
videos.hw01/01_frame/72.jpg 2208 852 12154 20524 23418 86814 12424 99786 23292 10360 108582 10338 4514 928 22308 13168
videos.hw01/01_frame/73.jpg 28914 18994 8514 12210 17696 52430 32222 33108 9552 22000 20364 12908 47526 2082 43360 9460
videos.hw01/01_frame/74.jpg 3908 3034 15282 5740 30408 51132 19352 71866 25644 24362 8378 13414 47854 6774 22236 16404
videos.hw01/01_frame/75.jpg 422 5900 16580 18948 24038 31854 23100 16564 22984 24718 64512 11692 16024 2298 14140 3808
videos.hw01/01_frame/76.jpg 35062 13830 13998 18192 43398 20416 18744 13688 28808 52932 83120 53718 5264 4194 16708 32570
videos.hw01/01_frame/77.jpg 7102 73404 44832 16492 13324 24988 10838 29590 81228 93000 141850 15658 7018 9840 5586 14266
videos.hw01/01_frame/78.jpg 27600 16378 16202 12920 23404 27928 100694 31068 46764 29064 15334 17066 21996 6446 25330 16654
videos.hw01/01_frame/79.jpg 74 112 6 0 14 372 1902 82 978 212 5516 1882 0 166 1902 464
videos.hw01/01_frame/80.jpg 4580 10446 11340 13308 15926 16794 15326 132714 22530 51914 22988 45374 6620 9750 28200 7006
videos.hw01/01_frame/81.jpg 11460 15830 25660 26748 90124 195688 60586 406454 43394 175130 77300 70452 26378 25710 33126 25282
videos.hw01/01_frame/82.jpg 29800 5538 36210 32838 36826 46974 25354 95834 19892 56054 45184 16038 1178 28532 40484 31810
videos.hw01/01_frame/83.jpg 11222 24752 36752 35238 21190 12294 31236 145108 14506 44016 33290 14322 4994 296 82158 15562
videos.hw01/01_frame/84.jpg 19720 86434 14080 37746 26868 19478 72942 71506 29526 15024 62814 57602 19602 1060 82658 24370
videos.hw01/01_frame/85.jpg 19454 21212 26794 48714 27158 12306 15976 72126 95138 4074 52576 33724 44442 4218 10828 9034
videos.hw01/01_frame/86.jpg 3764 43364 21660 35856 34354 9644 7600 88514 85592 11098 171368 16306 18700 40900 14058 12374
videos.hw01/01_frame/87.jpg 16906 38558 29810 8732 20422 6812 29760 58724 41818 6136 15162 61198 19100 20420 7796 28602
videos.hw01/01_frame/88.jpg 65496 29484 9366 19946 35814 9044 17640 154872 74370 18152 49420 92562 12974 18852 21376 24246
videos.hw01/01_frame/89.jpg 11138 10190 18510 22942 8688 19126 13734 92434 59726 53268 11538 21950 6620 48868 3836 3030
videos.hw01/01_frame/90.jpg 65502 8462 17248 49188 11544 10498 18938 102290 29330 3874 27764 95878 54394 33540 54292 18748
videos.hw01/01_frame/91.jpg 136 162 2044 808 2054 788 1592 7568 2186 1074 1686 1266 974 10368 134 0
videos.hw01/01_frame/92.jpg 4128 6314 18266 56224 17954 16562 11782 68950 2668 50696 22468 30990 6604 6014 15076 7374
videos.hw01/01_frame/93.jpg 52554 71840 21602 25322 37852 22984 52984 170892 20418 19694 67706 27626 14680 5412 15746 18170
videos.hw01/01_frame/94.jpg 12246 30994 44158 17182 21744 42102 37398 137374 13976 22316 72972 33526 61052 23860 14556 62864
videos.hw01/01_frame/95.jpg 9324 29968 30798 24508 130978 38714 22122 64420 6494 24554 117856 99380 19762 6336 3766 16340
videos.hw01/01_frame/96.jpg 21154 136230 46834 67086 38482 23540 34920 99578 23128 21614 104534 168878 45720 12944 45022 39828
videos.hw01/01_frame/97.jpg 2372 72838 7250 24230 13194 34570 13082 134570 28756 49274 29904 2202 56326 1726 53244 5226
videos.hw01/01_frame/98.jpg 10462 4146 43878 14792 29022 6868 20814 41036 6918 1430 10128 8478 14098 17570 57962 12818
videos.hw01/01_frame/99.jpg 1894 35560 17986 4330 47358 5688 28036 33102 10352 35534 58380 29988 151908 4008 9066 10368
videos.hw01/01_frame/100.jpg 29874 14536 35320 22024 18646 17212 96256 11864 27132 50328 6668 11608 214620 5444 13616 2304
videos.hw01/01_frame/101.jpg 13164 17830 12916 19480 23380 22940 17068 55378 20086 6270 3428 4274 17016 16350 27944 9194
videos.hw01/01_frame/102.jpg 16234 50902 91446 57694 61236 8298 58182 94204 30014 652 56104 7094 19044 7292 80982 18018
videos.hw01/01_frame/103.jpg 17568 81380 3458 966 9696 1092 4292 2894 6438 10034 1810 26 18048 6682 1104 1024
videos.hw01/01_frame/104.jpg 36210 6562 24078 171154 11766 8826 5880 130988 14864 314498 31630 64938 20906 25556 10814 11878
videos.hw01/01_frame/105.jpg 105376 121246 47238 63728 20690 5500 47102 184550 28806 165854 49004 148766 45140 23514 36554 32562
videos.hw01/01_frame/106.jpg 58614 106722 13980 23320 13142 10684 6902 12172 2258 38362 46334 35172 6642 4406 22524 8156
videos.hw01/01_frame/107.jpg 3278 9912 27876 17968 28050 10362 13126 14230 21594 17726 14382 25012 6388 22486 11806 4550
videos.hw01/01_frame/108.jpg 10946 110084 100476 48914 35176 10568 25670 30422 28140 2306 102032 4898 42150 4284 29386 6736
videos.hw01/01_frame/109.jpg 15768 30364 34226 13390 41212 16892 74162 35738 7400 28144 116000 12014 38722 26078 49548 20812
videos.hw01/01_frame/110.jpg 28656 9158 74144 50896 27500 6120 24208 191516 11426 44258 67192 52296 10452 15952 24100 6980
videos.hw01/01_frame/111.jpg 3226 12174 13836 20096 37632 9126 24302 20534 5640 29948 21398 12160 4892 37710 2040 2784
videos.hw01/01_frame/112.jpg 7662 48120 7516 81632 34596 12380 28374 102894 5604 32760 6146 29984 4388 10856 548 13900
videos.hw01/01_frame/113.jpg 4302 8036 3474 16730 53412 13620 19106 13224 1854 894 103394 15050 8702 1990 6248 4042
videos.hw01/01_frame/114.jpg 1452 14994 37808 60468 34832 7104 14732 35652 1840 4892 27886 42704 16444 22154 7392 3628
videos.hw01/01_frame/115.jpg 0 138 0 0 0 4 0 0 0 82 0 0 2 50 0 0
videos.hw01/01_frame/116.jpg 58580 1090 49118 99496 20552 2930 17648 11280 12756 4108 40934 16632 5508 10424 9738 8146
videos.hw01/01_frame/117.jpg 25684 14998 36388 22142 24516 19694 22174 34000 21984 9720 218218 230224 38828 5084 43050 9920
videos.hw01/01_frame/118.jpg 2260 2016 5662 12590 18748 7056 15268 17370 5358 9874 56128 7234 10278 3372 8178 11898
videos.hw01/01_frame/119.jpg 20 1108 17254 4998 13424 4168 62734 38694 2322 2380 15958 15156 136 116 8214 9782
videos.hw01/01_frame/120.jpg 1716 238852 208472 28242 22302 24330 44408 13844 3988 22314 509930 2264 30592 46172 297932 8790
videos.hw01/01_frame/121.jpg 0 56 954 256 844 2072 3084 2386 116 1592 34656 8 50 0 246 446
videos.hw01/01_frame/122.jpg 119164 90258 24014 197974 32892 10500 162944 71292 36110 8314 183694 154476 8550 13436 26956 9280
videos.hw01/01_frame/123.jpg 4772964 8114894 5159350 1748012 1422422 7026150 2835828 3527504 7378426 7012556 3462970 3138828 9946646 12693294 8446226 2085288
videos.hw01/01_frame/124.jpg 6618 57398 689462 13838 35622 123778 346260 178580 3016 37738 68566 112326 1260 197182 1306190 22434
videos.hw01/01_frame/125.jpg 18396 56740 81810 109256 42332 66726 139654 65024 6258 20328 47378 44890 135126 10164 15514 6766
videos.hw01/01_frame/126.jpg 84240 4460 61370 28842 65824 124872 112208 27444 7678 25938 30536 27994 120028 77480 22888 226
videos.hw01/01_frame/127.jpg 0 4082 17964 8750 2 10634 101726 1970 0 2682 4788 8038 12052 4194 2648 2096
videos.hw01/01_frame/128.jpg 11316 3478 31244 11308 67626 71360 39330 111158 4616 5842 19690 17168 7230 14386 13566 2230
videos.hw01/01_frame/129.jpg 96138 188980 376198 105288 78012 77756 116236 51120 40860 21912 45550 98370 9274 130596 507530 92886
videos.hw01/01_frame/130.jpg 11710 26108 51532 7512 35774 38974 40852 12396 9456 30126 33196 32794 6302 20500 18202 12494
videos.hw01/01_frame/131.jpg 4792 7614 23818 6622 4354 8766 31826 14270 17520 6732 20744 74338 13994 12540 7160 146
videos.hw01/01_frame/132.jpg 45770 28620 47510 17984 40144 17598 51890 13080 6568 9420 6034 45516 6168 10206 11782 12340
videos.hw01/01_frame/133.jpg 5266 14202 12112 3370 6194 4202 44134 7370 13278 8100 9246 62258 50816 12424 25672 3274
videos.hw01/01_frame/134.jpg 1370 9354 33146 45654 4196 47860 73916 1286 13466 3582 43056 44200 14468 11314 21048 12160
videos.hw01/01_frame/135.jpg 0 3578 3532 30874 602 8764 220 67576 6574 3190 1842 12606 15632 7722 18330 2310
videos.hw01/01_frame/136.jpg 1450 69248 5038 2196 9996 25464 5902 50880 317080 10046 21216 78294 33300 22176 10898 9052
videos.hw01/01_frame/137.jpg 97766 34694 932032 31342 98608 79870 505144 106506 120320 17546 49092 69650 59480 30814 24754 71714
videos.hw01/01_frame/138.jpg 4022 5972 6510 13484 7492 25386 7730 11998 10752 1550 1930 420 1062 2106 2896 46
videos.hw01/01_frame/139.jpg 4892 2560 1670 12198 772 6038 7140 278 3410 10346 9516 420 30848 3786 7740 46
videos.hw01/01_frame/140.jpg 35952 27850 128308 3988 16254 10998 22642 6288 24202 7896 1860 82920 56502 10822 9708 0
videos.hw01/01_frame/141.jpg 67968 20276 97082 146460 79454 73474 83058 204400 116462 22924 63002 129434 212846 28276 167286 71814
videos.hw01/01_frame/142.jpg 58396 6478 45366 23920 9742 22560 132202 10146 270 7026 6716 20688 27650 9238 5616 7302
videos.hw01/01_frame/143.jpg 14498 1942 107868 4702 18120 17368 34906 1924 23144 6338 7344 49024 35594 7612 7612 3026
videos.hw01/01_frame/144.jpg 31344 1656 126922 2840 6990 46900 34042 1066 2554 1582 10840 53124 27652 6730 9092 2554
videos.hw01/01_frame/145.jpg 4780 12120 58508 5312 9618 20700 68734 6848 352 2988 8326 12710 6160 4450 11096 2112
videos.hw01/01_frame/146.jpg 1648 1668 74416 13134 12790 42838 508 1676 25728 8968 10982 28330 10076 14012 11318 1908
videos.hw01/01_frame/147.jpg 13454 3720 46366 65500 19400 21028 240 39410 30362 9362 7778 12642 139398 11100 30234 46458
videos.hw01/01_frame/148.jpg 10394 15980 11948 6406 15322 29162 2134 96500 31112 4736 23574 6194 17572 22542 10396 5752
videos.hw01/01_frame/149.jpg 7152 6482 55966 11676 15922 21160 6508 46342 13146 5052 8584 24522 5078 6588 4438 882
videos.hw01/01_frame/150.jpg 17808 15014 6482 24216 8620 16102 4184 3160 4972 15398 13888 17454 9930 7378 5896 17608
videos.hw01/01_frame/151.jpg 0 1898 4946 5676 2 4152 1116 11754 1112 11468 2816 12576 1898 2708 4986 3682
videos.hw01/01_frame/152.jpg 33844 16454 41266 16754 9712 18634 2712 30946 23728 20550 17648 12322 21238 10656 24232 2848
videos.hw01/01_frame/153.jpg 57918 72716 111718 16900 40284 54206 181974 176646 11768 11398 26174 42724 31238 25800 12330 15638
videos.hw01/01_frame/154.jpg 3304 10894 14896 69604 5014 11276 40692 14368 2536 7158 13178 31512 17202 17110 19346 3666
videos.hw01/01_frame/155.jpg 2420 12150 19438 46590 5840 20568 48790 17908 2692 9612 19088 36294 95978 9478 9064 728
videos.hw01/01_frame/156.jpg 0 3496 16240 2338 0 2680 492 862 12 8172 5772 1222 0 3080 1038 684
videos.hw01/01_frame/157.jpg 3004 83652 19570 14144 33656 18054 36696 88796 7098 12022 13426 14296 16514 32794 13142 3090
videos.hw01/01_frame/158.jpg 28014 40774 90448 60772 121596 155032 183102 41196 65282 28040 34684 73466 30610 47518 24826 4490
videos.hw01/01_frame/159.jpg 158252 57484 268920 904764 147414 111272 382260 477640 186580 42554 50892 55028 374304 103734 362478 348726
videos.hw01/01_frame/160.jpg 4372 2976 1366 7184 9452 30944 78750 95936 8 1104 6122 7790 19000 28 8610 33074
videos.hw01/01_frame/161.jpg 3266 8320 2556 21886 21326 17918 18926 18252 61800 2998 6148 10966 3560 7736 158786 36582
videos.hw01/01_frame/162.jpg 20614 3754 6430 27042 15908 18368 42118 25394 1286 2344 29394 19804 101100 7082 102798 18850
videos.hw01/01_frame/163.jpg 15256 3156 3128 4690 19112 27276 25456 21148 34384 4178 11778 27450 24750 16646 147060 472
videos.hw01/01_frame/164.jpg 26394 11338 22466 23186 14700 26918 15976 140476 48008 9066 18430 23286 96930 20686 33338 44058
videos.hw01/01_frame/165.jpg 5726 3522 22744 34668 23098 76568 55764 141428 4176 5382 11738 10666 17628 7440 11438 672
videos.hw01/01_frame/166.jpg 5078 12696 5812 10602 17070 18268 21538 31634 3990 7154 17454 17082 13106 19238 11688 6518
videos.hw01/01_frame/167.jpg 13336 6518 5526 23666 2144 54418 14398 48224 3412 5904 14842 9780 31734 7138 16692 1160
videos.hw01/01_frame/168.jpg 2332 1496 15176 2074 128 9148 18096 4542 1508 2146 9352 12872 18648 4218 7312 7880
videos.hw01/01_frame/169.jpg 5844 7744 1986 6288 13896 7854 9754 12828 4160 6258 3832 6156 1578 22858 10210 4310
videos.hw01/01_frame/170.jpg 4696 9034 642 7370 4490 75402 26350 35780 5394 5530 7656 26354 25002 4830 18452 676
videos.hw01/01_frame/171.jpg 5370 940 1568 122 10222 11852 18182 5050 3588 2688 2160 6042 1310 9338 7026 624
videos.hw01/01_frame/172.jpg 2428 19536 14356 7360 12982 58352 5456 15750 10156 6568 10008 3152 1466 7168 34206 24556
videos.hw01/01_frame/173.jpg 4710 3272 118 18286 7654 23966 41790 2840 51596 3548 9964 18636 3066 4566 15406 754
videos.hw01/01_frame/174.jpg 1188 11854 7510 7558 2924 24170 11932 205982 8772 10346 9588 13404 3160 15242 3034 2126
videos.hw01/01_frame/175.jpg 2 5176 6 6 96 6790 2004 1190 2 2094 5494 1660 322 3866 9266 190
videos.hw01/01_frame/176.jpg 2864 5736 2112 1398 14464 29876 11614 15496 21064 6844 11664 8440 3970 11464 44524 12764
videos.hw01/01_frame/177.jpg 1407930 2387044 3422160 667006 2461382 2223980 2262658 1268832 3541098 1970100 1004682 852354 5904492 2482406 1082250 1482208
videos.hw01/01_frame/178.jpg 45344 17634 78362 85254 25818 11688 34986 79318 30430 7848 47878 155778 14862 9556 55254 24904
videos.hw01/01_frame/179.jpg 1158 1756 19828 11094 1212 3818 31048 22034 460 1446 79494 55144 576 4022 9300 154
videos.hw01/01_frame/180.jpg 978 20768 20702 5228 418 982 44082 14728 518 2212 54656 17464 3602 942 582 200
videos.hw01/01_frame/181.jpg 2490 15082 179616 37726 20034 3794 29368 57954 3780 4560 21486 20338 3348 3796 7632 9724
videos.hw01/01_frame/182.jpg 1148 2674 1746 32196 1570 390 30494 39642 4222 1864 59112 2950 1918 1654 3026 606
videos.hw01/01_frame/183.jpg 4116 7306 10738 12470 5540 1402 41822 6024 868 4722 8910 13738 8524 1674 3414 4824
videos.hw01/01_frame/184.jpg 1438 3522 10356 6248 12986 2024 73626 57380 1482 9126 15520 18620 10638 4474 834 2876
videos.hw01/01_frame/185.jpg 1726 4622 41840 26924 8648 3252 80798 42864 2890 4164 47864 20858 4040 6714 68210 26066
videos.hw01/01_frame/186.jpg 3274 982 67530 5848 68 740 87974 24304 26 7780 30500 3958 1454 1372 2430 1182
videos.hw01/01_frame/187.jpg 4 1304 144 1566 8 358 3892 41338 110 680 3186 7598 18 1192 63668 308
videos.hw01/01_frame/188.jpg 7232 19596 42118 42754 6244 9820 184682 96788 12236 2316 23594 24790 1124 2814 91198 10752
videos.hw01/01_frame/189.jpg 22242 2182 28684 27810 18600 756 45204 130318 5128 882 33670 21556 4614 2510 68666 16394
videos.hw01/01_frame/190.jpg 5164 6528 42062 23166 23354 11360 13018 66220 3828 5520 81498 72260 4468 3896 9474 9918
videos.hw01/01_frame/191.jpg 2768 23202 45306 64612 1876 3284 9394 13550 3244 10258 8672 4494 12916 3896 8362 1534
videos.hw01/01_frame/192.jpg 624 2140 56410 18494 3738 2836 14976 35778 3760 1012 7930 11634 3872 3520 8692 3118
videos.hw01/01_frame/193.jpg 2082 2010 24700 8378 2146 3700 116804 24286 5084 7530 19366 21016 2714 2746 4622 1144
videos.hw01/01_frame/194.jpg 4272 27566 30590 29970 10570 9672 38208 25278 7296 5810 7438 23146 10512 6786 14596 2874
videos.hw01/01_frame/195.jpg 37556 14080 22670 55258 6668 3192 6994 67356 26184 4108 65456 12450 25394 7714 49606 22178
videos.hw01/01_frame/196.jpg 1314 4812 4638 7892 5678 2790 27546 77490 996 4028 14760 5348 5252 3462 15618 1642
videos.hw01/01_frame/197.jpg 1814 5636 27490 45096 6454 2030 27170 23060 4336 5220 34734 12588 13006 4646 75402 7772
videos.hw01/01_frame/198.jpg 27776 3090 14252 15598 8318 994 15092 24738 5920 2640 6580 3372 5206 4664 7420 4196
videos.hw01/01_frame/199.jpg 26 2018 482 4632 58 854 24110 33938 20 1310 3232 604 16 140 40422 1106
videos.hw01/01_frame/200.jpg 8874 3902 5688 10356 2682 778 44810 47604 1752 3528 14336 7650 406 1654 19890 4754
videos.hw01/01_frame/201.jpg 3942 9720 497482 22586 10422 12876 40096 93690 11224 10066 31800 22424 1586 6720 26816 14198
videos.hw01/01_frame/202.jpg 3448 5202 65838 81988 6170 6212 13466 48724 44676 11764 23250 28764 10694 7382 24076 10594
videos.hw01/01_frame/203.jpg 986 4158 5024 17014 7538 7660 9586 12774 1772 2926 43500 11170 2192 6412 4896 1726
videos.hw01/01_frame/204.jpg 44 270 362 3336 4 376 4560 20744 0 10 9202 3148 638 2614 3386 646
videos.hw01/01_frame/205.jpg 1140 4538 59996 75884 7296 6218 37370 88028 6166 20208 7614 15104 10720 5678 1504 2004
videos.hw01/01_frame/206.jpg 34 736 584 2912 44 376 1710 1484 456 198 6674 34712 3504 9030 29730 694
videos.hw01/01_frame/207.jpg 2458 1390 45180 9580 1576 1442 37258 15176 21520 644 2566 38690 9990 3992 21630 6730
videos.hw01/01_frame/208.jpg 3374 892 10456 6298 122 4718 9700 15568 204 356 1158 7978 6438 3294 2110 3036
videos.hw01/01_frame/209.jpg 2492 4332 42576 18564 2522 6604 6966 24030 8570 1912 14026 17436 5882 2310 26860 1266
videos.hw01/01_frame/210.jpg 3778 10028 17338 34906 10266 5660 147074 50118 9792 3618 96464 16144 8002 8114 16184 57034
videos.hw01/01_frame/211.jpg 1150 5692 6628 9510 304 600 338 12366 220 434 5354 7814 1324 1756 4226 2032
videos.hw01/01_frame/212.jpg 462 5410 46916 15248 4890 1890 11360 30736 7090 2242 12366 8234 7428 6736 18440 428
videos.hw01/01_frame/213.jpg 21172 13452 73220 47112 21440 7116 26956 73324 13008 7344 36794 30218 56164 7690 37592 11570
videos.hw01/01_frame/214.jpg 9414 4402 21594 39266 17132 7476 70050 8992 7050 7786 4054 10604 9174 1548 10708 13156
videos.hw01/01_frame/215.jpg 2643306 5700014 6270738 1688506 2557996 3740628 3052038 2186658 1753348 4491564 3641950 3088380 5164004 12099356 5873604 650570
videos.hw01/01_frame/216.jpg 32864 656 5184 20742 10822 6580 11764 450 14548 3936 9266 1448 30668 2508 5368 10246
videos.hw01/01_frame/217.jpg 1268 39320 5796 17596 30530 5592 6562 388 20918 6148 4044 4874 15722 520 2472 310
videos.hw01/01_frame/218.jpg 10618 63228 4776 20636 13664 6780 8392 3928 14414 9554 11244 12508 7290 3648 6204 3038
videos.hw01/01_frame/219.jpg 2910 18946 8818 3536 23418 2086 4066 10982 12634 4072 16708 1522 1294 7602 10302 7576
videos.hw01/01_frame/220.jpg 17024 16034 22512 32876 18610 15794 13362 1560 25810 8414 19108 3250 3408 2348 4800 606
videos.hw01/01_frame/221.jpg 4460 116 4204 20084 4548 1096 9668 2880 8432 8476 15632 3618 1542 1158 3900 9882
videos.hw01/01_frame/222.jpg 7458 1550 16204 13762 1244 2990 5284 10682 8720 12048 27796 3984 1040 584 55088 1374
videos.hw01/01_frame/223.jpg 0 0 0 0 226 1396 14 70 2412 1016 560 0 2816 0 1162 868
videos.hw01/01_frame/224.jpg 182 540 2566 5982 8842 4894 15738 20252 33970 12274 7116 7250 3746 1100 2404 5390
videos.hw01/01_frame/225.jpg 96542 1442 9204 113400 15562 10902 20522 45170 32762 34710 42774 56840 30946 18096 43692 23672
videos.hw01/01_frame/226.jpg 4822 18652 13902 19714 4368 1698 2848 3904 8488 3384 9136 12156 1558 818 3654 1314
videos.hw01/01_frame/227.jpg 9784 472 3786 10228 5230 3048 3398 25436 8710 1118 4114 7780 2 86 5144 5576
videos.hw01/01_frame/228.jpg 1876 3666 6968 34806 3316 1112 16356 295886 3954 7384 30384 116712 478 0 17238 1616
videos.hw01/01_frame/229.jpg 3318 6706 3486 38138 28354 10494 10108 80974 4450 24490 2760 50680 56 1394 2158 15950
videos.hw01/01_frame/230.jpg 4578 11260 16300 17808 1194 9742 48798 125676 9904 13596 12620 54888 358 2452 7658 4094
videos.hw01/01_frame/231.jpg 10860 6058 33630 50106 14098 6214 17202 39946 19568 22218 9874 59612 5368 1048 27838 7018
videos.hw01/01_frame/232.jpg 9944 2694 8604 27746 19750 8388 9012 71678 27706 11564 7760 33618 11718 2514 10396 4306
videos.hw01/01_frame/233.jpg 22054 34550 58102 15254 13010 3716 43734 68280 35804 22888 15454 40158 39934 16620 31194 8160
videos.hw01/01_frame/234.jpg 4810 44 4120 61488 11642 11310 8340 153228 3888 6224 10816 52448 3650 2922 492 2
videos.hw01/01_frame/235.jpg 0 0 3706 2 0 1448 244 308 956 216 764 28 0 0 0 0
videos.hw01/01_frame/236.jpg 13394 33358 4862 39574 23764 1660 17588 27434 5000 13884 13124 17446 35252 12706 5996 8612
videos.hw01/01_frame/237.jpg 13782 1198 11936 15654 16414 21240 29330 87018 11738 15956 14266 53936 55968 4052 13042 2138
videos.hw01/01_frame/238.jpg 682 670 1392 13206 9678 13996 10394 210526 17272 26260 31096 29090 3412 2804 9688 7054
videos.hw01/01_frame/239.jpg 4304 20004 1250 17002 17534 20356 3214 179270 17984 18730 18152 85170 6748 592 11922 3380
videos.hw01/01_frame/240.jpg 88 196 2652 14396 4336 21908 64080 108268 14260 20382 23594 69008 698 86 5406 3178
videos.hw01/01_frame/241.jpg 0 8 5574 34618 3384 31336 9400 92824 25964 47402 215400 18148 308 56 19856 3536
videos.hw01/01_frame/242.jpg 18004 412 13474 21556 31572 23386 14850 29892 22226 56710 77264 51288 316 784 36136 12984
videos.hw01/01_frame/243.jpg 6912 26290 11844 71328 11866 5668 38628 44052 37618 29372 35364 61676 980 190 42618 4936
videos.hw01/01_frame/244.jpg 8400 8840 1516 21256 13316 39686 43186 65600 10056 21236 20938 3146 0 602 14746 23400
videos.hw01/01_frame/245.jpg 8516 6054 116 29810 13906 23710 26102 45434 12318 34908 51658 38772 100 5886 16858 10802
videos.hw01/01_frame/246.jpg 13808 6384 316 60246 18360 37344 213362 43032 14768 18996 59222 34008 1364 2228 13142 4168
videos.hw01/01_frame/247.jpg 2504 0 0 1876 3534 702 984 708 922 2860 682 22 0 100 388 840
videos.hw01/01_frame/248.jpg 20076 582 248 33676 12628 12060 222634 121982 22922 27400 25668 52448 2270 7190 8044 38938
videos.hw01/01_frame/249.jpg 22462 33862 29264 163642 35308 62328 52470 213646 72662 59470 43750 81018 68942 40412 54930 50848
videos.hw01/01_frame/250.jpg 35186 1438 10936 49386 17198 13216 35428 71178 19542 60966 103164 37156 13398 602 28312 23544
videos.hw01/01_frame/251.jpg 2600 43344 3216 37714 17132 8896 11714 32228 40316 21202 43264 43838 7656 458 21140 25850
videos.hw01/01_frame/252.jpg 0 22 14896 29090 9584 11888 30646 232670 6736 47790 44764 20714 0 506 20680 5478
videos.hw01/01_frame/253.jpg 3152 522 12016 40530 11996 13844 48454 44270 23758 18322 92568 40278 732 1612 2372 19980
videos.hw01/01_frame/254.jpg 17934 199616 26922 35962 25250 25504 26714 21184 23110 12752 29406 70316 12064 14308 2638 6420
videos.hw01/01_frame/255.jpg 7460 12634 38812 18706 20932 21084 26236 40574 31016 17608 54750 129840 3124 14644 3020 37072
videos.hw01/01_frame/256.jpg 5046 6150 24226 33920 27868 18850 13652 51250 55192 32568 28516 12268 13104 5548 1246 7100
videos.hw01/01_frame/257.jpg 26778 91600 10350 23190 18506 12528 124588 118910 6196 14542 35516 123138 5594 21718 2524 3938
videos.hw01/01_frame/258.jpg 8242 7098 17748 24564 23014 8952 11436 29010 14626 40590 25806 998 9522 31232 18400 7694
videos.hw01/01_frame/259.jpg 2110 98 704 310 6578 0 2 96 1312 230 0 0 800 7154 2 0
videos.hw01/01_frame/260.jpg 10952 17118 14040 14554 55996 11766 75604 23096 15760 158552 10844 2980 15178 16244 42586 8394
videos.hw01/01_frame/261.jpg 7744 84636 119684 108634 81086 17306 179844 215608 71334 109894 189620 105508 26188 19008 31432 32756
videos.hw01/01_frame/262.jpg 10236 1554 10572 107942 31340 11752 23502 53252 62172 53236 43358 3456 7670 33698 147564 10450
videos.hw01/01_frame/263.jpg 7078 13642 72282 28818 17934 17926 39214 33948 27458 22976 23674 7986 16952 8414 51226 9368
videos.hw01/01_frame/264.jpg 8180 13822 29340 17924 28018 26460 27078 49892 19982 29408 86562 8570 9904 41228 144074 15746
videos.hw01/01_frame/265.jpg 16822 45916 60722 14218 25162 24702 53210 24082 26704 33978 60426 16888 3280 15086 25060 5304
videos.hw01/01_frame/266.jpg 19316 7964 225604 26764 25520 8702 12886 16196 26412 47876 66084 5192 16414 27256 3956 28020
videos.hw01/01_frame/267.jpg 4918 62488 11506 39886 17848 6214 34738 130682 24872 80486 134276 58926 13530 20902 3868 27360
videos.hw01/01_frame/268.jpg 78392 103572 13374 26934 34662 29396 14138 110540 27254 35240 72134 27872 20462 17894 37668 19814
videos.hw01/01_frame/269.jpg 104018 2418 67864 14008 33966 12808 17356 51526 9590 44860 33180 46416 57218 15792 78782 51002
videos.hw01/01_frame/270.jpg 70422 134426 83334 4494 35396 12826 13122 82580 108316 152820 45630 28872 6364 21322 54262 35044
videos.hw01/01_frame/271.jpg 98 694 1894 544 152 462 968 228 186 3946 72 0 2868 786 2046 2
videos.hw01/01_frame/272.jpg 59890 1404 112294 21428 19656 33988 21944 65794 44386 27856 219496 50336 20254 39388 19546 13640
videos.hw01/01_frame/273.jpg 27354 17612 211816 186900 43470 68044 29722 109784 55596 128538 162004 292642 69322 5844 21058 14936
videos.hw01/01_frame/274.jpg 48674 66996 14894 101634 18076 18306 20194 13952 26624 36190 23574 71706 81398 7664 13300 19850
videos.hw01/01_frame/275.jpg 19806 46504 18300 63972 6570 16116 7960 102862 15022 23268 23456 114960 25604 5220 15284 7540
videos.hw01/01_frame/276.jpg 5324 26432 29182 65182 14878 41574 9380 59862 17236 43168 165440 2080 6568 36002 8282 28294
videos.hw01/01_frame/277.jpg 7508 17700 40336 70174 16694 6270 21542 165308 18568 19812 45408 153824 1954 5424 29748 17248
videos.hw01/01_frame/278.jpg 0 580 62240 76476 5634 10162 20306 56720 17990 7684 19406 43846 20616 958 3438 9986
videos.hw01/01_frame/279.jpg 0 1234 33348 41802 4512 26734 14244 112150 14106 14568 159286 5916 2542 1236 20744 1986
videos.hw01/01_frame/280.jpg 8 6708 25978 39666 7542 33134 45166 159600 11198 14584 40696 7514 4688 4380 12814 5940
videos.hw01/01_frame/281.jpg 1142 54 36772 38090 14162 22748 14296 13360 3584 8476 13508 91152 4442 310 11088 8702
videos.hw01/01_frame/282.jpg 982 4004 30088 47216 27392 41024 13242 263040 14600 41420 178152 31864 13290 5306 9554 12234
videos.hw01/01_frame/283.jpg 0 0 7890 626 0 244 2266 290 0 4 774 0 0 0 38 348
videos.hw01/01_frame/284.jpg 274 16452 59024 23972 7088 48184 10240 55510 10696 27866 39766 25628 9244 360 14064 3306
videos.hw01/01_frame/285.jpg 46562 19130 93032 34924 22466 29636 15694 74968 20066 47628 182916 253984 5034 11590 70482 81080
videos.hw01/01_frame/286.jpg 27974 2704 2084 22476 15090 53702 21306 23312 13772 12484 173686 97120 1718 5906 18902 15298
videos.hw01/01_frame/287.jpg 7288 73438 12566 35122 37486 8560 17490 81242 12508 5992 144892 16244 5094 18472 8402 17938
videos.hw01/01_frame/288.jpg 2658 876 13272 47736 8954 34180 8014 40288 7272 15656 13080 3440 1970 5538 6092 2280
videos.hw01/01_frame/289.jpg 21146 102636 43352 23002 15176 10886 140772 33750 10790 4870 17764 28594 11106 19266 40188 20972
videos.hw01/01_frame/290.jpg 1352 41118 7818 27972 8256 3990 18654 7042 22048 3358 195892 2076 9928 23558 6204 16256
videos.hw01/01_frame/291.jpg 7736 40214 25464 6696 17488 10200 37210 49458 11660 20918 388278 39114 2970 616 19406 584
videos.hw01/01_frame/292.jpg 3414 61738 10946 21820 7378 15052 31418 23392 15552 11080 13480 18646 2260 2246 11100 1060
videos.hw01/01_frame/293.jpg 1270 5504 15802 20126 3046 11368 91484 99424 11592 10522 30312 18052 212 320 19778 1744
videos.hw01/01_frame/294.jpg 1496 20640 14652 45564 7054 22858 15840 277608 36606 32540 103626 20328 3800 39364 10484 4698
videos.hw01/01_frame/295.jpg 0 0 136 0 0 132 190 104 0 8 500 108 0 2 1102 606
videos.hw01/01_frame/296.jpg 3802 13416 1694 21928 6454 13552 30428 43942 29924 33894 64254 12170 3646 3874 28890 1124
videos.hw01/01_frame/297.jpg 23190 12330 25592 37244 31172 113840 33202 175372 37632 33096 378780 105238 4594 5478 85178 18988
videos.hw01/01_frame/298.jpg 128 1700 14434 30174 6850 26274 33084 57018 39800 21712 17416 65432 4642 11326 10718 5680
videos.hw01/01_frame/299.jpg 10432 13670 13654 13438 7636 17504 10790 41810 7866 10088 108072 3728 1472 1488 32114 25154
videos.hw01/01_frame/300.jpg 5094 43256 6662 7180 6764 18260 17100 69218 13320 38748 29786 12300 3172 9086 110290 2368
videos.hw01/01_frame/301.jpg 7018 22042 6434 23140 9944 6744 3762 91984 26946 8934 34578 134410 47010 2690 109080 1964
videos.hw01/01_frame/302.jpg 16908 5832 48680 17530 8900 11050 29026 97076 28640 11436 8766 56806 15614 28020 64792 7242
videos.hw01/01_frame/303.jpg 6940 1360 30922 6624 13924 7586 17716 67610 11316 8910 21120 5286 41886 6634 20244 22
videos.hw01/01_frame/304.jpg 10100 16078 105700 17728 19122 26188 14698 22216 22160 1802 17232 12472 54856 5754 134250 17286
videos.hw01/01_frame/305.jpg 228216 11842 69188 28032 37174 20454 27332 76310 24496 79342 40138 175448 10460 59046 38404 18406
videos.hw01/01_frame/306.jpg 5634 40318 10548 30086 23302 17264 9976 138448 16586 17556 23596 16178 24694 12270 56050 384
videos.hw01/01_frame/307.jpg 0 0 0 0 0 0 190 0 0 10658 25696 0 0 86 58 0
videos.hw01/01_frame/308.jpg 63504 2080 15376 5640 16144 6702 247064 149618 25078 1806 8230 89860 9024 7522 4568 12188
videos.hw01/01_frame/309.jpg 26806 20488 59876 31048 11242 18596 116302 282702 30202 23424 19594 313410 9790 49304 12570 572
videos.hw01/01_frame/310.jpg 186 2258 12982 17022 12736 4698 13054 75258 7838 2842 8650 83724 7146 1706 3088 92
videos.hw01/01_frame/311.jpg 0 0 1456 15174 15588 5438 8018 33056 4216 1210 3776 29462 5200 2196 128 4232
videos.hw01/01_frame/312.jpg 2596 7234 50716 32670 17848 5474 17862 20996 6208 16520 22136 32342 7842 11982 6110 9834
videos.hw01/01_frame/313.jpg 8 7898 5538 4980 15328 8860 15104 28808 12396 6828 13104 7800 14 168 11384 3662
videos.hw01/01_frame/314.jpg 5106 694 874 6128 8866 14952 17200 57904 3966 3216 13178 10100 4676 1504 8278 6428
videos.hw01/01_frame/315.jpg 144 4612 3616 12668 1842 16346 7226 17870 7340 7416 7758 1404 2316 2 26752 1236
videos.hw01/01_frame/316.jpg 0 2726 4950 6862 4312 8220 131752 32348 11180 11408 6584 6936 2448 3386 4542 2440
videos.hw01/01_frame/317.jpg 132 4108 2938 3130 6660 3548 30852 114614 7816 30650 4750 18372 656 418 3970 3482
videos.hw01/01_frame/318.jpg 530 268 15540 9178 5850 3802 10260 29058 11338 7930 9476 19864 1454 2980 35402 3748
videos.hw01/01_frame/319.jpg 0 14 280 64 6470 998 8304 2136 17186 1728 3932 2664 0 20 3160 2
videos.hw01/01_frame/320.jpg 3166 1566 12962 19236 7420 12022 30754 57088 12288 22534 75908 29530 2432 7634 93232 15908
videos.hw01/01_frame/321.jpg 21302 20624 18432 15012 20162 16998 47710 120938 41412 20578 75640 263838 23874 7246 23068 91784
videos.hw01/01_frame/322.jpg 1000 11034 8046 11522 3802 18728 11344 142554 53366 20672 44594 42724 6228 3000 7720 44444
videos.hw01/01_frame/323.jpg 9538 22456 40764 17872 13964 5456 69426 149844 15142 13656 41170 52726 13326 12410 89604 63070
videos.hw01/01_frame/324.jpg 0 160 3586 35878 4886 9496 92820 39024 10946 9670 14268 49482 2636 962 4846 13672
videos.hw01/01_frame/325.jpg 2 12920 23530 8096 8660 16478 32946 132552 15296 56154 12320 107898 5000 564 16868 1660
videos.hw01/01_frame/326.jpg 33432 1364 3464 750 12136 2358 2110 1036 110 224 4658 7414 3016 232 1144 680
videos.hw01/01_frame/327.jpg 357556 29380 211726 24214 58070 34218 47934 58888 37928 24904 53728 64942 67682 430 151338 8560
videos.hw01/01_frame/328.jpg 2062610 6108012 4258352 1417626 1941464 3294752 1772156 1490540 2267952 5714454 2588416 1722268 3407400 8759422 4066132 658220
videos.hw01/01_frame/329.jpg 196878 27094 560756 199852 13732 27078 174208 114494 26108 11910 68612 260928 326114 52966 141962 23256
videos.hw01/01_frame/330.jpg 11544 10656 194012 24366 10000 10918 14740 22398 21122 5592 19686 21834 12326 17714 9820 5330
videos.hw01/01_frame/331.jpg 64 744 2436 21668 4544 13442 22800 3036 0 266 2926 4434 0 138 9870 2196
videos.hw01/01_frame/332.jpg 19598 12188 169978 21244 7948 8780 7316 17952 2722 470 13768 344 552 14350 3092 0
videos.hw01/01_frame/333.jpg 26002 11462 220988 56594 17562 13616 60044 36338 17302 4698 43060 19014 33500 6834 35106 24348
videos.hw01/01_frame/334.jpg 23986 9484 81990 12082 6892 14164 102070 168508 17876 9426 14514 9032 10594 12492 56052 7034
videos.hw01/01_frame/335.jpg 21822 15494 261564 5716 16358 22736 97610 40200 6766 5080 11186 45996 12598 20090 50030 7848
videos.hw01/01_frame/336.jpg 22668 10092 5534 5968 16816 6410 10146 78 5500 2436 11188 14634 8594 9820 16216 4618
videos.hw01/01_frame/337.jpg 18548 6498 174780 15902 11856 18944 28678 52802 15668 3382 13088 820 4132 11610 4380 912
videos.hw01/01_frame/338.jpg 21754 8414 38174 8006 15232 16972 110920 8832 7608 3608 25232 8142 5294 15818 10774 318
videos.hw01/01_frame/339.jpg 18786 3980 17318 2924 12620 6474 15682 2346 7400 4066 37080 10554 13120 19348 13538 4388
videos.hw01/01_frame/340.jpg 13748 2834 20476 137686 16310 8812 46786 14626 16768 8378 19802 2088 9000 32178 22946 18458
videos.hw01/01_frame/341.jpg 8724 35506 62620 5446 9438 13528 11702 20444 9420 13548 45658 62660 41582 10134 3444 440
videos.hw01/01_frame/342.jpg 15806 5744 73432 132930 8572 16170 7086 79726 14378 7422 22940 29834 5568 13882 60998 22882
videos.hw01/01_frame/343.jpg 114 2190 68370 47952 246 2622 622 13706 536 606 10746 4072 1132 5204 51048 19354
videos.hw01/01_frame/344.jpg 14318 16778 120340 17746 13604 16290 34886 132026 13068 5920 50712 6896 17728 10418 13342 184
videos.hw01/01_frame/345.jpg 31328 18360 117276 83654 64062 23340 55184 50532 36130 4550 158302 68786 13338 16744 49040 17528
videos.hw01/01_frame/346.jpg 16484 3544 84028 99642 12758 11774 70096 74566 8772 3572 29058 19490 12440 7388 3096 9634
videos.hw01/01_frame/347.jpg 12666 57510 117600 27996 24848 11514 26910 93810 9600 1880 37818 14084 4326 27514 100670 17428
videos.hw01/01_frame/348.jpg 6488 2988 1878 29366 5496 13036 7276 800 12506 2730 4410 1256 12134 26966 5906 0
videos.hw01/01_frame/349.jpg 21822 28950 68796 33288 9432 18488 91306 37330 13136 4942 40242 18994 13214 9462 14664 11954
videos.hw01/01_frame/350.jpg 17876 2250 28468 4718 38716 13528 9178 63318 4162 12884 8432 5080 5496 1854 10434 6772
videos.hw01/01_frame/351.jpg 408 1084 2916 4 724 1560 718 0 2918 12 0 0 342 0 0 0
videos.hw01/01_frame/352.jpg 30762 2136 8822 23326 7660 3736 17092 241656 8150 3514 1284 21934 3850 4838 4206 1298
videos.hw01/01_frame/353.jpg 27838 42072 127356 61522 16916 16916 176546 128446 17698 4620 39342 56666 20688 7058 54722 6890
videos.hw01/01_frame/354.jpg 8142 7938 31488 21644 9206 5382 25452 43498 4294 4788 15364 9248 6912 1010 7292 14464
videos.hw01/01_frame/355.jpg 12924 436 4746 18754 12 1504 17514 28658 3062 910 1478 3784 6 168 448 10886
videos.hw01/01_frame/356.jpg 4222 1652 2836 8458 3736 3152 1032 50284 3242 7740 19046 23098 1954 1708 18846 982
videos.hw01/01_frame/357.jpg 13562 16212 25786 23392 29360 13608 64612 34732 17492 9726 14764 46018 12602 12734 50312 5434
videos.hw01/01_frame/358.jpg 14060 10592 87800 1102 12756 2206 22982 9408 9916 2860 11914 5714 15054 4070 894 596
videos.hw01/01_frame/359.jpg 4544 3234 24138 10250 22982 2468 25906 22654 6598 3934 51020 4314 3402 2284 51310 5354
videos.hw01/01_frame/360.jpg 6372 13984 35014 15262 19130 3214 20942 163246 3502 4374 7556 9608 1602 1896 17082 914
videos.hw01/01_frame/361.jpg 1808 1698 9708 8892 2030 726 0 7028 706 340 400 706 356 124 9600 416
videos.hw01/01_frame/362.jpg 23704 2330 14720 12356 6600 4126 25874 55830 8404 2254 9604 2540 11560 2692 14722 5990
videos.hw01/01_frame/363.jpg 2512546 6585900 4609932 1572510 2172814 4099976 3234724 1324216 5093560 5551792 4057898 1609052 4107436 10136028 4640344 742050
videos.hw01/01_frame/364.jpg 11818 23976 14180 44788 22866 11260 13788 7810 39676 88366 36280 58094 6866 4556 14018 9000
videos.hw01/01_frame/365.jpg 7174 3818 6670 31506 14970 10614 134216 20336 19310 8998 12318 20644 102014 1500 8854 2766
videos.hw01/01_frame/366.jpg 18476 38528 9694 22928 15424 11600 109594 32020 14264 21914 5664 24776 11662 20170 8254 3796
videos.hw01/01_frame/367.jpg 0 7920 1548 28 8 950 5890 47652 0 894 1106 786 0 454 2372 2472
videos.hw01/01_frame/368.jpg 8994 9358 51078 53122 9776 7318 39098 77760 54268 47262 53392 54944 29842 44436 26120 17690
videos.hw01/01_frame/369.jpg 52024 13792 20132 102278 23532 9248 20444 324752 45476 14326 75232 23302 71014 119262 35372 6094
videos.hw01/01_frame/370.jpg 18944 30634 10522 4676 45668 8388 11378 232904 24984 166754 8982 57208 43386 7470 88902 3522
videos.hw01/01_frame/371.jpg 4166 54716 21912 37432 36414 7342 260696 77820 20132 14528 8382 61020 4326 20050 10322 1960
videos.hw01/01_frame/372.jpg 15420 8962 55110 97010 23664 8814 10296 45528 92116 69382 22756 73768 24258 4650 28610 3124
videos.hw01/01_frame/373.jpg 642 135762 13602 26442 6166 10818 27066 140884 66366 9616 42696 136204 26640 9230 16958 10398
videos.hw01/01_frame/374.jpg 2616 9566 47772 12072 13786 12424 28336 103250 13578 10786 46120 158068 11030 5794 13206 18766
videos.hw01/01_frame/375.jpg 14570 135358 15030 101722 11186 21000 6762 44304 35206 13182 35720 61558 1700 14020 38488 23680
videos.hw01/01_frame/376.jpg 6748 91428 20364 24156 18132 14592 28902 26272 15698 26208 19026 15004 9622 18824 38918 1594
videos.hw01/01_frame/377.jpg 7290 22680 19584 20250 10950 2936 27720 22222 28108 10130 10508 16464 4658 12722 14064 916
videos.hw01/01_frame/378.jpg 91824 1166 34702 25384 23058 15766 60188 75938 100104 9968 23738 43474 38996 87400 53248 30398
videos.hw01/01_frame/379.jpg 7774 1080 16940 17998 426 670 10938 1096 1684 2272 18906 6420 1568 7102 7768 3176
videos.hw01/01_frame/380.jpg 58346 2918 35906 11752 11072 21228 68432 37740 10220 14698 9526 71652 5366 32684 55138 3118
videos.hw01/01_frame/381.jpg 8984 39648 174452 62702 15564 109302 196636 383318 95948 99110 24532 616192 10714 25350 27812 25840
videos.hw01/01_frame/382.jpg 19254 17876 155908 14910 23422 6918 19448 290204 32284 22168 15708 97048 8446 54374 38436 13316
videos.hw01/01_frame/383.jpg 31998 10368 12708 7838 10722 11598 11692 15056 5740 25120 15030 80880 21818 5750 24178 3350
videos.hw01/01_frame/384.jpg 40596 18312 10530 6162 10012 6180 6620 17862 22674 11494 28048 7080 5868 6740 26440 10434
videos.hw01/01_frame/385.jpg 21038 195894 124352 8560 7646 17168 9314 72624 8938 20190 20582 57088 30378 23612 90014 3900
videos.hw01/01_frame/386.jpg 13282 66898 33634 2854 16068 7042 17384 48190 13202 18936 5870 7038 1536 13700 6430 9442
videos.hw01/01_frame/387.jpg 67352 17894 42016 7268 14522 2696 10384 126506 4970 8000 9648 79324 13510 2146 54462 66
videos.hw01/01_frame/388.jpg 26100 1536 17528 6932 7848 12008 8986 13356 20472 3014 12202 8708 9380 5492 14488 40340
videos.hw01/01_frame/389.jpg 7894 2610 13384 4422 6790 2296 22660 197582 8472 27338 23622 9136 10420 27442 8276 5268
videos.hw01/01_frame/390.jpg 9792 53938 5906 4030 13936 11586 9728 122044 8786 2444 6046 97892 5994 2104 8348 1940
videos.hw01/01_frame/391.jpg 0 292 1228 4728 0 260 2270 1708 0 676 720 138 0 6398 7828 36
videos.hw01/01_frame/392.jpg 7818 2828 6790 12442 19462 16482 191834 119408 13384 35850 9652 47390 5160 16752 12366 38070
videos.hw01/01_frame/393.jpg 23092 89912 3104 59016 14410 20046 51838 152646 8932 21284 66762 219402 52982 25654 8348 3156
videos.hw01/01_frame/394.jpg 15154 37354 93794 2000 4424 14602 4566 68532 27882 15392 39962 28902 43074 5946 14360 4048
videos.hw01/01_frame/395.jpg 5926 7468 59412 1778 3940 30842 7958 51222 18336 11508 10268 50578 4960 1794 13170 2930
videos.hw01/01_frame/396.jpg 56428 44386 27568 35760 29906 13310 6908 40308 13120 7904 3694 66324 41598 112 8496 9226
videos.hw01/01_frame/397.jpg 19724 1108 5912 6716 19652 4154 4274 18640 2882 21688 39306 36038 10898 2826 13534 374
videos.hw01/01_frame/398.jpg 26928 9540 54684 66976 19700 3506 4344 14678 6402 4958 12800 13950 23108 5012 6112 7976
videos.hw01/01_frame/399.jpg 169724 60662 10800 30118 95686 27034 145460 413708 61536 45436 37128 72838 36622 3328 21400 27128
videos.hw01/01_frame/400.jpg 9280 4742 20094 17846 5364 2648 115990 25822 12772 15478 5180 24592 4714 3522 1808 196
videos.hw01/01_frame/401.jpg 6202 15154 6830 23566 19670 6680 126044 45650 26466 30446 12302 10888 33668 7744 17912 17474
videos.hw01/01_frame/402.jpg 32056 114 24686 5958 3572 6662 9102 17064 10956 8566 41852 16300 37144 5098 2882 2076
videos.hw01/01_frame/403.jpg 0 0 386 3520 0 210 666 670 0 200 222 642 0 0 484 664
videos.hw01/01_frame/404.jpg 4704 22 6004 9492 11250 2778 6358 49120 8348 22216 9516 28362 1444 472 6872 880
videos.hw01/01_frame/405.jpg 9004 37734 70892 29166 19058 11650 138428 154284 5124 23882 10314 55952 22146 2688 8832 13680
videos.hw01/01_frame/406.jpg 8188 2698 5760 6030 32220 6524 60016 24498 9130 8004 16726 27088 7180 3708 3878 2760
videos.hw01/01_frame/407.jpg 0 0 0 0 22176 146 0 0 2962 524 0 0 0 0 0 0
videos.hw01/01_frame/408.jpg 1290 2786 5566 5110 28230 6208 147540 137792 7846 7976 5608 13234 5738 4010 23488 2934
videos.hw01/01_frame/409.jpg 18804 81422 37044 64502 33464 10154 1015870 954650 92320 28100 143290 39344 13264 6706 40958 24504
videos.hw01/01_frame/410.jpg 242 558 2210 184 12366 12976 5392 234372 4974 11760 7662 82354 2936 3658 9900 1276
videos.hw01/01_frame/411.jpg 3530 390 0 1822 3272 5826 5536 160964 16312 4114 2426 156416 2 216 2014 340
videos.hw01/01_frame/412.jpg 588 70 1158 34506 22654 19784 4398 231044 26868 4138 18278 123690 630 2690 5236 2210
videos.hw01/01_frame/413.jpg 1470 0 2780 28140 6056 6812 32936 243436 28794 3348 6088 96164 292 6 4388 1472
videos.hw01/01_frame/414.jpg 7418 2712 3874 40466 12724 1252 6738 244228 13486 3600 42594 82198 26964 986 10828 32708
videos.hw01/01_frame/415.jpg 0 4446 274 1980 0 14362 446 290 6 60 524 864 0 0 1254 134
videos.hw01/01_frame/416.jpg 15930 3498 4260 12528 6756 28492 40544 151122 16940 3964 60982 33986 6200 13168 5972 4270
videos.hw01/01_frame/417.jpg 31318 62636 14346 45310 22408 20256 60934 222064 26500 34318 16726 70516 40988 15706 16090 21994
videos.hw01/01_frame/418.jpg 0 104086 3378 406 0 8146 6256 428 0 2470 1030 578 0 2352 1440 456
videos.hw01/01_frame/419.jpg 13072 122608 45944 21552 12294 78972 17336 61010 20642 12310 79212 60926 162202 132328 5980 17472
videos.hw01/01_frame/420.jpg 1271288 1779050 2646676 998258 2765022 3387710 1886512 3375562 2861206 4023686 1333704 2723218 5454170 10632684 5588816 2084640
videos.hw01/01_frame/421.jpg 24610 84318 109268 40630 18240 75132 31494 23868 118628 15012 74148 7866 347312 139426 21088 55148
videos.hw01/01_frame/422.jpg 51958 41722 43242 23062 11606 39296 78388 22514 133278 22048 46140 15656 33772 50236 45726 20446
videos.hw01/01_frame/423.jpg 33328 11698 17964 29718 5250 7110 19776 34186 21650 68296 22224 32292 28808 40538 21790 27302
videos.hw01/01_frame/424.jpg 16264 2954 42860 7526 2872 15324 35236 22200 28260 21720 25058 6952 36786 22504 12704 5954
videos.hw01/01_frame/425.jpg 140 158 0 104 1820 2194 1230 332 3482 4402 5804 162 180 4488 1540 550
videos.hw01/01_frame/426.jpg 14870 17482 21084 17244 7434 13700 37768 14086 25152 22890 20948 12756 32242 14924 20302 3966
videos.hw01/01_frame/427.jpg 100234 29696 8828 11476 12322 26340 53896 32526 23604 23938 38820 49852 8146 30024 21454 12128
videos.hw01/01_frame/428.jpg 25540 9180 7422 18828 13590 24086 53806 22286 39880 40920 21926 61422 8918 8418 30808 22120
videos.hw01/01_frame/429.jpg 36628 17952 78118 24360 6720 22258 77988 136158 19004 54172 29414 33604 43658 17156 6274 2140
videos.hw01/01_frame/430.jpg 4910 6914 12622 30588 6946 48382 77992 25782 3952 29260 21236 4328 70780 18966 24782 2144
videos.hw01/01_frame/431.jpg 11808 8832 39706 63530 19158 38170 90158 126544 149290 69434 13406 63592 279658 27356 7650 9794
videos.hw01/01_frame/432.jpg 3150 2962 4822 4476 4178 11712 3588 3158 10782 17838 6058 8684 104 20330 21146 8024
videos.hw01/01_frame/433.jpg 28954 19428 10890 2946 5392 32754 74216 47624 91396 25876 32688 42294 6912 51362 23822 1606
videos.hw01/01_frame/434.jpg 19840 79792 4196 6788 30720 21972 21316 113594 86582 38438 14416 4704 64262 32294 14478 2252
videos.hw01/01_frame/435.jpg 7516 5498 95164 17986 25232 17880 15576 116396 29114 32920 31146 15932 164242 32406 22792 7424
videos.hw01/01_frame/436.jpg 32270 5818 23796 17154 24202 28466 30092 45878 31658 43184 13098 17442 61766 45342 13180 2444
videos.hw01/01_frame/437.jpg 16276 4428 11052 5264 29460 49914 20478 16004 50824 75344 17188 35622 35402 41442 10488 7612
videos.hw01/01_frame/438.jpg 25282 33054 43894 10948 16584 29636 9260 25580 116450 16112 20552 956 83376 15938 13644 20402
videos.hw01/01_frame/439.jpg 0 728 12054 2384 0 3628 28900 2786 608 12298 1540 2974 0 18706 528 2602
videos.hw01/01_frame/440.jpg 31756 3422 2598 11116 12124 9360 54108 12658 19652 56188 9264 15328 9162 14060 17136 6974
videos.hw01/01_frame/441.jpg 15540 57796 182482 29392 29908 18302 67246 238424 25632 37742 13772 61204 220184 32890 10344 6394
videos.hw01/01_frame/442.jpg 12052 11280 50040 16050 4282 14606 14712 5138 24106 7414 8650 24304 59326 16148 18150 8060
videos.hw01/01_frame/443.jpg 34660 15876 16440 15848 7326 33606 11732 4554 7682 4862 9484 9900 11574 11032 7434 3290
videos.hw01/01_frame/444.jpg 25088 4988 29224 25382 5470 12142 19552 7984 12266 10534 4746 14812 8702 108708 3978 3118
videos.hw01/01_frame/445.jpg 0 3018 3886 1578 0 0 25912 984 532 1064 1030 11014 1618 7412 1792 920
videos.hw01/01_frame/446.jpg 31922 10768 42500 15478 6914 31808 58160 10782 11004 7872 8964 13528 36238 11520 5990 20574
videos.hw01/01_frame/447.jpg 27284 8304 43808 49850 8424 15734 30402 24016 21544 20874 9870 4574 29020 18102 8952 2244
videos.hw01/01_frame/448.jpg 31598 26614 10810 24798 9556 78938 13888 61316 1928 8068 9466 22252 33934 11966 14766 5578
videos.hw01/01_frame/449.jpg 29814 28126 8830 98462 16262 220634 28396 40072 24484 73670 33082 72222 96302 34146 11442 8558
videos.hw01/01_frame/450.jpg 0 0 916 1592 0 54 388 3426 0 988 1368 2588 0 722 1360 184
videos.hw01/01_frame/451.jpg 19776 14662 60182 22088 15674 30368 27738 41220 28106 27888 27472 25802 8348 15112 8124 8388
videos.hw01/01_frame/452.jpg 48174 19138 42818 29418 8020 37572 16280 18816 33868 21254 52508 33240 78216 72580 12276 12696
videos.hw01/01_frame/453.jpg 48032 24390 17192 11702 29472 44718 29442 12994 66558 56134 28528 21128 129804 25774 27526 8390
videos.hw01/01_frame/454.jpg 51306 51916 116490 33670 54434 67240 107616 37496 51628 16838 50526 71210 140392 43464 17776 99668
videos.hw01/01_frame/455.jpg 38638 6080 26744 4172 13148 9072 3238 1134 2672 6618 3342 13576 130 7748 1752 278
videos.hw01/01_frame/456.jpg 65832 66706 94030 17934 18160 57052 23770 40668 57516 18326 30476 26962 113830 18392 11394 21130
videos.hw01/01_frame/457.jpg 16212 25550 83522 50002 33966 85816 59708 37868 45882 61192 69706 47114 201844 188832 44738 25708
videos.hw01/01_frame/458.jpg 35148 22382 35096 17932 27460 23212 20726 63034 17684 15778 28394 57842 74300 26010 6712 5390
videos.hw01/01_frame/459.jpg 20588 16712 82738 49728 20210 12748 40914 105256 36056 21304 46692 7630 5616 8764 5440 27008
videos.hw01/01_frame/460.jpg 32476 24598 57870 34622 6580 36662 129828 32858 22322 27822 25116 47436 29948 29280 6218 31626
videos.hw01/01_frame/461.jpg 20064 50948 32166 6730 7236 41988 155562 4182 16506 11606 13810 10162 19760 8516 8476 24584
videos.hw01/01_frame/462.jpg 30490 13234 50088 5024 29610 28834 270062 21772 37068 21610 23368 18936 177810 14850 19712 1602
videos.hw01/01_frame/463.jpg 0 380 540 5564 0 5086 3054 800 12 3430 5352 2010 0 2864 1810 4340
videos.hw01/01_frame/464.jpg 41092 5000 113124 30152 24704 95692 19540 23288 23400 19380 27628 21572 51770 29660 21328 5040
videos.hw01/01_frame/465.jpg 19260 14418 15668 17926 49304 162004 145492 29132 23478 26914 26726 67204 128956 44538 28428 15756
videos.hw01/01_frame/466.jpg 15588 7150 13082 14662 17308 33682 106910 29060 19858 37894 21560 25230 22290 25704 9780 17368
videos.hw01/01_frame/467.jpg 17340 10574 9314 1468 15348 22170 23606 4774 28198 14764 10502 3236 55768 26474 7288 1720
videos.hw01/01_frame/468.jpg 82172 51362 94830 1066 5356 79708 21460 6900 13340 31260 15486 21360 83500 25522 3994 1336
videos.hw01/01_frame/469.jpg 17768 63682 35508 1936 4960 32518 42470 4516 7948 9034 1598 1178 3386 8492 2350 1070
videos.hw01/01_frame/470.jpg 4944 11436 760 348 2968 1106 3632 318 6460 2494 220 52 4 1736 16 0
videos.hw01/01_frame/471.jpg 13668 41958 90942 27148 6266 17650 76936 17204 19810 29802 16370 14666 9470 19716 4038 1218
videos.hw01/01_frame/472.jpg 27604 34098 46422 5842 16980 52862 28128 63498 18984 25156 17358 21756 16682 12488 8424 524
videos.hw01/01_frame/473.jpg 22108 405994 252950 9516 6192 116570 18618 33934 216416 48078 11068 13914 1025632 282936 21298 16946
videos.hw01/01_frame/474.jpg 1134458 2588762 2518902 1661462 3173998 3091570 1185602 918528 3485928 4168894 1588416 2600486 5382398 11233626 4001926 2184566
videos.hw01/01_frame/475.jpg 0 12 584 624 0 78 1506 22122 0 194 1696 206 0 3202 3986 12270
videos.hw01/01_frame/476.jpg 174006 14608 18918 52356 44178 22472 26632 73956 45924 24232 38018 34908 15358 6182 16026 51940
videos.hw01/01_frame/477.jpg 60236 20136 21812 48768 33272 7054 48918 175818 21524 64948 4620 6694 49532 9460 3202 5666
videos.hw01/01_frame/478.jpg 4396 1724 6230 1966 4958 2142 9680 66092 6010 3184 9244 10912 1438 252 11334 568
videos.hw01/01_frame/479.jpg 4094 12036 3026 16666 5614 8944 74118 61208 13640 13126 11550 28150 1726 3026 1830 1410
videos.hw01/01_frame/480.jpg 1758 2482 18454 19030 6326 7426 19716 18010 12188 19178 5564 15394 9426 574 9626 556
videos.hw01/01_frame/481.jpg 1660 12904 54350 18416 10326 3208 153100 31168 7762 8718 2232 8746 8302 9060 5340 32
videos.hw01/01_frame/482.jpg 1088 31610 9748 54128 15078 3514 99330 21374 6778 11750 11336 16652 11740 39584 14466 762
videos.hw01/01_frame/483.jpg 7144 17518 27662 33240 5134 4562 29524 18802 30790 9250 7394 87370 1574 41716 20580 100
videos.hw01/01_frame/484.jpg 10216 17968 11412 32962 21320 7688 13728 46468 14482 26732 21858 12960 16988 25226 6850 2970
videos.hw01/01_frame/485.jpg 336 148444 14680 19228 19274 8688 19548 21140 7988 63060 3916 36614 1638 16028 24650 4886
videos.hw01/01_frame/486.jpg 4564 7972 3770 13112 20668 13234 20734 6090 48440 9050 9936 17816 9246 2362 7202 546
videos.hw01/01_frame/487.jpg 0 11212 5526 7438 0 238 9858 20236 0 1878 2312 190 0 6354 5086 26
videos.hw01/01_frame/488.jpg 13150 7350 16536 14532 9026 6738 5202 10618 33488 12286 7066 7116 3316 6678 10118 110
videos.hw01/01_frame/489.jpg 26806 10016 39530 42944 9804 37768 85388 85876 18038 97734 9688 19002 24022 7962 25518 12346
videos.hw01/01_frame/490.jpg 13206 3470 71616 32742 26294 4618 13398 20802 12714 15512 4360 24098 37324 16528 22638 2348
videos.hw01/01_frame/491.jpg 18500 21606 27070 11498 17530 3796 26154 33920 78086 16636 10214 9942 30448 1616 8728 874
videos.hw01/01_frame/492.jpg 205938 7434 11992 50872 11720 14180 14530 25588 13848 108852 14600 12444 28298 3142 17878 21252
videos.hw01/01_frame/493.jpg 4158 78970 28200 24532 7996 7854 13064 32382 37692 37602 9172 2646 6570 4070 3296 41862
videos.hw01/01_frame/494.jpg 3856 13268 16708 24308 19680 7680 15596 14018 8646 14720 14288 878 46184 3100 3340 270
videos.hw01/01_frame/495.jpg 228882 4142 17612 34264 31152 38326 4210 32156 80926 9816 7056 7932 7132 8532 6226 344
videos.hw01/01_frame/496.jpg 19354 8708 6528 26344 29806 7766 8896 6434 15852 13288 4794 158 5632 912 6538 8
videos.hw01/01_frame/497.jpg 6866 7744 7272 33482 17202 4936 23024 50272 14900 5166 5450 5724 7850 21224 5610 2382
videos.hw01/01_frame/498.jpg 14104 11488 7394 8870 13636 1852 12210 56612 4990 880 2144 654 9642 6802 6734 2792
videos.hw01/01_frame/499.jpg 0 24218 13436 164 0 302 992 5014 0 68 242 690 0 2122 288 990
videos.hw01/01_frame/500.jpg 32386 1090 40916 9488 11452 1962 21272 17564 4952 322 4052 2106 16832 3598 2890 3152
videos.hw01/01_frame/501.jpg 10892 70330 6800 32098 11516 29694 38076 81554 20466 19332 5656 52636 41238 14298 6876 2116
videos.hw01/01_frame/502.jpg 4 1416 18562 12706 19098 2996 29006 26152 3358 21638 1700 7898 1992 1794 1236 18
videos.hw01/01_frame/503.jpg 7142 24142 5314 14062 15334 1930 19502 17394 18276 11532 13478 8940 3176 2670 7542 1774
videos.hw01/01_frame/504.jpg 4682 102 5174 5740 17016 13658 48036 28630 5816 8878 12136 7254 9602 272 3390 1666
videos.hw01/01_frame/505.jpg 338 4254 31198 10960 21460 7760 21026 6914 3120 17258 5984 10674 1736 1156 2512 1974
videos.hw01/01_frame/506.jpg 1190 2326 3532 20888 7306 12004 9274 6046 3216 23538 58108 10682 1548 5942 4104 470
videos.hw01/01_frame/507.jpg 9248 9626 28364 7264 22298 1998 8376 26798 7230 64468 42980 22702 11932 4876 3746 23374
videos.hw01/01_frame/508.jpg 46366 19846 75740 15650 25470 22774 11658 93652 34586 10880 59614 12102 9582 13572 13344 4904
videos.hw01/01_frame/509.jpg 1018 322 6452 23304 16718 5074 13654 5078 15810 4178 2342 198 16766 322 672 12886
videos.hw01/01_frame/510.jpg 52080 60802 13586 48396 13790 6314 18366 10638 58966 55686 17442 20874 25124 3548 19938 10730
videos.hw01/01_frame/511.jpg 32 9002 3122 17516 36 868 6506 11632 5070 22686 7996 3566 2946 1378 1546 5668
videos.hw01/01_frame/512.jpg 15272 36866 6342 36944 12018 4412 47142 47582 31276 26090 10186 12648 24716 544 3596 13084
videos.hw01/01_frame/513.jpg 71598 23150 45970 97536 35640 4014 169198 43462 36282 8930 10870 18552 790 2234 89430 3440
videos.hw01/01_frame/514.jpg 2492 10576 3526 16248 7986 5862 12826 14884 3268 9522 2688 6276 4108 18946 602 3782
videos.hw01/01_frame/515.jpg 4428 248 13020 14970 10144 12406 12494 6482 14650 5712 18340 52 7516 5496 5456 0
videos.hw01/01_frame/516.jpg 8412 2854 18088 34284 17290 14008 13192 3336 24664 62128 36544 12720 29940 5098 72046 4694
videos.hw01/01_frame/517.jpg 1414 13314 4814 22930 5856 10448 6234 5532 4730 5148 4606 13738 1700 1424 1936 892
videos.hw01/01_frame/518.jpg 11222 2042 8520 5256 8804 6358 27806 27356 12636 7434 4122 15996 478 534 5206 822
videos.hw01/01_frame/519.jpg 2834 690 9306 2208 11752 2522 42730 17562 11406 13170 10528 5072 11718 226 75264 240
videos.hw01/01_frame/520.jpg 2354 1014 1386 6048 8136 7646 83366 13914 7124 9362 3004 2952 892 2760 4342 22
videos.hw01/01_frame/521.jpg 2568 618 2306 1550 1680 4122 41590 1090 4090 6738 8446 688 798 110 42 0
videos.hw01/01_frame/522.jpg 416 3864 6820 7894 7366 6284 21632 1200 3460 3492 3462 988 848 298 76874 2522
videos.hw01/01_frame/523.jpg 0 37306 310 2694 188 388 1918 26 0 148 1510 512 0 2 72302 288
videos.hw01/01_frame/524.jpg 44768 12914 105708 17620 16232 11608 22930 11120 24088 14666 9742 21434 18930 8120 86536 13268
videos.hw01/01_frame/525.jpg 9330 7430 11500 2272 13002 13816 48424 23764 10750 7528 12086 6992 18906 4978 70304 350
videos.hw01/01_frame/526.jpg 14468 48698 17958 48554 7652 13570 19718 23270 8984 6712 16762 63350 5258 1810 6466 5762
videos.hw01/01_frame/527.jpg 12054 542 3690 19098 17646 5220 2692 8302 15232 6170 15192 13244 12998 1696 52970 4380
videos.hw01/01_frame/528.jpg 139540 37158 2694 7326 11212 9540 19110 22746 22142 3780 31102 11536 113114 4922 83402 2228
videos.hw01/01_frame/529.jpg 34396 50492 16542 13610 12818 2972 3142 11906 39248 53098 2948 300 4616 6340 2754 0
videos.hw01/01_frame/530.jpg 5458 482 4214 24290 12784 3812 5462 16892 5992 8982 13644 420 8042 372 1516 1326
videos.hw01/01_frame/531.jpg 22374 27860 17038 6892 24348 4128 7806 16538 18818 3788 32134 15772 28378 3172 15972 2496
videos.hw01/01_frame/532.jpg 284 7532 21404 23496 3988 5204 44848 9768 7574 3734 2130 4560 2992 862 12978 1580
videos.hw01/01_frame/533.jpg 26618 5340 17464 13774 16942 8098 29372 28888 4854 19140 12452 11270 17960 1390 39524 886
videos.hw01/01_frame/534.jpg 804 1518 14062 29602 2280 5000 13342 40998 19066 240 692 534 4654 1366 3936 6
videos.hw01/01_frame/535.jpg 0 1276 12746 8342 0 2212 6524 16194 13634 514 906 1190 2 1116 1592 9452
videos.hw01/01_frame/536.jpg 1994 542 7482 52454 6464 9122 61206 17894 6930 1444 3706 1730 2284 1828 3062 9452
videos.hw01/01_frame/537.jpg 12022 4830 46812 72668 5180 22324 68354 153726 15894 3106 10492 52404 31148 3540 42478 57904
videos.hw01/01_frame/538.jpg 4370 702 9854 16128 5130 6738 7474 88736 12004 3610 2754 4190 24692 2386 866 910
videos.hw01/01_frame/539.jpg 7644 3356 2326 4602 6858 3916 12820 10770 37252 9334 16260 1038 2098 1524 15432 638
videos.hw01/01_frame/540.jpg 4972 10322 6032 15924 10944 3240 14412 13594 5688 21402 3272 10822 2058 3166 27394 58
videos.hw01/01_frame/541.jpg 2220 3314 3562 16438 6812 1874 20606 8536 4126 8454 25292 3670 3230 2288 11348 96
videos.hw01/01_frame/542.jpg 4394 984 3770 20346 4132 4644 55312 28532 4244 5726 262 1548 702 2136 256 0
videos.hw01/01_frame/543.jpg 5568 840 10204 54342 10438 2900 88270 15384 29468 5090 7224 35888 11328 346 22118 1808
videos.hw01/01_frame/544.jpg 24722 7004 10736 30294 20252 11202 25258 65898 8514 1652 16888 8562 8696 294 3824 1140
videos.hw01/01_frame/545.jpg 30718 648 4976 27422 9872 3294 130894 110668 7946 13948 7124 2302 9200 598 14696 62
videos.hw01/01_frame/546.jpg 11724 75972 13762 54826 14000 5324 156888 156370 24234 4042 17758 27216 13016 22222 20584 29216
videos.hw01/01_frame/547.jpg 0 14988 1050 4484 0 818 9604 1252 0 7044 2214 772 0 2476 32528 15866
videos.hw01/01_frame/548.jpg 10048 1634 6112 49386 12974 34678 11840 25552 29682 9160 2304 3768 59538 1008 32410 16910
videos.hw01/01_frame/549.jpg 30400 29822 31318 52224 16764 53648 83180 327074 13532 37422 11118 13032 77500 31880 46982 3172
videos.hw01/01_frame/550.jpg 15222 3884 7892 20010 8698 18696 84426 55322 14906 1832 3956 34010 51924 3736 928 5746
videos.hw01/01_frame/551.jpg 1518 294 8420 14044 13122 10988 39252 66564 10480 4844 7696 5016 2 3164 148 18
videos.hw01/01_frame/552.jpg 2000 7526 4424 14532 11254 9574 148984 20532 11772 14864 6416 90068 9612 2598 1038 192
videos.hw01/01_frame/553.jpg 29384 22828 28308 12176 15662 10064 138882 326580 18992 6094 8568 13394 198 2660 2562 316
videos.hw01/01_frame/554.jpg 2058 4902 16632 6004 16056 7634 22136 68230 13308 26766 8058 9118 4368 6820 7264 4540
videos.hw01/01_frame/555.jpg 4918 812 1500 7530 3446 5194 12530 4698 778 1980 11682 1472 6418 6242 3024 142
videos.hw01/01_frame/556.jpg 62 1806 7614 8028 7628 10280 43516 36636 4516 20646 3128 8730 812 4426 13386 160
videos.hw01/01_frame/557.jpg 712 144 15070 12458 4096 5490 36086 16552 6724 7908 3152 840 0 16574 1818 156
videos.hw01/01_frame/558.jpg 8266 4478 8272 16818 10184 3918 219474 15282 21488 14502 3888 9000 40608 3226 948 8
videos.hw01/01_frame/559.jpg 0 692 9208 512 0 11668 690 720 200 222 962 110 0 1202 20 8
videos.hw01/01_frame/560.jpg 550 15444 30704 43528 9704 17778 186694 40810 13362 3274 4610 9372 1996 3758 13408 8
videos.hw01/01_frame/561.jpg 3522 3812 42446 13826 18050 86970 80610 223950 50110 35968 15964 60180 10420 8976 5496 33902
videos.hw01/01_frame/562.jpg 10128 18636 4680 11140 1594 13198 31480 385608 8082 8762 47224 27804 8000 20076 9732 3354
videos.hw01/01_frame/563.jpg 16104 5088 27588 21304 5304 9422 17312 17724 7278 16350 19422 3488 2682 11556 19574 718
videos.hw01/01_frame/564.jpg 14818 27698 6392 7590 20770 11572 13926 183648 85332 7446 2626 1692 61752 46862 7272 680
videos.hw01/01_frame/565.jpg 6690 21034 12582 7426 13802 5206 19852 64882 3600 7380 9246 10586 10 3112 9066 0
videos.hw01/01_frame/566.jpg 5526 23022 23614 11760 8454 5942 38110 79462 20282 38924 8022 12500 9786 10186 942 12830
videos.hw01/01_frame/567.jpg 11690 102640 10360 54822 8918 3732 27778 12924 7358 2410 3342 1474 10352 7710 3308 3238
videos.hw01/01_frame/568.jpg 2794 1180 14272 24462 11282 6358 33018 32368 16994 7568 3750 1350 0 1900 5360 0
videos.hw01/01_frame/569.jpg 2778 7956 22270 41506 11272 3758 17038 17404 55786 4312 25354 1882 12396 14752 6232 790
videos.hw01/01_frame/570.jpg 4812 4332 4356 15614 3192 2556 6840 3284 5262 5756 7118 5030 1458 6548 1166 80
videos.hw01/01_frame/571.jpg 0 958 1932 6844 0 180 902 8886 0 548 202 378 0 1286 2192 2
videos.hw01/01_frame/572.jpg 7260 24584 12914 13320 3360 10346 4520 46188 5214 6390 8574 285420 6040 8788 7276 3612
videos.hw01/01_frame/573.jpg 12412 27928 47092 5416 11804 10336 36894 11448 17204 9280 21456 20648 13922 4182 16550 26820
videos.hw01/01_frame/574.jpg 28810 11068 37952 9648 12178 3446 235178 30232 4498 3172 1452 10478 24238 2014 11004 844
videos.hw01/01_frame/575.jpg 5518 982 6314 5028 5580 1944 6320 12832 1148 1112 3008 3140 1938 382 74 736
videos.hw01/01_frame/576.jpg 26926 23432 10858 16664 11912 12916 35942 10124 9150 1700 7096 32430 1956 2764 3800 4276
videos.hw01/01_frame/577.jpg 514 32 7970 2292 4050 8472 4522 240610 3150 6934 20412 27350 0 988 2614 8
videos.hw01/01_frame/578.jpg 1040 1024 8910 19570 3026 14418 23410 18492 18344 12488 11208 39746 34 12 4426 6206
videos.hw01/01_frame/579.jpg 9656 72 2744 7020 9016 288 1654 1518 2126 5568 5298 13390 1904 54 260 824
videos.hw01/01_frame/580.jpg 5990 25230 33290 16452 6600 20710 47794 22226 9250 2828 16562 9656 886 638 2428 8720
videos.hw01/01_frame/581.jpg 5636388 4944736 4385014 1260038 2818678 3302632 6283372 2749316 1230002 2253732 3618672 2820296 393812 7430340 3750468 722062
videos.hw01/01_frame/582.jpg 30666 15480 17322 43352 27974 2728 12852 74946 12454 11970 11680 23650 39360 19340 29700 60086
videos.hw01/01_frame/583.jpg 5194 984 776 6340 5356 1074 466 5652 3306 7066 5096 804 19294 5344 7834 1692
videos.hw01/01_frame/584.jpg 8514 1848 780 8958 5394 1090 506 4824 3268 9840 2742 12512 44714 3018 6464 5094
videos.hw01/01_frame/585.jpg 5348 7284 4300 20066 6498 2424 7736 11960 11244 30190 51332 8452 12766 8562 18532 18802
videos.hw01/01_frame/586.jpg 4034 502 32 7342 616 178 0 1616 27028 2336 4584 330 67928 1842 11552 2452
videos.hw01/01_frame/587.jpg 1792 902 384 608 1978 752 1888 1016 5942 17838 68648 2294 103952 9560 10386 5936
videos.hw01/01_frame/588.jpg 0 410 1090 758 102 52 344 304 1822 5854 3820 1390 2774 2872 2652 6070
videos.hw01/01_frame/589.jpg 58 708 66 170 312 218 322 6340 1890 10926 9668 2328 17656 4114 19454 328
videos.hw01/01_frame/590.jpg 1198 1024 2434 2352 3106 1554 1018 37828 2760 3428 47368 930 10462 6074 17104 1368
videos.hw01/01_frame/591.jpg 1088 1554 5032 2490 6994 3202 6238 2054 2564 5872 26508 2240 6048 19068 28420 4068
videos.hw01/01_frame/592.jpg 0 856 2 6998 420 5908 11208 7874 10080 18752 29538 630 5638 6594 28270 15226
videos.hw01/01_frame/593.jpg 4184 268 0 22 34 2 94 666 4046 3718 646 1290 4450 1460 16474 17470
videos.hw01/01_frame/594.jpg 12640 10824 14452 42822 6020 4302 2306 17706 8340 8882 6756 9434 6816 38946 23824 32092
videos.hw01/01_frame/595.jpg 0 468 408 90 0 134 456 870 2278 194 4366 116 116 4186 260 18
videos.hw01/01_frame/596.jpg 16 396 416 100 1500 220 232 506 8128 1862 4518 32 4222 1690 4150 432
videos.hw01/01_frame/597.jpg 17596 798 1320 64540 2942 1310 2642 23030 17286 5856 11440 1978 10612 5322 14814 5162
videos.hw01/01_frame/598.jpg 6442 3644 19938 23084 5820 1848 1048 22384 10140 7432 11616 2708 16246 14564 47158 3642
videos.hw01/01_frame/599.jpg 2486 4164 1398 14556 3898 2872 2552 5036 15648 10984 4772 8982 6732 1826 40530 19220
videos.hw01/01_frame/600.jpg 2266 186 1682 136 218 558 642 6302 5444 3834 2186 358 24600 3370 1300 608
videos.hw01/01_frame/601.jpg 3004 2624 978 1070 1804 1546 1380 5958 3494 4088 3932 810 16386 20860 6504 3000
videos.hw01/01_frame/602.jpg 5800 2214 2738 19742 7862 908 4760 1456 2894 5026 8022 4162 3296 9140 6176 2706
videos.hw01/01_frame/603.jpg 2968 4406 2054 524 3468 2578 15786 8562 5770 14806 3900 2600 4272 4928 20864 6686
videos.hw01/01_frame/604.jpg 4460 518 2472 270 2244 618 390 194 5528 5780 1274 866 1812 3054 28916 2
videos.hw01/01_frame/605.jpg 1152 3026 2156 572 904 3054 1236 556 2974 5736 4534 276 8418 7422 4004 650
videos.hw01/01_frame/606.jpg 2374 1572 1294 3070 2756 4696 2220 16828 8698 6012 1792 1044 8924 4294 28578 20440
videos.hw01/01_frame/607.jpg 1320 880 14 0 198 96 2 6 1686 7732 114 0 418 3188 56 0
videos.hw01/01_frame/608.jpg 3404 1266 834 1978 1836 1376 982 2300 3320 29634 1024 2658 1802 16960 4026 5458
videos.hw01/01_frame/609.jpg 7434 3968 6198 15184 6922 4810 7546 3210 15442 14058 6416 1096 10482 9092 16762 10954
videos.hw01/01_frame/610.jpg 7666 3662 3618 830 7712 3100 1524 15618 1156 9470 19986 1726 21480 14840 15320 22254
videos.hw01/01_frame/611.jpg 202 3622 270 186 6296 1888 98 4668 746 4726 956 3306 4826 3790 3232 936
videos.hw01/01_frame/612.jpg 522 3780 2630 734 1716 1220 2630 4102 1470 11390 5376 8196 404 4740 6432 2738
videos.hw01/01_frame/613.jpg 794 2396 884 134 1968 928 1338 3938 914 3144 1188 2872 2516 2520 8906 5570
videos.hw01/01_frame/614.jpg 2110 1578 72 40 2454 54 156 1774 2930 9248 1724 6050 21088 2398 688 466
videos.hw01/01_frame/615.jpg 3092 5286 1982 3498 13764 4934 10826 16104 3336 28042 2030 10012 9088 27784 66422 17594
videos.hw01/01_frame/616.jpg 1464 14 0 22 2 390 3280 9952 4316 3706 1424 434 44 6422 38264 686
videos.hw01/01_frame/617.jpg 12966 5472 4702 19440 8796 520 9556 14170 24876 3558 3654 3668 12420 13320 76428 10296
videos.hw01/01_frame/618.jpg 100 438 60 2138 908 234 1788 13686 2072 12406 6038 2022 4748 3816 8466 2908
videos.hw01/01_frame/619.jpg 2392 2990 88 1186 544 136 40 6 1530 10868 700 158 11648 2922 31990 7244
videos.hw01/01_frame/620.jpg 19330 2600 1328 19718 6822 2602 36156 35626 2812 8074 17836 10488 19860 3278 170678 5844
videos.hw01/01_frame/621.jpg 9718 7482 4528 19798 6250 5290 870 13822 8340 11066 147628 3794 11330 24972 229630 15012
videos.hw01/01_frame/622.jpg 12708 4690 2028 2464 15210 7550 16876 4406 5670 5702 3594 18142 3504 10416 12050 11812
videos.hw01/01_frame/623.jpg 7748 2088 2110 23486 2796 3826 712 3884 10436 6774 6072 14536 6702 3848 5730 51376
videos.hw01/01_frame/624.jpg 864 1904 2054 466 4472 5784 30246 4038 6288 8466 45570 8792 72320 4854 19230 6090
videos.hw01/01_frame/625.jpg 4810 5976 14156 9246 3118 5928 16120 4574 264 16850 9818 1758 7946 8578 10160 4342
videos.hw01/01_frame/626.jpg 3624 3478 4130 1866 1894 2458 320 36074 8142 5058 2164 5494 20540 9976 21312 11168
videos.hw01/01_frame/627.jpg 0 884 412 4116 0 1162 3704 814 246 3920 19038 2736 44 5190 12382 3124
videos.hw01/01_frame/628.jpg 10520 2018 306 4914 3998 3308 2860 2816 1130 9728 17322 2878 82 3462 17266 3494
videos.hw01/01_frame/629.jpg 12444 12530 5104 20532 6942 3764 4550 22178 6330 14676 18860 5934 13828 12442 68638 18068
videos.hw01/01_frame/630.jpg 690 3160 466 4166 7708 4400 470 3454 1734 12340 13360 11712 7444 8550 41686 1772
videos.hw01/01_frame/631.jpg 52 1746 0 1386 1522 320 0 0 1092 4544 0 2 116 2060 196 524
videos.hw01/01_frame/632.jpg 1872 2108 854 6340 2438 2202 546 3488 3948 3550 1904 248 10546 8920 3258 956
videos.hw01/01_frame/633.jpg 11892 5650 6614 7632 15566 5588 4456 70056 11194 14870 8362 9338 116040 29876 19206 5480
videos.hw01/01_frame/634.jpg 1614 2730 410 10652 2738 838 242 3036 7404 6804 6920 7282 32490 9736 36072 6226
videos.hw01/01_frame/635.jpg 11656 4032 2170 10454 10474 9134 5866 17478 10344 8824 28128 4050 18472 11848 51124 22376
videos.hw01/01_frame/636.jpg 246 1772 320 2956 2700 4306 1352 21594 8046 16188 3082 15984 20456 6218 7708 4532
videos.hw01/01_frame/637.jpg 2054 2726 222 1970 1422 2112 376 1710 11108 13338 34788 722 3448 5008 17742 1000
videos.hw01/01_frame/638.jpg 13426 7322 12960 8938 23686 6816 33154 51194 27914 25776 4552 2816 19736 23252 12648 7896
videos.hw01/01_frame/639.jpg 5342 954 2018 6054 5094 1452 70 10192 3532 11550 15728 408 17928 3516 7420 2990
videos.hw01/01_frame/640.jpg 692 574 2218 6304 374 450 3610 18 15160 8178 4748 42 3612 6152 2932 2388
videos.hw01/01_frame/641.jpg 5064 1606 10282 9124 5280 3594 36552 14690 40004 7048 30700 10926 7534 10100 95084 4176
videos.hw01/01_frame/642.jpg 0 32 2280 2400 0 42 298 1516 0 3148 12814 304 0 312 216 876
videos.hw01/01_frame/643.jpg 992 414 326 7510 1772 656 2348 992 1588 5722 9634 310 1508 4176 450 1390
videos.hw01/01_frame/644.jpg 22098 8320 4868 9284 41084 2722 23528 31844 6006 10398 13188 9280 27696 5650 66720 34610
videos.hw01/01_frame/645.jpg 5442 3028 5648 6452 6200 900 25280 31608 6158 4854 42620 3424 13814 8090 81960 4200
videos.hw01/01_frame/646.jpg 5354 2884 464 7808 626 396 6324 3210 12850 4310 1444 2252 2906 6836 5364 1862
videos.hw01/01_frame/647.jpg 6 438 596 3196 62 108 206 1344 13846 1398 184 972 510 2116 3274 336
videos.hw01/01_frame/648.jpg 2620 842 574 696 3882 1766 3628 3098 6510 2850 58604 6864 4052 7382 34952 638
videos.hw01/01_frame/649.jpg 16 336 266 436 2240 152 228 40 592 2564 410 1002 108 2882 1020 88
videos.hw01/01_frame/650.jpg 2672 920 1108 294 6748 844 1936 9692 3300 1978 9716 1290 4368 6834 13580 10018
videos.hw01/01_frame/651.jpg 1518 5200 302 1476 416 5032 4554 4780 434 2032 1164 1028 378 2970 1290 110
videos.hw01/01_frame/652.jpg 782 5778 194 586 988 1912 0 4638 1796 540 4 64 354 1698 2 110
videos.hw01/01_frame/653.jpg 9318 21552 15076 105690 31206 10394 3120 35102 77802 14000 75404 6550 60764 278344 93550 57332
videos.hw01/01_frame/654.jpg 5036378 5128314 5191350 1404572 2336344 5818832 7389672 2005396 932028 2702204 4297234 2812090 302226 7658340 2673428 769478
videos.hw01/01_frame/655.jpg 0 0 1004 6540 0 278 1426 282 0 2 62 458 0 1648 3622 1892
videos.hw01/01_frame/656.jpg 18834 17912 46482 21890 67420 21664 34118 324148 124678 60352 116356 116178 36044 9036 4608 9870
videos.hw01/01_frame/657.jpg 39712 5418 12444 13348 41356 1902 7814 47100 13852 8852 93934 168064 16280 16850 5020 16298
videos.hw01/01_frame/658.jpg 6918 1938 1122 5044 3608 3640 16994 120000 4672 1942 5500 9188 3174 6340 816 10
videos.hw01/01_frame/659.jpg 87530 27370 11284 46618 37040 11936 189120 82624 21170 25294 70392 43430 19670 33180 27450 31696
videos.hw01/01_frame/660.jpg 1724 1530 0 22500 7760 4032 1410 75172 11384 9138 2204 4882 1888 1164 1680 2228
videos.hw01/01_frame/661.jpg 5568 12362 1102 22140 21128 7486 2510 77104 14724 22218 6166 7152 2376 484 4282 1510
videos.hw01/01_frame/662.jpg 1382 116 286 19704 12592 2946 2670 32216 8298 20976 3478 10130 1378 446 2190 2212
videos.hw01/01_frame/663.jpg 1782 5652 4606 6326 15828 6190 5672 28034 6354 8938 8230 20344 5348 816 7712 10442
videos.hw01/01_frame/664.jpg 440 13628 5292 4902 6628 7104 9496 68636 3458 4252 610 3224 14610 4982 1396 470
videos.hw01/01_frame/665.jpg 8 6750 1582 8932 23150 6834 5022 22262 6222 4552 21496 12792 112 6568 940 698
videos.hw01/01_frame/666.jpg 19462 2192 1332 21080 16566 11302 11256 30930 902 5784 10516 2542 9550 7462 23972 9840
videos.hw01/01_frame/667.jpg 0 10 2006 8392 0 1372 622 2562 0 242 2004 370 0 1674 5418 4632
videos.hw01/01_frame/668.jpg 9682 20622 2706 10678 17902 6258 14750 25842 3860 10916 13940 19498 1306 1602 2302 46988
videos.hw01/01_frame/669.jpg 15444 11608 4256 31770 41870 8980 8662 309926 6112 6228 15400 17848 7958 1052 9608 16432
videos.hw01/01_frame/670.jpg 11266 34328 4244 11042 16848 5096 2436 161750 7964 2448 15106 25534 15478 17248 6250 17032
videos.hw01/01_frame/671.jpg 13002 562 34672 47862 9632 5104 4556 40330 3782 4042 15118 4192 14360 15270 4428 24538
videos.hw01/01_frame/672.jpg 34770 48346 16970 30800 60336 3860 8250 221720 40546 14014 14636 7114 58256 1760 46558 3162
videos.hw01/01_frame/673.jpg 98022 116700 4472 17648 64768 12070 2572 146778 45776 3244 4726 944 11656 5304 3752 2448
videos.hw01/01_frame/674.jpg 84932 23026 4380 31054 16408 8944 4538 87162 37266 6926 3466 4264 6760 956 12840 2330
videos.hw01/01_frame/675.jpg 42740 1076 2874 4990 7636 12662 20840 189974 14438 15730 8332 3644 21126 1248 5360 14198
videos.hw01/01_frame/676.jpg 29970 3488 34614 16410 18392 3172 3576 52416 4492 10564 7720 8918 2710 2588 2544 8254
videos.hw01/01_frame/677.jpg 14178 7088 6592 11648 20442 2390 13596 162440 11460 31944 3514 430 3914 3650 3138 1370
videos.hw01/01_frame/678.jpg 5242 5460 18972 32426 3940 35930 2858 73852 6782 7700 11674 228 11378 5398 18756 5264
videos.hw01/01_frame/679.jpg 14 1542 1108 1890 0 726 1282 24002 884 1006 884 138 338 6 5410 380
videos.hw01/01_frame/680.jpg 1380 7056 10490 10000 1450 678 2314 13514 14058 484 5126 1590 9376 286 7778 3412
videos.hw01/01_frame/681.jpg 26842 6238 13366 27684 14852 21064 10618 142790 13234 19618 4948 2956 4328 28228 4550 7264
videos.hw01/01_frame/682.jpg 542 132 2082 24930 4722 4224 6066 64608 25792 4804 4226 12872 1376 458 33058 570
videos.hw01/01_frame/683.jpg 204 676 844 17748 6028 4008 13916 66406 4528 3264 4922 43568 122 34 3308 880
videos.hw01/01_frame/684.jpg 6020 19180 1912 26634 5318 5950 48536 83636 5458 4478 3844 1130 1386 1294 2256 514
videos.hw01/01_frame/685.jpg 268 2 7602 22218 6678 10140 47502 164614 30196 11704 14166 24840 984 1370 72 288
videos.hw01/01_frame/686.jpg 14334 1942 4362 27514 5826 9494 21692 125194 13484 6932 15740 1988 472 1426 34104 2360
videos.hw01/01_frame/687.jpg 8 4034 364 15844 7770 7730 3514 70504 1078 13414 10000 522 3068 1354 38632 1600
videos.hw01/01_frame/688.jpg 19304 8942 5000 16632 13308 6328 9452 85764 16912 3746 16430 7712 32348 7330 21794 11660
videos.hw01/01_frame/689.jpg 16266 13954 5004 19288 19686 13772 3964 27602 46130 4922 12722 9064 13052 2574 12070 1052
videos.hw01/01_frame/690.jpg 104290 734 9454 39430 8338 24350 12418 67868 19998 19622 3184 6566 12534 6624 47710 15270
videos.hw01/01_frame/691.jpg 13228 1268 3352 9392 364 11280 1326 3124 2092 6446 1624 1252 968 1480 12176 54020
videos.hw01/01_frame/692.jpg 5536 19724 11584 32900 7840 38918 17080 34932 15708 4080 2094 1896 3926 1224 17802 35404
videos.hw01/01_frame/693.jpg 10438 33900 27708 106830 19424 40230 142996 233052 16482 46880 15778 38342 19634 26396 30992 21082
videos.hw01/01_frame/694.jpg 3400 7550 2796 32566 10764 6686 105136 164326 2246 1358 14396 1202 4366 164 1300 15786
videos.hw01/01_frame/695.jpg 4320 1074 2834 12432 3986 3458 12206 37652 318 5146 13572 16566 1872 106 7246 1964
videos.hw01/01_frame/696.jpg 968 4752 2530 10868 8460 1818 217320 15270 9528 3004 5404 868 7376 2022 2488 1460
videos.hw01/01_frame/697.jpg 7242 870 16198 8082 8962 2278 12960 83264 18402 4928 8798 502 4706 1966 1584 2940
videos.hw01/01_frame/698.jpg 1500 4302 2114 10094 2016 6272 3440 13994 3912 10616 50524 26 2432 1976 2136 3780
videos.hw01/01_frame/699.jpg 4128 576 396 6740 3796 3392 4868 6076 3360 1836 1004 130 1210 188 84 762
videos.hw01/01_frame/700.jpg 11316 2246 898 28028 5092 4894 12670 16796 8642 6208 2316 0 0 0 100 188
videos.hw01/01_frame/701.jpg 8392 7128 4126 41522 9630 5510 27136 14616 17824 6864 5318 642 722 134 346 2
videos.hw01/01_frame/702.jpg 1772 430 3648 2714 15930 9698 7308 36080 22060 6890 6576 962 620 1558 328 2
videos.hw01/01_frame/703.jpg 0 2114 3076 3144 0 584 84840 1740 0 734 204 30 18 52 0 12
videos.hw01/01_frame/704.jpg 2566 20390 1774 12132 7244 8676 92004 14138 5812 3126 5766 1208 3246 52 0 14
videos.hw01/01_frame/705.jpg 7592 1042 12160 64556 33964 17836 660516 180084 8296 35212 22568 42406 20844 1112 23434 9504
videos.hw01/01_frame/706.jpg 0 580 804 14750 0 3100 1372 348 14 136 400 34882 8 20 178 140
videos.hw01/01_frame/707.jpg 314616 150068 23378 40776 11352 4474 7570 15912 6080 7140 44598 37004 7880 12850 1830 3632
videos.hw01/01_frame/708.jpg 2961162 5657202 5366076 1588836 2183368 4268406 3010874 1435148 3267218 5939624 4389850 4152494 4294656 9158466 7837514 908540
videos.hw01/01_frame/709.jpg 388620 120648 201122 64868 23550 16070 28098 173584 16504 46224 227428 42698 30628 104900 45238 42934
videos.hw01/01_frame/710.jpg 8652 1556 21688 18270 3230 1206 9444 59848 7748 694 2514 52842 12406 518 2108 29934
videos.hw01/01_frame/711.jpg 7834 2762 8964 3844 4418 2484 7738 2712 5566 2340 2544 5540 11166 10294 554 3074
videos.hw01/01_frame/712.jpg 3652 1406 6178 10448 3000 1842 3578 50120 4802 450 5168 11092 2032 1736 1566 5226
videos.hw01/01_frame/713.jpg 3388 17494 14120 124094 4678 6460 8456 9984 7376 2772 2994 30128 4006 11552 6054 18530
videos.hw01/01_frame/714.jpg 3380 460 2874 8852 162 1540 4856 14350 1318 2256 3414 34314 520 8570 8862 2262
videos.hw01/01_frame/715.jpg 0 180 39224 250 0 1250 2526 32 970 1252 974 322 328 336 562 2328
videos.hw01/01_frame/716.jpg 2294 9096 29090 4130 2878 1244 54702 18028 6604 1502 115694 10144 1404 1156 654 7114
videos.hw01/01_frame/717.jpg 127098 17382 61234 121102 7288 13854 105582 52596 16844 9988 103392 48348 10974 6346 8938 6548
videos.hw01/01_frame/718.jpg 3234 2970 9078 157270 12982 3832 10888 55054 5868 1424 2378 6020 13530 4270 1556 11442
videos.hw01/01_frame/719.jpg 572 258 3068 8008 652 502 3274 19752 1586 434 776 1712 1618 4736 320 2584
videos.hw01/01_frame/720.jpg 4734 1768 4492 52680 4158 4118 15140 34050 12854 1048 2158 7856 2188 5278 2042 8912
videos.hw01/01_frame/721.jpg 1636 1674 1310 18184 2400 284 26604 3084 8854 544 16 1354 1744 2156 2512 2222
videos.hw01/01_frame/722.jpg 5668 5040 69688 11884 3278 10996 4948 57084 16622 6836 4528 4044 3606 15550 8966 32886
videos.hw01/01_frame/723.jpg 1510 790 6278 5430 2494 356 6902 9516 1844 554 1790 2798 1102 2210 132 4290
videos.hw01/01_frame/724.jpg 4266 6080 26042 20014 4124 6914 40990 39756 12378 6772 17420 18022 15338 9704 7214 9274
videos.hw01/01_frame/725.jpg 4122 5368 1058 6922 4518 5540 2756 206084 4550 10622 3220 14246 2528 5632 3942 5640
videos.hw01/01_frame/726.jpg 35510 16740 31984 438698 20580 11440 27688 41742 10168 1774 11150 17928 6932 10540 12236 12294
videos.hw01/01_frame/727.jpg 0 254 5716 2212 34 3884 17126 6814 62 300 1624 4912 10 216 2218 5360
videos.hw01/01_frame/728.jpg 16362 3358 3324 15238 24986 5450 15058 59392 7850 802 5220 5964 3036 7138 5070 11190
videos.hw01/01_frame/729.jpg 24060 4544 29748 39584 9934 29016 39770 204976 13246 1962 52886 15666 18238 4612 2366 9094
videos.hw01/01_frame/730.jpg 36004 20606 47976 110288 21630 5764 36164 22508 16288 10238 19434 75796 10594 4650 3640 46644
videos.hw01/01_frame/731.jpg 4596 406 3010 7854 7854 1470 680 24802 5782 1232 6814 26620 5130 11730 1364 7722
videos.hw01/01_frame/732.jpg 3494 4216 7070 5036 11564 5780 13044 10840 9868 11336 368 6822 11194 3986 1966 5512
videos.hw01/01_frame/733.jpg 3896 952 15086 24786 1434 8486 23954 54970 11036 388 9408 6094 1554 934 3340 3346
videos.hw01/01_frame/734.jpg 18946 4944 16392 8022 1632 2806 8814 51042 1034 5944 10948 4896 1084 18754 3460 17040
videos.hw01/01_frame/735.jpg 2524 2866 7990 5304 1568 1646 60956 13122 15898 1058 3684 5104 1408 7428 2944 12262
videos.hw01/01_frame/736.jpg 2072 846 634 7778 612 820 26580 14000 1696 1712 12096 36176 5946 2164 22 3656
videos.hw01/01_frame/737.jpg 18820 5272 16924 7782 14124 3018 7600 17458 11160 2414 10418 26768 14048 9722 818 7150
videos.hw01/01_frame/738.jpg 5672 4506 6292 42614 1902 1876 11274 14080 13616 1298 4416 13826 2316 5408 770 3172
videos.hw01/01_frame/739.jpg 0 242 68 4240 0 198 2920 1674 0 1052 702 7280 2 1582 3408 120
videos.hw01/01_frame/740.jpg 16472 3348 7286 15610 3916 1316 28828 32236 6034 1434 78652 8552 5448 5854 2686 11434
videos.hw01/01_frame/741.jpg 7052 8402 20016 97474 10530 12810 81994 25236 13958 5496 84076 32210 10584 15488 12250 20376
videos.hw01/01_frame/742.jpg 58272 10266 13648 86030 30334 3918 22700 9208 16494 8562 51320 22160 9236 9002 7384 56610
videos.hw01/01_frame/743.jpg 6206 0 482 34 2492 30 204 326 926 1894 15872 0 394 0 130 2
videos.hw01/01_frame/744.jpg 11664 5132 17050 146974 10882 6150 31716 168792 3928 4284 68912 28234 4300 4166 5676 4072
videos.hw01/01_frame/745.jpg 15002 4326 12014 86708 10422 3128 74518 108064 7294 2844 8304 37876 16962 5754 7466 22884
videos.hw01/01_frame/746.jpg 3972 2370 16092 23660 1582 1902 28216 11518 786 1034 3884 4760 1432 3938 4134 7604
videos.hw01/01_frame/747.jpg 52808 2068 20734 22026 16510 1300 69720 4204 7990 5416 10868 28050 3376 2778 1856 2834
videos.hw01/01_frame/748.jpg 3012 2854 13452 9446 1662 1206 18814 28182 942 4042 77688 12116 13482 8210 1122 1118
videos.hw01/01_frame/749.jpg 2158 3770 14214 18620 17984 2832 4810 31594 2352 1934 14150 16870 6742 2596 2186 7864
videos.hw01/01_frame/750.jpg 5162 8844 32574 20432 2848 5356 3662 14466 3916 4700 7904 7742 4616 10150 4724 11606
videos.hw01/01_frame/751.jpg 0 2688 8570 1236 0 172 1706 9490 62 1922 4678 10170 0 754 1372 3482
videos.hw01/01_frame/752.jpg 11936 3926 4794 6198 1886 3008 12578 14722 1148 3524 8088 28940 1620 1626 1630 6156
videos.hw01/01_frame/753.jpg 15780 4466 13160 42480 4870 15070 183196 19532 9964 6632 131136 78586 15860 4936 5196 34148
videos.hw01/01_frame/754.jpg 6688 2104 3108 41830 3632 3370 5544 20252 1054 3300 8556 21656 1020 1256 232 17838
videos.hw01/01_frame/755.jpg 5598 8956 20312 25636 2248 2216 11870 23570 3272 2454 1934 19372 1842 8378 1500 13852
videos.hw01/01_frame/756.jpg 4456 1996 9412 18916 1998 1492 39430 21872 1486 3330 6538 22002 5642 7180 7774 24902
videos.hw01/01_frame/757.jpg 3080 2698 15758 11446 120 270 3764 48782 4974 690 5192 4898 2294 428 990 1836
videos.hw01/01_frame/758.jpg 5556 4948 13740 19432 1950 5446 36790 29058 8160 1938 8990 29648 6030 7652 22410 24786
videos.hw01/01_frame/759.jpg 2260 2542 2046 12498 372 90 10406 11244 3472 2122 7778 22716 1318 3046 1714 1368
videos.hw01/01_frame/760.jpg 2492 12416 10234 91722 9816 1190 12538 11518 5438 5172 9340 34292 8106 1990 2598 18672
videos.hw01/01_frame/761.jpg 14048 6712 14232 16336 14194 7994 32922 24240 10592 5770 21850 16060 2604 7022 642 3342
videos.hw01/01_frame/762.jpg 38324 5700 93636 82050 10828 10614 54446 63064 14356 6846 143428 119216 21488 23312 65332 29444
videos.hw01/01_frame/763.jpg 112 1082 1320 2324 1954 2606 24 23080 32 774 7342 45268 4 1282 604 3122
videos.hw01/01_frame/764.jpg 20612 5774 9672 4380 24756 2490 10810 32890 2086 650 7500 46666 6642 5282 4014 2004
videos.hw01/01_frame/765.jpg 24944 9556 66710 21410 12424 13886 23042 12962 8942 7318 73336 35950 3730 2286 30956 9550
videos.hw01/01_frame/766.jpg 21408 1126 2830 48192 14682 1794 16988 23694 17326 1172 14140 6850 6500 2182 1280 5884
videos.hw01/01_frame/767.jpg 506 2424 0 8 488 126 332 1428 286 90 0 0 2214 44 4 20
videos.hw01/01_frame/768.jpg 6120 1240 684 952 1054 1166 7686 19408 13356 2534 3220 15884 6826 874 180 8842
videos.hw01/01_frame/769.jpg 3332728 5730322 4912228 2284600 2289996 4865714 2783316 1773196 4226638 6105718 3678494 3412908 4488598 10711528 8979592 845608
videos.hw01/01_frame/770.jpg 15040 8932 5598 5156 14004 10084 18810 5594 8978 36898 2000 3078 7442 710 1188 5060
videos.hw01/01_frame/771.jpg 4604 10964 1392 13604 5590 5852 5072 24166 3972 722 1380 21650 404 796 1724 1502
videos.hw01/01_frame/772.jpg 143804 48686 14732 6786 17504 14536 8038 147264 18508 5368 7152 23514 4224 12138 5980 1908
videos.hw01/01_frame/773.jpg 1000 920 9216 5056 1440 6324 4550 4794 2022 9308 400 604 4330 964 1692 1028
videos.hw01/01_frame/774.jpg 6334 9610 18338 26190 296 12676 14822 11688 2844 9466 5172 12034 10312 2238 4086 4954
videos.hw01/01_frame/775.jpg 1474 1468 9236 7506 1160 2830 3102 646 24 6568 3840 7780 818 262 658 252
videos.hw01/01_frame/776.jpg 1398 3440 11224 26914 3056 14404 9644 17730 3916 3108 1758 1134 4 482 6532 1136
videos.hw01/01_frame/777.jpg 9912 4948 31456 52098 58978 34430 67946 105218 27100 3722 13072 37188 9912 8880 10974 15310
videos.hw01/01_frame/778.jpg 1244 8134 8276 40322 12984 9032 34718 40342 23174 5028 9418 534 310 1470 2164 3348
videos.hw01/01_frame/779.jpg 2168 338 8492 44604 14264 4766 38528 11874 2018 7654 5260 7462 1018 3812 1936 1370
videos.hw01/01_frame/780.jpg 1966 15428 19424 64768 19732 4536 13338 10872 4266 9990 3880 628 2286 2096 10448 2328
videos.hw01/01_frame/781.jpg 10402 3636 2400 67776 6354 6534 16484 15698 5740 15872 1800 368 1100 5326 1824 2440
videos.hw01/01_frame/782.jpg 2274 322 2818 45392 7680 6380 4948 57460 3678 3812 5790 1554 0 290 1826 0
videos.hw01/01_frame/783.jpg 884 1672 16826 16850 7960 10858 125922 88628 3964 8398 9354 790 2024 788 2332 72
videos.hw01/01_frame/784.jpg 6614 502 4148 110528 5832 6926 5626 5808 3216 13074 4600 1180 0 0 4084 7092
videos.hw01/01_frame/785.jpg 3126 4364 13136 66898 12206 6032 75430 40932 8720 5150 25018 1862 13176 1254 21658 424
videos.hw01/01_frame/786.jpg 7032 2314 6014 40012 20284 5522 147146 27150 4660 5076 13404 16082 10358 2426 25738 26738
videos.hw01/01_frame/787.jpg 77638 106932 5892 113800 21928 5612 111552 140416 88498 1600 786 13586 13472 20004 28848 19454
videos.hw01/01_frame/788.jpg 10224 9922 10392 3518 22134 4742 93400 22168 5826 1892 10078 22868 9834 524 41402 5964
videos.hw01/01_frame/789.jpg 26784 29536 78560 59952 16530 9724 9422 13002 19288 15650 29964 4240 20306 13760 96642 3562
videos.hw01/01_frame/790.jpg 62426 14608 8318 20162 21706 6342 20460 33616 57580 36490 10996 2428 2212 162 5512 688
videos.hw01/01_frame/791.jpg 2436 224 5890 18702 6076 1334 32208 157532 2250 12998 7496 7364 166 128 7906 832
videos.hw01/01_frame/792.jpg 1294 1114 16570 65802 13980 6894 58442 79152 27296 3678 9716 11152 1684 18 4230 1694
videos.hw01/01_frame/793.jpg 9092 12490 38784 29126 17208 6728 17102 133946 2116 6910 5230 8870 7442 944 392 504
videos.hw01/01_frame/794.jpg 3012 424 28066 23546 9498 2832 20362 72770 14112 6786 10048 58430 184 262 6724 446
videos.hw01/01_frame/795.jpg 72 270 8934 7770 25300 2268 7634 154980 3676 3884 12040 11052 3962 450 1332 1742
videos.hw01/01_frame/796.jpg 7014 444 6782 31482 14042 2208 20484 4494 25342 8130 42142 9152 9046 500 8894 6754
videos.hw01/01_frame/797.jpg 922 2318 13764 16356 7628 1186 12248 61240 2170 970 3692 4180 98 1066 3302 1450
videos.hw01/01_frame/798.jpg 2336 864 24536 36042 7444 2510 12064 44106 3654 1596 2630 45438 854 1986 5928 5406
videos.hw01/01_frame/799.jpg 430 590 374 8360 1042 644 20564 332 26 112 226 13718 2916 5830 378 2086
videos.hw01/01_frame/800.jpg 76 15956 9488 21164 9650 6218 19220 5672 12686 3106 6816 19764 72 0 6368 836
videos.hw01/01_frame/801.jpg 16776 2972 6808 71348 23452 34038 58000 41896 26046 12538 39772 34408 11104 2162 20534 2768
videos.hw01/01_frame/802.jpg 8926 302 2680 11856 5334 4414 33134 31966 7246 14716 5606 21346 196 38 2728 5404
videos.hw01/01_frame/803.jpg 38150 1520 3256 16798 10794 8096 10650 30232 45964 20002 20624 8466 222 554 3052 15958
videos.hw01/01_frame/804.jpg 5396 7298 13060 30346 20802 6092 13114 190952 8016 42634 20338 3172 3242 4782 4392 41242
videos.hw01/01_frame/805.jpg 138824 64356 20062 53810 27210 4170 56114 28650 13034 7724 10966 3228 9194 3186 5126 2704
videos.hw01/01_frame/806.jpg 512 20 11440 41800 18342 8492 356400 10558 3946 19976 18040 43358 11894 2152 5328 30400
videos.hw01/01_frame/807.jpg 8452 5072 50526 66844 7626 11270 14900 68858 818 4510 31876 4560 4660 5012 14890 2698
videos.hw01/01_frame/808.jpg 22666 63112 46148 49242 5868 4070 42822 53474 9932 40286 81900 40092 13186 3124 9622 4808
videos.hw01/01_frame/809.jpg 2918 2706 19462 10252 6422 5060 62262 48004 1594 17408 11692 4944 1252 6774 18714 19040
videos.hw01/01_frame/810.jpg 242 14732 14546 41152 9940 10144 24452 43136 2522 37086 22178 2818 2680 6794 13534 5338
videos.hw01/01_frame/811.jpg 108 13500 628 12144 15450 854 2564 10090 2918 6932 7564 94 5564 8244 3248 3700
videos.hw01/01_frame/812.jpg 6962 34086 15904 29564 7486 9636 31392 33098 546 5562 33170 5394 6712 1506 5748 1058
videos.hw01/01_frame/813.jpg 5348 10610 34760 46284 14862 16918 148440 63724 13768 14734 90852 13850 10880 2576 14492 16322
videos.hw01/01_frame/814.jpg 11324 8904 13702 26410 29888 5704 53924 25966 11010 7996 16892 4786 1178 82 9120 12158
videos.hw01/01_frame/815.jpg 5832 2668 24814 31760 5210 5406 50682 55134 3094 3622 7332 19214 32 3672 6768 9970
videos.hw01/01_frame/816.jpg 1320 394 36942 44716 11592 11154 46886 213670 1810 5502 13696 8608 22 28 4006 2320
videos.hw01/01_frame/817.jpg 698 5064 47834 59562 38860 16194 124702 148310 2032 1888 14390 11064 458 146 6586 3774
videos.hw01/01_frame/818.jpg 98 658 113714 52236 71848 28132 146018 143314 8836 1656 70088 19742 5382 292 8442 1586
videos.hw01/01_frame/819.jpg 98 508 131300 151630 26340 29860 75492 191894 6618 2490 6480 2092 88 566 4904 12304
videos.hw01/01_frame/820.jpg 98 1234 6034 134408 12620 35876 54360 476064 468 5254 100714 17898 2306 8404 17324 16540
videos.hw01/01_frame/821.jpg 50 6308 8474 79682 31220 24596 19066 283228 8490 2934 132472 1566 4808 1108 12142 15748
videos.hw01/01_frame/822.jpg 648 5134 11394 103988 23470 23706 17120 23438 5202 13394 127988 8412 9352 20274 23690 16340
videos.hw01/01_frame/823.jpg 61786 181392 11418 20566 35342 1350 212 5846 12146 7640 14090 38718 15834 11900 8986 15716
videos.hw01/01_frame/824.jpg 7202 17652 19806 106100 18526 14582 39870 27466 1306 9046 39840 33634 7976 1408 6904 13642
videos.hw01/01_frame/825.jpg 95836 20288 57862 49338 51430 52916 40582 141156 10724 80588 165886 65508 52180 22428 6112 13726
videos.hw01/01_frame/826.jpg 29796 13184 13114 13774 41778 88012 19202 27848 10114 15990 101846 6894 18846 2310 2604 13250
videos.hw01/01_frame/827.jpg 10488 10028 18700 5856 8432 3876 2410 4906 1600 250 4682 2016 614 334 2156 12236
videos.hw01/01_frame/828.jpg 5486 8 15754 3988 192 134 3552 19092 0 962 7202 29150 0 888 7556 19240
