1 0
2 6404
3 5892
4 4204
5 5886
6 4842
7 4910
8 4884
9 5862
10 6382
11 6250
12 4656
13 11608
14 7240
15 6332
16 4900
17 4796
18 5052
19 6772
20 4746
21 6148
22 8636
23 6518
24 4428
25 8882
26 7996
27 7036
28 6916
29 4892
30 5234
31 9554
32 6648
33 5260
34 4422
35 4564
36 6146
37 9676
38 7252
39 4308
40 4818
41 5000
42 4976
43 5950
44 4110
45 4336
46 7642
47 6144
48 4860
49 8738
50 6966
51 5846
52 4082
53 6582
54 6040
55 5524
56 5624
57 5380
58 6304
59 3890
60 11328
61 34622
62 5164
63 6508
64 4870
65 4812
66 6042
67 22486
68 7906
69 4138
70 5934
71 4570
72 9106
73 12080
74 5740
75 3952
76 6906
77 6418
78 6522
79 6236
80 6760
81 6390
82 6726
83 6550
84 6632
85 13744
86 5900
87 7194
88 7398
89 7958
90 6108
91 12650
92 5924
93 8206
94 17310
95 15222
96 9844
97 11346
98 11808
99 6312
100 6940
101 7014
102 7512
103 8256
104 8490
105 7708
106 7682
107 6198
108 6776
109 10764
110 9518
111 7498
112 6960
113 7980
114 5198
115 7914
116 7412
117 8090
118 7958
119 11048
120 8796
121 36994
122 6096
123 9556
124 9144
125 8158
126 8498
127 13660
128 8248
129 7696
130 5288
131 5312
132 7758
133 12636
134 11074
135 8360
136 14098
137 7384
138 7742
139 7592
140 8672
141 8010
142 9972
143 8304
144 8058
145 19900
146 11914
147 10028
148 13822
149 25940
150 23042
151 13940
152 8104
153 7070
154 6622
155 6924
156 9558
157 14780
158 8992
159 8530
160 8708
161 10766
162 7706
163 8252
164 10266
165 10192
166 11160
167 8294
168 11736
169 12058
170 11586
171 8218
172 11058
173 5920
174 7298
175 6704
176 7576
177 8684
178 13120
179 20362
180 10928
181 27582
182 9910
183 11548
184 11026
185 9872
186 11252
187 5700
188 7478
189 8686
190 5858
191 7126
192 5384
193 66126
194 7338
195 6688
196 7430
197 4068
198 7010
199 8432
200 10256
201 7144
202 6094
203 8492
204 7660
205 5998
206 6740
207 4678
208 4440
209 4004
210 4480
211 8996
212 3786
213 5018
214 4616
215 5096
216 4190
217 5384
218 4100
219 4822
220 5144
221 5834
222 4868
223 4408
224 7480
225 4602
226 5946
227 3936
228 3868
229 4098
230 7206
231 4794
232 3572
233 3386
234 3284
235 4066
236 5870
237 4638
238 3768
239 3352
240 3082
241 8882
242 3088
243 3836
244 4346
245 3974
246 4356
247 4596
248 4868
249 3008
250 2718
251 3248
252 5642
253 5204
254 3912
255 3144
256 4168
257 5302
258 3316
259 2650
260 3356
261 3358
262 2914
263 2968
264 2386
265 3780
266 3914
267 3052
268 2758
269 4450
270 5594
271 4180
272 3546
273 3758
274 2686
275 2970
276 3294
277 5112
278 3094
279 2904
280 4038
281 3072
282 2534
283 3636
284 3930
285 2920
286 3912
287 3736
288 3312
289 3722
290 3480
291 2838
292 3278
293 2936
294 3354
295 2046
296 2952
297 3100
298 3214
299 2720
300 3198
301 5896
302 2494
303 2732
304 2466
305 2654
306 2316
307 1978
308 2352
309 2210
310 2436
311 3998
312 2458
313 3524
314 2322
315 2744
316 2836
317 3172
318 2422
319 2894
320 2852
321 3286
322 2656
323 3368
324 3278
325 4186
326 2456
327 2712
328 3366
329 3240
330 3500
331 3680
332 1944
333 3480
334 3232
335 4078
336 2898
337 4204
338 2918
339 3168
340 2486
341 2658
342 3434
343 3272
344 3202
345 2780
346 3272
347 3524
348 2556
349 4122
350 2294
351 3686
352 3476
353 2494
354 4322
355 2912
356 2968
357 3392
358 3100
359 2872
360 3368
361 5072
362 3540
363 3224
364 4096
365 4420
366 3958
367 4616
368 4066
369 3318
370 5152
371 3548
372 2932
373 2660
374 2444
375 3012
376 2752
377 3008
378 3768
379 3228
380 3434
381 3308
382 3826
383 4174
384 2436
385 2958
386 4510
387 3680
388 4676
389 4140
390 4836
391 6226
392 4452
393 3880
394 3782
395 4116
396 4406
397 6298
398 5108
399 4428
400 4370
401 4246
402 4674
403 4668
404 5598
405 5648
406 5666
407 5104
408 4530
409 5230
410 3272
411 4016
412 2838
413 2312
414 2908
415 3702
416 3916
417 4030
418 5168
419 3676
420 4530
421 4554
422 3908
423 4832
424 3364
425 3660
426 4412
427 3374
428 4658
429 5976
430 5176
431 3682
432 4254
433 6072
434 3362
435 4942
436 3990
437 3954
438 3214
439 3528
440 2762
441 2510
442 3946
443 4042
444 3020
445 4652
446 3670
447 4784
448 2710
449 3376
450 3512
451 9182
452 2554
453 2972
454 5032
455 3844
456 3510
457 5480
458 3066
459 3392
460 3044
461 3404
462 2476
463 3840
464 2490
465 5478
466 5746
467 4426
468 2572
469 5306
470 1964
471 4432
472 4050
473 4478
474 2014
475 2942
476 1894
477 3672
478 3440
479 4010
480 2294
481 7782
482 3730
483 2138
484 2384
485 3020
486 2070
487 2384
488 4270
489 3636
490 2718
491 2116
492 3694
493 8204
494 3154
495 3394
496 9724
497 2456
498 2642
499 3642
500 3350
501 3572
502 3420
503 2472
504 2234
505 10368
506 2504
507 3492
508 4484
509 3918
510 2916
511 5584
512 1796
513 3994
514 2412
515 4172
516 2996
517 5908
518 3198
519 3128
520 3754
521 3996
522 3374
523 2660
524 2526
525 2740
526 13914
527 1994
528 2796
529 6022
530 2678
531 2002
532 2360
533 3072
534 2036
535 1478
536 1778
537 1858
538 2216
539 1872
540 2226
541 6052
542 4260
543 2008
544 3108
545 2484
546 2616
547 2740
548 2562
549 2284
550 2270
551 2204
552 2340
553 4678
554 4730
555 3154
556 11368
557 1662
558 3212
559 3554
560 2988
561 5640
562 3060
563 2460
564 2504
565 6122
566 2408
567 2590
568 2278
569 1694
570 2568
571 2750
572 2130
573 1588
574 1838
575 2530
576 2618
577 3658
578 1830
579 1652
580 1010
581 1514
582 1922
583 1764
584 2466
585 2432
586 5864
587 2016
588 1974
589 5508
590 1650
591 1776
592 2280
593 2666
594 2850
595 3694
596 2386
597 1998
598 2468
599 1620
600 1862
601 4566
602 2364
603 2972
604 2086
605 1284
606 2794
607 1650
608 1616
609 2256
610 1302
611 2626
612 758
613 5298
614 2054
615 2382
616 7334
617 1268
618 1390
619 1462
620 1496
621 1992
622 1952
623 1366
624 1328
625 3308
626 1354
627 1238
628 1258
629 1476
630 2440
631 1992
632 764
633 2498
634 1136
635 1412
636 1672
637 3400
638 1010
639 1460
640 1274
641 1248
642 846
643 1660
644 912
645 1680
646 7120
647 1922
648 958
649 4524
650 2028
651 1588
652 1730
653 1370
654 1558
655 1324
656 1488
657 2084
658 1950
659 1990
660 2318
661 2738
662 2698
663 1566
664 1262
665 2146
666 1314
667 1466
668 3424
669 1668
670 1258
671 1726
672 1478
673 6900
674 4480
675 6506
676 38036
677 1344
678 1268
679 1564
680 1940
681 1572
682 1156
683 1926
684 3372
685 4284
686 1670
687 1644
688 1140
689 1604
690 1456
691 3174
692 2294
693 1848
694 1866
695 1922
696 2226
697 3520
698 2398
699 1866
700 2334
701 1346
702 2034
703 1546
704 1970
705 1984
706 8902
707 1824
708 2550
709 4908
710 2190
711 1742
712 1878
713 1346
714 1344
715 1816
716 1830
717 1666
718 1912
719 1664
720 3116
721 2710
722 1988
723 2288
724 3966
725 1606
726 1040
727 1572
728 1320
729 56630
730 3146
731 4142
732 3716
733 3516
734 3532
735 3802
736 3894
737 2936
738 3996
739 4074
740 3802
741 4852
742 3638
743 5288
744 4008
745 3212
746 2682
747 5202
748 3420
749 3804
750 5450
751 3890
752 6516
753 4454
754 5378
755 2804
756 3854
757 4700
758 6514
759 5660
760 4246
761 3606
762 5550
763 2618
764 3828
765 4666
766 4492
767 3538
768 3452
769 4202
770 3992
771 3410
772 3316
773 1724
774 2678
775 1986
776 2872
777 2330
778 3070
779 3230
780 2388
781 3260
782 2850
783 2232
784 2816
785 2756
786 2612
787 2544
788 2630
789 4064
790 84794
791 4304
792 4552
793 4920
794 4684
795 2996
796 4678
797 2672
798 2900
799 3118
800 3190
801 2096
802 3736
803 3162
804 2840
805 8162
806 3574
807 2688
808 3236
809 3060
810 2458
811 3216
812 3260
813 1818
814 4526
815 3406
816 1626
817 9416
818 3622
819 6106
820 1948
821 3350
822 2680
823 1734
824 1936
825 2492
826 1996
827 1794
828 1360
829 4912
830 1966
831 2340
832 1688
833 1576
834 1920
835 1892
836 2082
837 3482
838 2688
839 2098
840 2940
841 4520
842 2884
843 2308
844 2478
845 2644
846 2386
847 4812
848 2758
849 5620
850 1546
851 1936
852 2582
853 7110
854 2890
855 2356
856 2910
857 1550
858 1886
859 2922
860 1688
861 2116
862 3314
863 3702
864 2028
865 5638
866 3392
867 2264
868 3090
869 2302
870 2184
871 2552
872 3496
873 2472
874 3122
875 2926
876 3950
877 5644
878 2682
879 7152
880 2912
881 3336
882 2222
883 2734
884 1910
885 2788
886 2936
887 2440
888 3182
889 8108
890 2916
891 3080
892 2926
893 2300
894 2830
895 2258
896 2408
897 2860
898 2976
899 2612
900 2460
901 4254
902 2386
903 3318
904 2078
905 2296
906 7186
907 3038
908 4282
909 7776
910 2112
911 3046
912 2402
913 7532
914 2588
915 2334
916 2966
917 2472
918 1860
919 2610
920 1254
921 1618
922 2274
923 2898
924 1574
925 7048
926 1830
927 1790
928 2304
929 2392
930 1896
931 5522
932 2484
933 2630
934 3626
935 1658
936 1780
937 6438
938 3586
939 2584
940 3386
941 2422
942 3310
943 2356
944 2026
945 2418
946 1978
947 3374
948 3354
949 5460
950 2056
951 2764
952 23684
953 2366
954 2008
955 2178
956 2296
957 2078
958 2130
959 2064
960 2372
961 6098
962 1144
963 1246
964 1226
965 6752
966 1602
967 1766
968 1766
969 2260
970 3352
971 1932
972 2366
973 4978
974 3286
975 2208
976 3810
977 2536
978 1892
979 2070
980 1724
981 2422
982 2478
983 2192
984 1672
985 4174
986 1466
987 1656
988 2190
989 1708
990 2010
991 6592
992 1678
993 1464
994 2332
995 1632
996 2560
997 7304
998 2684
999 1756
1000 1726
1001 1266
1002 2126
1003 1624
1004 1024
1005 1522
1006 2022
1007 1612
1008 1594
1009 6032
1010 1674
1011 2202
1012 964
1013 1958
1014 2744
1015 1996
1016 1776
1017 2554
1018 2156
1019 1676
1020 2284
1021 7520
1022 2340
1023 3100
1024 3362
1025 3334
1026 2836
1027 2270
1028 2034
1029 1488
1030 6338
1031 1612
1032 2544
1033 5302
1034 1922
1035 3022
1036 3078
1037 1688
1038 2930
1039 2306
1040 2412
1041 3358
1042 3810
1043 2120
1044 3400
1045 7212
1046 3526
1047 2410
1048 2400
1049 3104
1050 2328
1051 8406
1052 1682
1053 2084
1054 3072
1055 2210
1056 3258
1057 9156
1058 2564
1059 2496
1060 1812
1061 1638
1062 1372
1063 1942
1064 1706
1065 1590
1066 2954
1067 1230
1068 1592
1069 4314
1070 3076
1071 1186
1072 3322
1073 2112
1074 1728
1075 1910
1076 2478
1077 2970
1078 2414
1079 3556
1080 2544
1081 13954
1082 2926
1083 6506
1084 3572
1085 2810
1086 4028
1087 2794
1088 4106
1089 3056
1090 4062
1091 5044
1092 3562
1093 7410
1094 2962
1095 3318
1096 3458
1097 3096
1098 3344
1099 5280
1100 8558
1101 7196
1102 5294
1103 2340
1104 3688
1105 7252
1106 4102
1107 2314
1108 4108
1109 2252
1110 2002
1111 7452
1112 2286
1113 2202
1114 2042
1115 1386
1116 2020
1117 6632
1118 1674
1119 1054
1120 1710
1121 1446
1122 1656
1123 1890
1124 1608
1125 2638
1126 4016
1127 2280
1128 1784
1129 4800
1130 2382
1131 2888
1132 1530
1133 1096
1134 2008
1135 2142
1136 2356
1137 2692
1138 2742
1139 2716
1140 1792
1141 10396
1142 5194
1143 3726
1144 2590
1145 2400
1146 2020
1147 2008
1148 2484
1149 1450
1150 1474
1151 1182
1152 1886
1153 4788
1154 1748
1155 1232
1156 2868
1157 2692
1158 1490
1159 1080
1160 1484
1161 2216
1162 3248
1163 2096
1164 2508
1165 6610
1166 2594
1167 2828
1168 2294
1169 1956
1170 1658
1171 10790
1172 1692
1173 1598
1174 1158
1175 1952
1176 1286
1177 6586
1178 153598
1179 222
1180 0
1181 0
1182 0
1183 0
1184 0
1185 0
1186 0
1187 0
1188 0
1189 0
1190 0
