videos.hw01/08_frame/1.jpg 0 0 0 0 0 0 0 0 0 0 0 0 0 0 0 0
videos.hw01/08_frame/2.jpg 0 0 0 0 0 0 0 0 0 0 0 0 0 0 0 0
videos.hw01/08_frame/3.jpg 0 0 0 0 0 0 0 0 0 0 0 0 0 0 0 0
videos.hw01/08_frame/4.jpg 6 0 0 0 20 0 0 0 16 0 0 0 18 0 0 0
videos.hw01/08_frame/5.jpg 0 0 0 0 0 0 0 0 0 0 0 0 0 0 0 0
videos.hw01/08_frame/6.jpg 0 0 0 0 0 0 0 0 0 0 0 0 0 0 0 0
videos.hw01/08_frame/7.jpg 2 0 0 0 2 0 0 0 2 0 0 0 0 0 0 0
videos.hw01/08_frame/8.jpg 10 0 0 0 14 0 0 0 14 0 0 0 0 0 0 0
videos.hw01/08_frame/9.jpg 2 0 0 0 8 0 0 0 8 0 0 0 0 0 0 0
videos.hw01/08_frame/10.jpg 8 426 682 552 8 304 710 2638 24 1836 1722 6206 18 548 36 3628
videos.hw01/08_frame/11.jpg 2 22 26 40 6 32 20 84 0 66 36 182 0 16 4 220
videos.hw01/08_frame/12.jpg 848 184 984 934 130 164 1448 974 0 1246 928 2596 0 548 542 710
videos.hw01/08_frame/13.jpg 846 468 1138 2234 134 414 764 1160 0 98 356 3002 0 0 392 390
videos.hw01/08_frame/14.jpg 16 458 494 922 10 566 1330 2408 0 264 2770 2876 0 336 322 960
videos.hw01/08_frame/15.jpg 0 320 242 520 0 80 348 3868 0 352 958 1108 0 170 462 2360
videos.hw01/08_frame/16.jpg 0 24 62 86 0 12 28 124 0 24 80 44 0 30 0 42
videos.hw01/08_frame/17.jpg 0 256 786 110 0 46 932 1608 0 238 1554 1210 0 178 366 2082
videos.hw01/08_frame/18.jpg 0 138 88 226 0 172 1070 728 0 470 1068 1366 0 0 188 2194
videos.hw01/08_frame/19.jpg 0 160 190 262 0 638 820 1798 0 330 3772 4790 0 70 178 1254
videos.hw01/08_frame/20.jpg 0 42 144 74 0 320 544 1690 0 330 1370 992 0 38 442 1652
videos.hw01/08_frame/21.jpg 0 12 16 54 0 12 56 102 0 4 64 118 0 0 8 82
videos.hw01/08_frame/22.jpg 0 346 430 48 0 142 408 1366 0 218 900 422 0 14 426 276
videos.hw01/08_frame/23.jpg 0 292 398 38 0 126 408 98 0 280 1422 1054 0 102 706 666
videos.hw01/08_frame/24.jpg 0 442 632 76 0 226 416 118 0 106 1424 110 0 150 984 112
videos.hw01/08_frame/25.jpg 0 166 144 106 0 318 290 186 0 42 584 234 0 110 680 150
videos.hw01/08_frame/26.jpg 0 10 18 28 0 36 64 96 0 4 52 88 0 16 38 52
videos.hw01/08_frame/27.jpg 0 68 798 84 0 196 124 94 0 56 1202 66 0 138 1070 60
videos.hw01/08_frame/28.jpg 0 96 406 30 0 182 120 46 0 86 148 42 0 92 390 22
videos.hw01/08_frame/29.jpg 0 188 472 72 0 168 514 100 0 96 316 138 0 140 314 90
videos.hw01/08_frame/30.jpg 0 8 500 60 0 260 154 102 0 44 290 96 0 290 388 146
videos.hw01/08_frame/31.jpg 0 10 56 140 0 118 120 294 0 26 82 214 0 50 42 180
videos.hw01/08_frame/32.jpg 0 24 374 78 0 204 160 58 0 330 148 46 0 122 486 30
videos.hw01/08_frame/33.jpg 0 138 150 42 0 108 154 46 0 268 94 46 0 100 52 32
videos.hw01/08_frame/34.jpg 0 352 492 86 0 630 180 70 0 528 234 176 0 230 272 72
videos.hw01/08_frame/35.jpg 0 340 172 58 0 162 106 110 0 286 96 80 0 46 214 56
videos.hw01/08_frame/36.jpg 0 34 16 14 0 44 64 56 0 62 50 28 0 2 2 8
videos.hw01/08_frame/37.jpg 0 54 26 136 0 154 224 232 0 110 118 138 0 24 126 118
videos.hw01/08_frame/38.jpg 0 40 24 42 0 200 94 48 0 130 26 48 0 46 56 26
videos.hw01/08_frame/39.jpg 0 72 42 76 0 76 54 110 0 350 102 174 0 88 30 168
videos.hw01/08_frame/40.jpg 0 134 64 134 0 142 52 136 0 124 42 220 0 130 68 120
videos.hw01/08_frame/41.jpg 0 88 24 50 0 42 62 92 0 38 18 90 0 54 22 64
videos.hw01/08_frame/42.jpg 0 116 42 98 0 82 44 66 0 92 70 164 0 192 74 82
videos.hw01/08_frame/43.jpg 0 62 34 34 0 26 46 70 0 56 88 68 0 118 42 124
videos.hw01/08_frame/44.jpg 0 104 44 86 0 82 40 152 0 160 36 164 0 168 54 124
videos.hw01/08_frame/45.jpg 0 38 34 92 0 58 42 154 0 68 42 146 0 54 26 56
videos.hw01/08_frame/46.jpg 0 24 36 36 0 74 36 106 0 76 30 108 0 30 18 58
videos.hw01/08_frame/47.jpg 0 70 50 84 0 52 76 156 0 112 54 154 0 54 20 98
videos.hw01/08_frame/48.jpg 0 30 30 38 0 52 22 78 0 42 38 56 0 60 10 42
videos.hw01/08_frame/49.jpg 0 32 18 152 2 110 36 224 0 172 50 204 0 58 24 198
videos.hw01/08_frame/50.jpg 0 50 14 90 2 128 62 134 0 94 22 116 0 40 56 148
videos.hw01/08_frame/51.jpg 0 32 28 102 0 56 26 66 0 34 74 110 0 36 30 62
videos.hw01/08_frame/52.jpg 0 30 36 136 0 84 104 124 0 96 52 114 0 40 20 138
videos.hw01/08_frame/53.jpg 0 34 36 86 0 88 42 60 0 90 40 50 0 48 22 30
videos.hw01/08_frame/54.jpg 0 60 54 134 0 68 20 204 0 74 32 108 0 76 32 118
videos.hw01/08_frame/55.jpg 0 44 46 82 0 52 30 164 0 100 56 164 0 34 20 150
videos.hw01/08_frame/56.jpg 0 26 20 76 0 42 28 118 0 40 40 132 0 24 44 50
videos.hw01/08_frame/57.jpg 0 90 66 66 0 108 54 100 0 150 40 102 0 88 24 100
videos.hw01/08_frame/58.jpg 0 38 60 62 0 86 46 96 0 126 34 76 0 104 30 48
videos.hw01/08_frame/59.jpg 0 74 64 82 0 130 74 122 0 114 124 142 0 112 58 106
videos.hw01/08_frame/60.jpg 0 102 104 116 0 100 98 164 0 140 98 128 0 170 60 106
videos.hw01/08_frame/61.jpg 0 124 50 106 0 84 108 294 0 144 180 214 0 88 32 160
videos.hw01/08_frame/62.jpg 0 238 156 102 0 138 114 146 0 248 72 96 0 256 60 92
videos.hw01/08_frame/63.jpg 0 230 192 56 0 112 182 86 0 168 114 164 0 402 84 38
videos.hw01/08_frame/64.jpg 0 278 334 164 0 256 172 222 0 268 102 164 0 568 86 90
videos.hw01/08_frame/65.jpg 0 254 486 122 0 336 198 244 0 248 126 244 0 698 98 152
videos.hw01/08_frame/66.jpg 0 60 44 82 0 116 44 96 0 48 60 96 0 68 46 94
videos.hw01/08_frame/67.jpg 0 200 614 134 0 292 260 246 0 248 100 218 0 506 110 178
videos.hw01/08_frame/68.jpg 0 168 252 136 0 224 286 140 0 382 182 284 0 496 74 88
videos.hw01/08_frame/69.jpg 0 206 716 168 0 294 446 228 0 436 186 264 0 604 136 162
videos.hw01/08_frame/70.jpg 0 228 594 158 0 474 292 166 0 520 298 264 0 732 186 192
videos.hw01/08_frame/71.jpg 0 60 122 162 0 50 98 264 0 84 72 172 0 86 40 86
videos.hw01/08_frame/72.jpg 0 324 850 134 0 626 624 310 0 866 532 230 0 778 246 152
videos.hw01/08_frame/73.jpg 0 616 892 162 0 1022 1084 260 0 1086 908 232 0 1218 348 174
videos.hw01/08_frame/74.jpg 0 618 1590 144 0 1536 1642 278 0 1318 1242 358 0 1042 650 188
videos.hw01/08_frame/75.jpg 0 1144 1508 178 0 1514 1324 590 0 1540 1416 226 0 2178 1072 212
videos.hw01/08_frame/76.jpg 0 134 252 82 0 112 236 342 0 218 128 250 0 90 74 148
videos.hw01/08_frame/77.jpg 0 2918 2884 1786 372 2720 3022 526 504 2644 2818 380 930 2288 1578 160
videos.hw01/08_frame/78.jpg 982 4398 4244 4046 4942 3240 3346 1688 4932 3236 4176 1624 3568 3290 4062 858
videos.hw01/08_frame/79.jpg 7390 3742 4212 3312 6840 4550 4830 5616 6384 3028 4040 6178 4784 3324 3316 6506
videos.hw01/08_frame/80.jpg 4888 6486 4362 7066 3594 912 890 3998 4970 108 1434 6672 2264 2478 4234 4296
videos.hw01/08_frame/81.jpg 174 102 84 116 108 174 50 148 66 26 34 356 138 276 544 200
videos.hw01/08_frame/82.jpg 8550 9186 7288 7964 8450 8690 8664 7526 8402 8198 7120 7440 8080 6810 7162 8832
videos.hw01/08_frame/83.jpg 8548 7060 6830 8520 8584 6310 6216 8844 8544 6594 4804 8566 8318 5638 3232 8378
videos.hw01/08_frame/84.jpg 340 3600 3760 640 506 2934 2656 1006 346 3172 3738 408 328 2924 3352 428
videos.hw01/08_frame/85.jpg 48 182 256 194 34 224 128 146 98 200 460 96 108 512 610 52
videos.hw01/08_frame/86.jpg 40 200 202 72 34 272 150 28 26 134 496 44 28 312 236 32
videos.hw01/08_frame/87.jpg 46 506 298 58 48 398 450 114 84 214 712 104 60 548 816 108
videos.hw01/08_frame/88.jpg 58 314 270 22 28 334 214 12 66 230 292 62 136 436 602 74
videos.hw01/08_frame/89.jpg 52 622 524 42 86 550 376 32 52 140 386 74 96 626 686 68
videos.hw01/08_frame/90.jpg 58 330 242 12 48 372 412 28 74 184 396 88 64 896 354 48
videos.hw01/08_frame/91.jpg 14 182 50 4 24 382 148 4 34 54 190 20 90 114 80 18
videos.hw01/08_frame/92.jpg 56 428 214 10 102 336 352 36 70 200 542 88 96 440 686 90
videos.hw01/08_frame/93.jpg 46 196 140 2 46 250 318 74 52 278 496 74 130 648 204 12
videos.hw01/08_frame/94.jpg 40 216 132 16 88 602 430 48 104 244 612 38 238 362 466 54
videos.hw01/08_frame/95.jpg 42 326 296 92 22 324 302 104 74 196 452 72 244 580 1230 38
videos.hw01/08_frame/96.jpg 42 70 70 42 30 150 92 10 30 256 160 34 36 176 320 44
videos.hw01/08_frame/97.jpg 66 290 166 54 38 290 290 64 62 192 516 48 152 566 610 162
videos.hw01/08_frame/98.jpg 30 178 186 6 36 680 1036 26 70 260 392 82 148 424 618 66
videos.hw01/08_frame/99.jpg 58 1300 2520 24 150 3554 5142 22 178 2146 2796 92 118 516 236 60
videos.hw01/08_frame/100.jpg 46 3312 3146 6 228 2172 4294 424 188 4108 3504 184 74 554 732 38
videos.hw01/08_frame/101.jpg 42 322 240 12 40 276 192 20 34 224 174 30 32 166 140 26
videos.hw01/08_frame/102.jpg 60 2020 1362 20 106 1052 712 38 156 1570 580 108 116 580 340 68
videos.hw01/08_frame/103.jpg 48 1036 912 16 70 726 2742 70 124 1596 1598 38 184 476 514 56
videos.hw01/08_frame/104.jpg 64 1374 2424 40 222 2116 2988 82 98 2424 4572 136 184 528 1256 150
videos.hw01/08_frame/105.jpg 60 206 1284 96 82 1772 2910 40 102 806 2788 152 180 508 974 94
videos.hw01/08_frame/106.jpg 44 120 294 4 26 184 146 2 52 100 120 28 70 268 244 22
videos.hw01/08_frame/107.jpg 68 230 482 36 76 866 1616 52 110 670 960 156 238 604 734 34
videos.hw01/08_frame/108.jpg 50 98 276 94 40 850 598 16 72 440 780 56 122 462 352 20
videos.hw01/08_frame/109.jpg 944 9282 9032 1102 792 6724 6380 1120 472 3250 4096 1120 474 6960 9008 1078
videos.hw01/08_frame/110.jpg 2 452 2 0 48 1286 328 64 144 906 436 14 70 182 32 0
videos.hw01/08_frame/111.jpg 44 62 66 20 16 52 68 4 52 202 118 0 24 66 6 0
videos.hw01/08_frame/112.jpg 0 42 42 16 94 1504 412 82 162 1204 386 16 124 110 32 0
videos.hw01/08_frame/113.jpg 0 10 0 0 170 664 546 54 188 716 450 0 126 220 20 0
videos.hw01/08_frame/114.jpg 0 514 196 18 194 758 734 76 120 594 334 14 70 198 10 0
videos.hw01/08_frame/115.jpg 0 1082 530 20 166 1150 776 118 132 918 652 6 116 338 10 0
videos.hw01/08_frame/116.jpg 0 356 134 18 8 112 60 14 26 68 100 8 38 38 8 0
videos.hw01/08_frame/117.jpg 0 2150 1622 6 312 1078 556 84 198 1024 272 2 116 348 16 0
videos.hw01/08_frame/118.jpg 0 648 1210 18 308 918 972 74 148 950 216 4 128 340 14 0
videos.hw01/08_frame/119.jpg 30 602 1368 56 292 1594 1136 66 112 712 702 6 132 224 2 0
videos.hw01/08_frame/120.jpg 342 6336 546 42 120 1432 1846 64 68 466 456 0 108 242 2 0
videos.hw01/08_frame/121.jpg 42 1218 4068 104 52 122 126 44 48 112 52 2 64 66 0 0
videos.hw01/08_frame/122.jpg 100 692 1194 120 208 994 1666 492 84 978 284 4 58 368 0 0
videos.hw01/08_frame/123.jpg 56 308 180 18 296 810 1084 360 104 990 294 18 90 382 0 0
videos.hw01/08_frame/124.jpg 56 1462 2370 184 44 1632 1376 258 90 778 228 40 76 468 0 0
videos.hw01/08_frame/125.jpg 54 880 2222 314 10 1018 1452 250 182 432 418 96 96 342 0 0
videos.hw01/08_frame/126.jpg 0 140 102 8 0 92 66 6 24 86 16 10 24 54 0 0
videos.hw01/08_frame/127.jpg 26 844 2554 322 36 1004 1284 176 192 426 646 68 60 422 0 0
videos.hw01/08_frame/128.jpg 38 808 1604 468 0 790 584 242 100 552 488 290 84 528 0 0
videos.hw01/08_frame/129.jpg 62 602 3474 478 0 1346 1722 496 126 820 184 136 94 596 0 0
videos.hw01/08_frame/130.jpg 32 958 1372 220 10 624 1738 524 88 918 412 80 130 458 0 0
videos.hw01/08_frame/131.jpg 22 158 70 12 14 316 160 36 20 154 20 34 16 18 0 0
videos.hw01/08_frame/132.jpg 152 1346 1892 280 16 2070 496 576 64 1242 348 274 266 594 0 0
videos.hw01/08_frame/133.jpg 130 894 1570 326 34 1778 1106 138 106 742 348 224 186 1094 222 0
videos.hw01/08_frame/134.jpg 86 2356 1746 348 12 3026 1318 74 54 2144 956 248 118 836 318 0
videos.hw01/08_frame/135.jpg 54 2512 1918 124 452 3366 1496 100 226 4128 1260 144 124 888 118 0
videos.hw01/08_frame/136.jpg 36 436 50 8 44 42 24 14 32 122 34 10 30 42 8 0
videos.hw01/08_frame/137.jpg 872 5624 2486 412 936 2882 1906 304 876 3288 2388 536 332 5598 1278 0
videos.hw01/08_frame/138.jpg 0 156 116 0 42 940 144 0 0 296 146 0 132 784 80 0
videos.hw01/08_frame/139.jpg 0 210 98 2 216 498 112 0 26 120 180 0 234 386 76 0
videos.hw01/08_frame/140.jpg 20 146 90 4 48 806 38 0 24 188 114 0 144 328 106 0
videos.hw01/08_frame/141.jpg 2 84 100 0 14 166 28 0 0 20 46 0 10 68 60 0
videos.hw01/08_frame/142.jpg 2 144 150 8 76 538 50 0 2 248 164 0 242 1074 136 0
videos.hw01/08_frame/143.jpg 0 180 148 6 20 198 78 2 64 62 212 0 110 1024 88 0
videos.hw01/08_frame/144.jpg 0 202 60 4 118 420 90 14 64 124 314 0 308 272 158 0
videos.hw01/08_frame/145.jpg 36 230 84 8 50 4898 130 4 6 106 258 0 360 1750 202 0
videos.hw01/08_frame/146.jpg 32 86 40 2 32 62 20 0 2 4 112 0 42 112 36 0
videos.hw01/08_frame/147.jpg 30 26 28 8 240 5484 40 14 40 36 844 0 210 2218 162 0
videos.hw01/08_frame/148.jpg 34 152 366 2 56 594 44 0 24 112 530 0 134 244 202 0
videos.hw01/08_frame/149.jpg 72 250 158 2 76 450 86 0 32 54 176 0 164 1032 218 0
videos.hw01/08_frame/150.jpg 80 384 300 4 56 682 74 0 26 138 136 0 118 594 550 0
videos.hw01/08_frame/151.jpg 12 154 38 0 94 830 14 0 16 26 16 0 98 114 26 0
videos.hw01/08_frame/152.jpg 110 1430 422 4 584 2848 48 0 42 194 226 0 416 1556 384 0
videos.hw01/08_frame/153.jpg 14 550 176 0 70 966 36 0 2 250 66 0 268 1614 216 0
videos.hw01/08_frame/154.jpg 26 684 18 4 10 654 26 0 6 270 106 0 380 2026 200 0
videos.hw01/08_frame/155.jpg 32 0 10 8 24 826 36 2 6 320 126 0 444 1450 168 0
videos.hw01/08_frame/156.jpg 0 0 10 2 2 52 0 0 4 50 12 0 16 84 4 0
videos.hw01/08_frame/157.jpg 0 0 12 0 12 462 0 0 4 366 74 0 334 1552 64 0
videos.hw01/08_frame/158.jpg 0 0 0 0 10 106 0 0 0 364 4 0 172 1786 78 0
videos.hw01/08_frame/159.jpg 0 0 0 0 0 100 0 0 0 296 0 0 0 772 14 0
videos.hw01/08_frame/160.jpg 0 0 0 0 0 6 0 0 0 0 0 0 0 6 0 0
videos.hw01/08_frame/161.jpg 0 0 0 0 0 0 0 0 0 0 0 0 0 0 0 0
videos.hw01/08_frame/162.jpg 2200 0 200 2044 3106 7386 6836 7598 510 3186 7414 7214 474 2890 518 2946
videos.hw01/08_frame/163.jpg 2144 80 924 2344 6560 7724 6714 7514 5706 5534 7738 7948 4384 3074 1536 3684
videos.hw01/08_frame/164.jpg 52 0 22 98 240 260 316 230 256 434 510 248 78 272 510 384
videos.hw01/08_frame/165.jpg 64 54 88 100 256 360 486 220 328 652 512 426 212 1468 1682 678
videos.hw01/08_frame/166.jpg 38 8 14 78 98 84 108 204 90 76 34 258 90 74 68 98
videos.hw01/08_frame/167.jpg 66 22 36 180 252 370 436 262 250 1860 816 744 274 1342 1860 938
videos.hw01/08_frame/168.jpg 60 14 44 92 414 738 482 384 938 1972 3202 2132 440 1540 480 1810
videos.hw01/08_frame/169.jpg 48 26 180 116 1342 3696 6502 3840 1198 3030 2654 2544 684 1998 1150 870
videos.hw01/08_frame/170.jpg 6126 7604 1194 1914 8376 7394 8030 4862 892 2656 2976 3366 700 3252 1562 2284
videos.hw01/08_frame/171.jpg 88 16 24 92 0 10 72 102 58 54 34 80 8 70 22 82
videos.hw01/08_frame/172.jpg 5864 7000 1300 2318 198 570 554 2170 594 1218 1036 2306 316 402 960 994
videos.hw01/08_frame/173.jpg 768 660 606 218 236 450 546 840 430 738 558 782 150 114 514 434
videos.hw01/08_frame/174.jpg 54 18 40 254 100 156 146 216 304 162 276 246 282 208 202 266
videos.hw01/08_frame/175.jpg 732 60 96 358 218 410 218 364 394 256 184 552 574 362 412 542
videos.hw01/08_frame/176.jpg 6 14 28 80 154 98 52 76 174 122 82 86 128 166 196 74
videos.hw01/08_frame/177.jpg 120 30 80 410 192 218 116 280 236 228 216 342 170 88 154 198
videos.hw01/08_frame/178.jpg 408 10 158 214 638 162 124 212 188 322 252 396 22 20 230 788
videos.hw01/08_frame/179.jpg 0 16 2 34 162 28 20 34 42 28 26 58 6 8 26 30
videos.hw01/08_frame/180.jpg 7744 4940 7072 7562 7318 2808 4926 4634 4566 1824 1808 4080 3658 4836 3138 5052
videos.hw01/08_frame/181.jpg 24 50 78 42 22 100 138 40 78 98 64 64 68 56 70 4
videos.hw01/08_frame/182.jpg 90 58 136 242 6 128 108 198 1914 948 128 80 42 100 52 8
videos.hw01/08_frame/183.jpg 34 42 102 132 34 100 128 272 528 1406 444 168 6 90 90 24
videos.hw01/08_frame/184.jpg 84 76 220 244 1514 114 380 264 1072 1314 880 192 54 72 64 20
videos.hw01/08_frame/185.jpg 6 20 60 34 24 30 104 140 16 126 74 78 8 50 34 46
videos.hw01/08_frame/186.jpg 50 40 74 88 126 48 120 170 60 124 80 48 24 50 82 28
videos.hw01/08_frame/187.jpg 32 98 134 92 1516 260 224 1390 1134 236 1236 436 46 36 50 16
videos.hw01/08_frame/188.jpg 0 1064 158 142 1630 2824 220 1288 836 180 126 210 12 88 38 12
videos.hw01/08_frame/189.jpg 216 1548 1362 936 266 4488 1616 1122 956 3658 1240 288 3314 4940 2054 92
videos.hw01/08_frame/190.jpg 50 16 62 38 12 14 46 14 22 24 44 40 14 58 8 12
videos.hw01/08_frame/191.jpg 140 80 128 52 266 490 70 140 164 84 108 138 50 32 124 42
videos.hw01/08_frame/192.jpg 128 444 1210 524 1658 2324 1390 1230 1168 3846 1454 572 3510 5004 1962 122
videos.hw01/08_frame/193.jpg 1592 1014 120 236 1266 130 312 1294 108 520 182 672 1052 1742 120 28
videos.hw01/08_frame/194.jpg 1634 2516 1992 1514 706 576 458 642 462 1066 2088 260 770 2376 1358 32
videos.hw01/08_frame/195.jpg 1782 3178 1114 1650 5108 1780 820 1016 5516 1706 1182 1092 2202 1274 894 64
videos.hw01/08_frame/196.jpg 566 232 418 286 140 832 398 268 156 822 206 448 620 1244 300 52
videos.hw01/08_frame/197.jpg 1844 5612 3356 3802 6604 1834 1350 4302 6758 2352 2968 2064 2906 3892 3246 78
videos.hw01/08_frame/198.jpg 2874 1678 1628 1652 2982 336 902 2326 2068 956 626 3314 1400 692 228 74
videos.hw01/08_frame/199.jpg 2260 2952 2282 2878 7000 374 2306 3344 6760 1494 1364 646 1916 1312 178 66
videos.hw01/08_frame/200.jpg 3440 2870 2990 3474 3760 146 1762 3740 2898 548 674 104 1934 424 28 0
videos.hw01/08_frame/201.jpg 84 62 68 10 74 12 90 0 234 32 42 6 204 28 6 0
videos.hw01/08_frame/202.jpg 1372 2950 1010 108 6778 110 640 0 6566 284 472 22 1632 392 10 0
videos.hw01/08_frame/203.jpg 0 0 0 0 0 0 0 0 0 0 0 0 0 0 0 0
videos.hw01/08_frame/204.jpg 9166 9480 9480 6988 9280 9600 9600 5786 9280 9600 9600 9440 8932 9240 9240 9086
videos.hw01/08_frame/205.jpg 326 22 2846 1206 200 0 104 282 780 200 0 956 480 658 1142 1012
videos.hw01/08_frame/206.jpg 590 10 70 84 56 0 10 106 382 48 90 150 386 134 186 380
videos.hw01/08_frame/207.jpg 1332 84 2962 1180 942 16 1594 852 900 1442 1060 1578 3300 3746 2088 1566
videos.hw01/08_frame/208.jpg 492 384 3956 2102 418 532 4746 706 212 380 498 534 1040 1286 948 378
videos.hw01/08_frame/209.jpg 518 178 1792 994 452 1066 1898 242 482 596 892 896 360 438 736 282
videos.hw01/08_frame/210.jpg 378 388 1028 766 400 1306 1290 76 606 440 1276 756 446 312 766 740
videos.hw01/08_frame/211.jpg 302 38 30 32 230 90 74 16 148 174 214 450 62 412 186 196
videos.hw01/08_frame/212.jpg 236 138 444 532 438 794 1732 284 262 1300 1522 414 326 404 606 550
videos.hw01/08_frame/213.jpg 442 6 300 278 106 396 826 504 176 1964 1334 324 260 282 420 244
videos.hw01/08_frame/214.jpg 598 6 258 166 204 1138 596 564 168 1746 884 426 100 190 392 262
videos.hw01/08_frame/215.jpg 76 6 152 116 486 748 578 556 426 1118 474 340 274 608 658 290
videos.hw01/08_frame/216.jpg 44 0 16 22 92 64 108 42 66 104 74 30 62 64 60 38
videos.hw01/08_frame/217.jpg 276 6 128 98 228 198 360 186 394 588 250 104 192 306 530 226
videos.hw01/08_frame/218.jpg 108 16 152 134 110 210 328 204 278 536 240 90 166 190 238 84
videos.hw01/08_frame/219.jpg 54 0 172 188 82 104 332 316 176 520 154 110 154 168 382 106
videos.hw01/08_frame/220.jpg 62 0 200 188 40 142 286 314 158 542 342 316 240 244 278 120
videos.hw01/08_frame/221.jpg 20 6 34 12 10 96 156 36 48 80 82 24 4 212 76 216
videos.hw01/08_frame/222.jpg 134 0 200 254 234 186 384 338 180 522 490 178 310 320 224 298
videos.hw01/08_frame/223.jpg 54 0 156 236 18 168 418 370 388 278 568 196 400 466 210 50
videos.hw01/08_frame/224.jpg 62 0 164 282 0 232 520 324 92 332 612 180 186 484 356 24
videos.hw01/08_frame/225.jpg 70 2 616 268 88 772 1606 1046 214 958 776 224 364 586 930 318
videos.hw01/08_frame/226.jpg 252 0 24 6 548 74 44 68 134 132 44 18 78 90 70 172
videos.hw01/08_frame/227.jpg 350 1064 1140 518 1132 3750 3310 2022 842 2616 2382 128 928 948 456 392
videos.hw01/08_frame/228.jpg 4776 6842 1906 1732 7232 3606 3946 3000 8188 4952 2908 206 1256 1546 196 168
videos.hw01/08_frame/229.jpg 5140 6612 4318 5436 4250 8494 7096 3354 7168 5024 1688 394 7186 6136 6146 4478
videos.hw01/08_frame/230.jpg 3678 3724 4538 2316 7692 4986 0 202 2096 0 0 136 146 192 170 168
videos.hw01/08_frame/231.jpg 38 34 16 26 246 0 0 74 202 0 0 68 188 192 8 256
videos.hw01/08_frame/232.jpg 5670 6596 6922 6408 9112 7864 6798 5512 9262 9184 8648 6004 8624 9240 9150 9086
videos.hw01/08_frame/233.jpg 144 110 150 140 128 148 186 180 224 172 246 56 412 148 332 182
videos.hw01/08_frame/234.jpg 218 286 316 462 174 466 344 100 846 422 534 260 766 912 344 118
videos.hw01/08_frame/235.jpg 364 302 304 396 116 766 660 670 242 358 664 550 374 930 196 286
videos.hw01/08_frame/236.jpg 132 268 124 180 84 106 58 116 122 260 66 168 84 146 50 72
videos.hw01/08_frame/237.jpg 286 276 286 284 100 654 504 622 194 276 1192 650 330 914 334 476
videos.hw01/08_frame/238.jpg 136 110 62 174 168 180 116 566 254 920 812 702 280 474 416 576
videos.hw01/08_frame/239.jpg 190 230 294 576 488 346 412 114 482 650 832 888 272 940 122 266
videos.hw01/08_frame/240.jpg 262 186 150 322 344 456 500 920 382 628 736 576 128 1070 304 634
videos.hw01/08_frame/241.jpg 140 182 236 344 66 148 170 114 22 52 156 92 138 64 98 138
videos.hw01/08_frame/242.jpg 284 386 208 506 228 574 870 786 142 950 508 718 270 782 220 650
videos.hw01/08_frame/243.jpg 220 132 100 188 142 354 280 560 110 748 400 266 212 992 436 826
videos.hw01/08_frame/244.jpg 660 294 244 444 540 724 734 970 162 534 772 922 664 470 136 736
videos.hw01/08_frame/245.jpg 528 322 310 548 290 810 648 554 64 842 628 840 374 426 398 456
videos.hw01/08_frame/246.jpg 112 122 166 62 160 96 84 256 48 76 134 52 106 78 18 52
videos.hw01/08_frame/247.jpg 492 350 696 526 200 640 364 1006 314 498 360 580 410 606 406 568
videos.hw01/08_frame/248.jpg 326 388 592 236 162 300 460 354 340 472 308 766 302 502 90 852
videos.hw01/08_frame/249.jpg 264 282 464 354 256 288 254 484 214 536 474 876 280 200 338 510
videos.hw01/08_frame/250.jpg 4242 6408 5248 3610 1876 6530 5536 2494 3392 2516 4742 5008 6990 6624 4186 5586
videos.hw01/08_frame/251.jpg 28 56 40 126 68 28 72 82 44 136 104 102 118 56 80 116
videos.hw01/08_frame/252.jpg 464 360 408 384 154 372 218 124 326 344 246 464 190 204 314 680
videos.hw01/08_frame/253.jpg 586 486 512 400 274 584 210 326 428 334 258 538 242 192 354 306
videos.hw01/08_frame/254.jpg 230 228 400 360 164 586 236 154 386 252 256 1012 254 266 344 660
videos.hw01/08_frame/255.jpg 50 760 444 274 74 580 404 366 478 276 242 392 348 282 396 498
videos.hw01/08_frame/256.jpg 16 42 112 138 16 48 136 154 66 56 146 226 88 82 46 166
videos.hw01/08_frame/257.jpg 56 702 350 468 88 636 536 370 282 648 654 568 144 396 628 360
videos.hw01/08_frame/258.jpg 66 194 270 426 104 944 996 500 198 318 926 446 232 234 406 516
videos.hw01/08_frame/259.jpg 76 220 252 252 84 714 1116 404 196 182 664 342 324 272 374 460
videos.hw01/08_frame/260.jpg 58 158 804 274 56 564 626 352 254 146 828 300 182 214 316 564
videos.hw01/08_frame/261.jpg 22 46 70 140 144 62 78 84 106 38 124 136 94 56 60 190
videos.hw01/08_frame/262.jpg 52 118 448 130 226 266 390 310 296 188 462 294 346 220 134 298
videos.hw01/08_frame/263.jpg 62 124 404 106 68 228 388 186 238 218 462 192 286 198 150 302
videos.hw01/08_frame/264.jpg 62 142 350 86 58 196 382 154 230 244 258 202 282 252 280 358
videos.hw01/08_frame/265.jpg 88 142 282 200 90 174 334 272 256 130 202 352 242 222 200 368
videos.hw01/08_frame/266.jpg 22 52 120 116 154 62 228 88 208 42 110 266 292 74 98 118
videos.hw01/08_frame/267.jpg 24 72 268 100 110 88 194 186 142 194 216 182 332 162 186 156
videos.hw01/08_frame/268.jpg 30 98 80 106 46 88 82 182 198 242 146 180 264 170 260 218
videos.hw01/08_frame/269.jpg 36 150 144 114 42 64 274 182 154 192 198 282 234 226 136 146
videos.hw01/08_frame/270.jpg 18 92 178 102 262 86 346 172 374 160 214 164 182 268 212 202
videos.hw01/08_frame/271.jpg 58 80 140 162 70 34 192 252 26 76 212 146 44 62 74 98
videos.hw01/08_frame/272.jpg 88 96 212 84 62 74 278 228 242 198 224 180 188 226 176 146
videos.hw01/08_frame/273.jpg 32 58 136 102 34 26 146 228 224 138 196 198 172 198 154 166
videos.hw01/08_frame/274.jpg 40 32 116 106 66 98 266 152 264 194 206 172 132 230 160 164
videos.hw01/08_frame/275.jpg 754 1776 3686 7800 1786 4338 1974 5420 6214 4024 3736 4862 6210 2048 1640 2562
videos.hw01/08_frame/276.jpg 0 40 122 94 0 68 88 242 126 132 96 178 24 166 30 66
videos.hw01/08_frame/277.jpg 0 290 138 142 158 512 218 278 1070 734 408 126 306 370 128 126
videos.hw01/08_frame/278.jpg 0 170 80 146 0 344 302 198 616 598 140 104 350 358 82 58
videos.hw01/08_frame/279.jpg 12 226 318 204 4 1890 266 168 404 1334 416 102 732 734 178 104
videos.hw01/08_frame/280.jpg 0 144 46 36 32 810 192 116 598 724 104 108 238 290 78 10
videos.hw01/08_frame/281.jpg 0 48 52 36 6 186 102 78 34 156 82 46 34 74 50 14
videos.hw01/08_frame/282.jpg 34 150 130 100 1188 678 174 146 1274 926 222 108 292 472 226 54
videos.hw01/08_frame/283.jpg 12 120 66 90 618 552 150 56 964 498 112 76 358 374 102 40
videos.hw01/08_frame/284.jpg 462 218 208 302 996 550 314 254 480 1000 298 240 220 224 106 132
videos.hw01/08_frame/285.jpg 200 88 56 90 218 386 260 122 418 490 158 172 248 404 90 86
videos.hw01/08_frame/286.jpg 54 46 150 194 54 140 114 64 102 144 136 160 28 82 138 60
videos.hw01/08_frame/287.jpg 124 142 242 228 284 526 410 376 622 1274 232 306 548 774 148 148
videos.hw01/08_frame/288.jpg 4246 4484 4138 8316 4916 2596 5330 8470 4432 4858 5662 6584 4296 1980 2516 1214
videos.hw01/08_frame/289.jpg 3476 3800 350 268 1982 3072 454 898 2558 3432 234 928 3306 1246 856 770
videos.hw01/08_frame/290.jpg 2222 620 322 256 1680 1470 338 846 2870 1132 376 1958 1490 866 738 1354
videos.hw01/08_frame/291.jpg 96 208 94 234 110 40 8 36 98 28 18 100 100 26 16 12
videos.hw01/08_frame/292.jpg 2898 2304 750 510 4114 2376 1322 1022 2056 2546 1136 3216 1314 4528 436 3606
videos.hw01/08_frame/293.jpg 1210 1810 102 312 564 264 704 610 670 422 742 656 518 466 1328 1372
videos.hw01/08_frame/294.jpg 4902 1880 2576 922 3828 1236 2928 898 3606 518 960 618 3228 2632 1160 1418
videos.hw01/08_frame/295.jpg 3624 1210 2358 952 3340 1300 738 890 2488 1010 786 658 6142 3222 1194 946
videos.hw01/08_frame/296.jpg 38 30 108 40 110 98 150 72 86 58 82 100 120 82 56 126
videos.hw01/08_frame/297.jpg 5280 2616 2300 3134 6078 2432 940 1360 4572 1718 744 634 7486 2340 1948 2154
videos.hw01/08_frame/298.jpg 170 642 652 746 678 794 438 590 910 916 250 540 2584 1218 366 842
videos.hw01/08_frame/299.jpg 312 2002 882 788 324 866 188 1166 622 762 610 782 630 1090 1162 1398
videos.hw01/08_frame/300.jpg 134 1024 388 178 124 444 164 400 222 438 218 286 232 400 502 432
videos.hw01/08_frame/301.jpg 16 68 76 154 40 136 158 156 50 104 38 104 94 140 50 114
videos.hw01/08_frame/302.jpg 154 342 348 324 254 462 368 468 278 558 266 398 418 784 560 460
videos.hw01/08_frame/303.jpg 306 5394 2342 4762 4610 4966 2612 2666 6128 2968 2364 3066 818 2746 1942 1678
videos.hw01/08_frame/304.jpg 8 294 196 102 106 324 238 214 118 160 178 396 146 250 262 298
videos.hw01/08_frame/305.jpg 22 822 372 148 98 484 190 168 168 436 184 420 86 752 390 436
videos.hw01/08_frame/306.jpg 8 480 202 42 66 228 80 102 0 296 88 100 48 292 70 102
videos.hw01/08_frame/307.jpg 56 700 306 116 106 820 248 142 204 610 586 1310 110 594 370 490
videos.hw01/08_frame/308.jpg 64 220 330 100 76 562 278 214 190 856 888 2292 58 1224 1218 568
videos.hw01/08_frame/309.jpg 98 764 452 188 206 974 334 206 214 606 1370 1622 94 354 650 308
videos.hw01/08_frame/310.jpg 164 3428 624 304 142 1068 320 334 204 936 368 174 84 1644 1056 488
videos.hw01/08_frame/311.jpg 32 138 154 64 8 120 158 110 30 162 86 44 48 84 142 72
videos.hw01/08_frame/312.jpg 42 240 234 274 142 466 146 354 240 414 166 310 122 332 510 204
videos.hw01/08_frame/313.jpg 52 662 238 64 58 492 212 222 262 228 170 190 66 290 358 134
videos.hw01/08_frame/314.jpg 36 466 258 182 132 398 260 250 222 368 214 186 104 410 276 278
videos.hw01/08_frame/315.jpg 24 148 248 114 56 322 294 372 274 270 146 488 76 232 258 318
videos.hw01/08_frame/316.jpg 0 98 164 50 146 266 232 122 8 206 86 48 46 110 170 92
videos.hw01/08_frame/317.jpg 38 318 300 102 132 268 254 320 268 252 246 220 196 252 334 334
videos.hw01/08_frame/318.jpg 192 5588 5104 6880 2610 3262 3430 2274 6378 2798 1682 3670 7326 7660 2680 3002
videos.hw01/08_frame/319.jpg 0 478 604 432 296 468 400 588 376 530 260 690 950 456 226 512
videos.hw01/08_frame/320.jpg 0 486 432 622 230 406 1104 464 1610 1304 1302 552 1264 724 386 598
videos.hw01/08_frame/321.jpg 0 70 170 128 74 80 122 144 248 148 108 48 138 194 54 74
videos.hw01/08_frame/322.jpg 0 498 476 466 262 358 1254 748 794 734 1488 684 2006 886 1242 642
videos.hw01/08_frame/323.jpg 0 550 466 398 182 372 476 542 622 676 628 508 1378 248 634 566
videos.hw01/08_frame/324.jpg 0 560 400 542 332 342 600 396 518 538 714 482 692 282 558 544
videos.hw01/08_frame/325.jpg 0 482 290 492 294 310 768 528 434 488 358 496 184 186 578 532
videos.hw01/08_frame/326.jpg 0 84 150 110 84 92 102 80 112 198 220 48 252 176 116 118
videos.hw01/08_frame/327.jpg 0 450 250 478 310 348 464 430 444 450 448 470 338 454 326 454
videos.hw01/08_frame/328.jpg 0 498 530 544 254 374 784 836 704 528 570 536 510 458 530 388
videos.hw01/08_frame/329.jpg 0 506 310 508 266 372 658 654 380 404 398 558 796 266 760 420
videos.hw01/08_frame/330.jpg 0 494 352 572 254 280 440 622 456 460 314 480 402 532 694 430
videos.hw01/08_frame/331.jpg 0 158 182 124 86 142 164 82 140 194 182 94 188 200 188 50
videos.hw01/08_frame/332.jpg 0 556 326 770 256 194 374 598 610 532 456 708 584 552 732 594
videos.hw01/08_frame/333.jpg 122 4378 6862 7854 4756 2426 4156 6882 5006 4356 2326 6100 7698 7184 3662 6948
videos.hw01/08_frame/334.jpg 20 114 110 74 6 126 208 396 46 174 402 1636 28 130 144 976
videos.hw01/08_frame/335.jpg 32 166 148 90 8 168 242 290 18 150 192 1178 18 258 238 1894
videos.hw01/08_frame/336.jpg 0 100 98 32 0 82 76 158 12 74 242 128 2 92 128 110
videos.hw01/08_frame/337.jpg 54 428 222 176 10 226 332 448 70 286 322 670 106 406 454 608
videos.hw01/08_frame/338.jpg 14 178 100 80 6 158 154 198 78 198 174 334 6 116 112 192
videos.hw01/08_frame/339.jpg 48 308 250 208 24 252 318 316 28 334 302 614 66 582 490 290
videos.hw01/08_frame/340.jpg 32 222 152 54 18 112 66 192 28 188 138 288 40 306 176 284
videos.hw01/08_frame/341.jpg 4 88 72 36 10 112 96 64 0 102 178 158 10 172 90 150
videos.hw01/08_frame/342.jpg 42 272 258 120 12 198 398 552 16 196 666 502 2 288 548 466
videos.hw01/08_frame/343.jpg 0 152 400 48 0 114 276 182 0 84 362 714 0 48 642 402
videos.hw01/08_frame/344.jpg 54 520 242 70 12 102 318 390 34 164 204 510 0 252 478 672
videos.hw01/08_frame/345.jpg 34 288 306 42 10 588 218 168 28 910 96 1538 0 276 438 1002
videos.hw01/08_frame/346.jpg 12 116 106 26 6 130 174 78 14 136 160 98 0 112 106 166
videos.hw01/08_frame/347.jpg 26 236 192 52 20 532 126 114 34 398 220 2752 22 562 432 1102
videos.hw01/08_frame/348.jpg 50 402 138 72 24 364 162 146 178 332 346 1452 278 594 400 2450
videos.hw01/08_frame/349.jpg 38 562 212 70 34 440 268 204 164 440 574 160 136 564 472 2218
videos.hw01/08_frame/350.jpg 72 796 232 62 30 508 606 166 156 468 866 210 292 804 438 172
videos.hw01/08_frame/351.jpg 8 220 96 52 8 174 84 66 8 218 152 170 12 162 152 44
videos.hw01/08_frame/352.jpg 84 310 302 106 36 224 142 194 84 242 112 168 296 496 532 240
videos.hw01/08_frame/353.jpg 80 398 236 86 54 252 148 330 262 244 186 184 234 290 212 276
videos.hw01/08_frame/354.jpg 68 306 274 136 56 388 156 186 148 288 212 228 346 432 180 208
videos.hw01/08_frame/355.jpg 54 216 194 90 50 178 140 206 136 220 226 108 328 256 462 246
videos.hw01/08_frame/356.jpg 16 66 58 42 16 144 72 66 60 90 88 66 74 138 68 52
videos.hw01/08_frame/357.jpg 42 278 114 32 26 206 222 100 106 240 152 112 102 222 186 122
videos.hw01/08_frame/358.jpg 76 222 172 68 36 212 350 110 184 160 354 100 156 306 292 158
videos.hw01/08_frame/359.jpg 30 132 100 14 14 184 420 80 40 156 572 130 58 266 206 104
videos.hw01/08_frame/360.jpg 54 238 164 34 16 234 196 112 48 172 184 96 60 238 154 98
videos.hw01/08_frame/361.jpg 20 250 142 60 12 146 140 150 88 226 146 94 72 272 150 138
videos.hw01/08_frame/362.jpg 16 140 170 44 22 134 158 174 74 152 204 98 66 308 216 78
videos.hw01/08_frame/363.jpg 5660 6740 3758 132 6312 5692 3432 5312 4072 4336 4922 2716 1988 6388 5574 4366
videos.hw01/08_frame/364.jpg 5690 5068 5178 8314 3664 1790 1848 4710 5614 4716 6936 5748 8638 8022 5962 9038
videos.hw01/08_frame/365.jpg 9098 8742 5142 6136 2318 2802 2088 3568 3882 1998 1368 3026 3674 3796 3570 3284
videos.hw01/08_frame/366.jpg 42 54 54 216 144 52 34 58 76 80 38 214 10 264 18 542
videos.hw01/08_frame/367.jpg 1424 9024 9164 8524 6426 2916 2984 7204 8614 4628 4724 5248 8932 8382 5278 2996
videos.hw01/08_frame/368.jpg 7816 9010 8674 5712 5576 1204 1136 3166 280 1482 1662 1538 264 8090 8358 8354
videos.hw01/08_frame/369.jpg 688 1072 916 500 1072 646 3082 2490 8642 3082 4632 4820 2944 2992 2502 4236
videos.hw01/08_frame/370.jpg 3468 3734 1874 340 1002 482 810 1130 544 836 1094 2530 6964 6424 6134 5720
videos.hw01/08_frame/371.jpg 144 160 206 76 106 86 102 98 36 128 112 178 50 116 62 64
videos.hw01/08_frame/372.jpg 2774 2790 4094 714 1446 394 3512 1772 470 860 388 1184 186 586 474 1058
videos.hw01/08_frame/373.jpg 816 506 988 928 556 352 1998 768 486 468 256 496 118 300 124 32
videos.hw01/08_frame/374.jpg 668 916 904 2354 700 210 1002 1736 524 388 344 1256 18 214 198 96
videos.hw01/08_frame/375.jpg 1638 1874 1708 2936 1100 236 1464 1702 296 300 446 2300 226 168 88 78
videos.hw01/08_frame/376.jpg 86 124 182 176 84 204 184 212 52 138 154 178 56 56 88 18
videos.hw01/08_frame/377.jpg 1288 1604 1602 3064 1340 640 1478 1836 272 386 718 2152 124 372 130 14
videos.hw01/08_frame/378.jpg 1308 1552 1406 2672 1102 348 1266 1556 350 370 488 1992 242 310 248 92
videos.hw01/08_frame/379.jpg 1368 1040 1290 1208 1400 410 1246 1368 574 342 490 934 150 372 346 100
videos.hw01/08_frame/380.jpg 1440 1192 1586 816 1042 276 764 740 736 370 458 320 152 310 192 28
videos.hw01/08_frame/381.jpg 228 152 194 112 102 86 162 310 70 134 114 144 58 64 58 10
videos.hw01/08_frame/382.jpg 1082 1294 1088 844 422 202 448 578 538 384 530 464 186 204 164 58
videos.hw01/08_frame/383.jpg 1018 866 884 646 996 222 818 612 1126 182 270 384 88 164 298 64
videos.hw01/08_frame/384.jpg 1054 1310 1402 880 1290 418 1480 730 1134 290 796 352 72 314 144 72
videos.hw01/08_frame/385.jpg 734 1410 1502 678 1410 248 1032 630 1406 406 458 348 172 218 196 24
videos.hw01/08_frame/386.jpg 138 224 268 208 50 130 136 68 100 94 94 114 52 84 38 12
videos.hw01/08_frame/387.jpg 658 1482 1508 774 1436 278 952 876 1214 856 1082 418 308 152 190 30
videos.hw01/08_frame/388.jpg 586 1312 1336 796 1254 302 1276 420 1364 560 1388 428 506 382 96 8
videos.hw01/08_frame/389.jpg 744 1274 932 750 1264 298 804 772 954 454 828 916 706 310 160 40
videos.hw01/08_frame/390.jpg 958 624 914 658 1018 370 314 758 428 768 1018 614 762 282 350 578
videos.hw01/08_frame/391.jpg 222 122 114 38 132 122 92 150 48 126 136 84 28 88 96 56
videos.hw01/08_frame/392.jpg 812 402 784 672 1272 308 500 986 862 322 776 666 1012 830 388 702
videos.hw01/08_frame/393.jpg 684 228 272 68 1012 218 1056 776 1364 182 200 630 946 506 502 176
videos.hw01/08_frame/394.jpg 724 260 188 166 816 392 1410 944 1260 406 396 418 700 574 576 344
videos.hw01/08_frame/395.jpg 740 414 112 32 436 374 1176 370 1172 490 926 510 1324 1864 740 550
videos.hw01/08_frame/396.jpg 126 150 30 10 128 114 106 102 62 128 74 136 196 152 96 326
videos.hw01/08_frame/397.jpg 738 244 108 58 360 516 616 334 1068 454 1568 438 458 296 1620 320
videos.hw01/08_frame/398.jpg 458 178 96 64 686 336 364 232 1220 466 922 784 350 814 206 290
videos.hw01/08_frame/399.jpg 630 134 108 32 808 180 218 488 1066 466 1080 944 1594 1580 736 242
videos.hw01/08_frame/400.jpg 588 174 120 30 708 144 296 570 1008 472 1156 658 1384 746 1268 1308
videos.hw01/08_frame/401.jpg 90 72 48 46 170 100 108 108 78 188 204 134 180 140 498 84
videos.hw01/08_frame/402.jpg 606 100 98 54 744 240 326 264 1038 192 828 958 1332 1168 1382 1198
videos.hw01/08_frame/403.jpg 526 102 72 38 834 156 130 138 704 222 254 528 1790 532 1208 1482
videos.hw01/08_frame/404.jpg 614 98 124 28 732 368 238 130 578 300 194 648 1634 1288 1414 2418
videos.hw01/08_frame/405.jpg 596 124 50 42 684 192 108 128 532 552 658 348 2450 2438 2310 2688
videos.hw01/08_frame/406.jpg 222 56 72 16 110 86 62 92 124 114 146 120 54 106 162 122
videos.hw01/08_frame/407.jpg 578 302 82 52 620 466 90 192 630 626 986 452 1624 1388 1130 1718
videos.hw01/08_frame/408.jpg 550 92 78 56 540 124 86 214 608 408 1002 496 2584 2968 3064 3018
videos.hw01/08_frame/409.jpg 1402 216 162 132 810 382 246 208 1220 284 1052 1132 2482 1610 892 1894
videos.hw01/08_frame/410.jpg 4392 2170 2460 1086 3364 610 356 644 2734 612 1218 354 2980 4978 8498 6724
videos.hw01/08_frame/411.jpg 40 20 88 62 82 48 138 282 126 86 78 166 52 78 12 4
videos.hw01/08_frame/412.jpg 1858 6776 5350 4178 5738 1380 3342 2198 4596 554 1454 384 5874 730 172 320
videos.hw01/08_frame/413.jpg 9166 9038 6708 5584 3478 1676 1864 1700 2784 1302 2998 3072 4222 2966 5430 6102
videos.hw01/08_frame/414.jpg 9164 9472 8178 5266 6834 8692 6268 4134 6700 7358 6256 2354 3758 5946 6706 6632
videos.hw01/08_frame/415.jpg 5826 1016 2154 4222 6558 2930 4310 6084 4748 5992 3524 6134 2788 6174 3816 4748
videos.hw01/08_frame/416.jpg 46 116 34 184 160 82 94 92 88 272 126 68 66 80 96 116
videos.hw01/08_frame/417.jpg 1796 136 346 940 1960 2360 3910 2600 1290 1644 2986 3544 2238 2504 2198 1880
videos.hw01/08_frame/418.jpg 2504 2060 602 2470 2506 2766 4632 3040 1862 1626 3394 3896 3292 3952 3762 1904
videos.hw01/08_frame/419.jpg 2546 5830 6364 4036 2708 3482 4964 3326 2630 2170 4150 3350 2684 3996 3288 2992
videos.hw01/08_frame/420.jpg 1286 3900 5540 2858 1656 2386 3326 2658 1636 982 2264 2198 2004 2088 1402 1408
videos.hw01/08_frame/421.jpg 94 112 188 80 168 212 96 44 188 220 262 64 280 130 150 178
videos.hw01/08_frame/422.jpg 164 438 480 598 234 256 236 54 182 364 254 34 160 104 224 598
videos.hw01/08_frame/423.jpg 166 580 382 562 190 286 242 14 104 334 226 76 62 134 120 328
videos.hw01/08_frame/424.jpg 200 204 410 436 212 344 210 12 300 246 238 146 176 180 238 430
videos.hw01/08_frame/425.jpg 124 286 458 286 148 240 234 18 304 196 324 136 184 208 272 382
videos.hw01/08_frame/426.jpg 50 86 164 148 76 152 94 6 188 156 122 72 118 150 134 96
videos.hw01/08_frame/427.jpg 192 410 394 412 136 600 258 44 320 298 412 246 190 320 304 464
videos.hw01/08_frame/428.jpg 164 408 454 270 166 240 332 56 260 274 342 110 186 210 212 290
videos.hw01/08_frame/429.jpg 118 366 450 270 198 322 332 46 410 378 550 420 200 204 318 274
videos.hw01/08_frame/430.jpg 168 346 332 240 100 424 242 68 288 328 338 364 290 318 206 304
videos.hw01/08_frame/431.jpg 82 188 212 50 80 146 142 42 124 186 172 108 86 76 186 112
videos.hw01/08_frame/432.jpg 126 418 290 98 340 324 236 18 282 264 382 260 168 78 234 384
videos.hw01/08_frame/433.jpg 132 456 310 182 242 316 252 144 206 246 488 274 154 116 192 298
videos.hw01/08_frame/434.jpg 46 234 394 254 146 162 294 42 174 376 494 298 174 226 254 646
videos.hw01/08_frame/435.jpg 46 576 282 334 144 328 142 108 222 366 528 334 152 192 244 756
videos.hw01/08_frame/436.jpg 88 502 134 220 72 108 88 82 164 170 168 74 88 144 152 156
videos.hw01/08_frame/437.jpg 122 336 320 206 154 384 220 158 274 286 500 88 150 202 314 468
videos.hw01/08_frame/438.jpg 76 378 424 368 142 386 194 20 244 310 508 224 288 160 270 578
videos.hw01/08_frame/439.jpg 846 5582 2922 3686 3358 5570 5116 6880 3610 3122 4092 286 1512 3710 2690 5244
videos.hw01/08_frame/440.jpg 90 322 310 380 20 388 256 408 160 198 380 136 204 292 164 146
videos.hw01/08_frame/441.jpg 32 38 88 142 4 86 108 254 96 130 122 72 178 50 118 18
videos.hw01/08_frame/442.jpg 72 126 246 478 24 390 328 424 274 242 268 750 150 216 256 166
videos.hw01/08_frame/443.jpg 44 224 576 498 22 264 408 212 182 226 332 794 166 224 260 788
videos.hw01/08_frame/444.jpg 96 178 466 498 30 214 518 550 176 290 374 146 124 216 312 702
videos.hw01/08_frame/445.jpg 170 370 694 586 32 264 574 572 136 344 294 310 142 312 386 222
videos.hw01/08_frame/446.jpg 22 66 144 292 24 98 170 236 56 152 176 42 78 166 142 46
videos.hw01/08_frame/447.jpg 126 338 442 708 16 266 604 428 132 388 418 688 100 342 192 730
videos.hw01/08_frame/448.jpg 128 306 526 278 56 330 492 346 188 280 442 726 104 248 258 1296
videos.hw01/08_frame/449.jpg 346 904 708 952 50 290 500 488 242 306 466 262 196 318 210 434
videos.hw01/08_frame/450.jpg 152 546 568 522 102 348 476 574 174 400 424 156 268 484 320 1154
videos.hw01/08_frame/451.jpg 58 110 226 240 36 124 96 74 78 154 178 28 52 272 136 28
videos.hw01/08_frame/452.jpg 200 620 820 382 48 434 556 440 118 334 672 306 132 238 392 140
videos.hw01/08_frame/453.jpg 130 586 704 472 82 608 444 444 118 332 584 250 82 350 426 656
videos.hw01/08_frame/454.jpg 256 696 562 754 50 356 358 754 252 344 446 286 162 426 276 348
videos.hw01/08_frame/455.jpg 118 474 440 316 58 444 326 830 298 508 586 1578 218 344 280 450
videos.hw01/08_frame/456.jpg 18 50 148 94 22 94 76 244 66 174 384 262 230 198 114 60
videos.hw01/08_frame/457.jpg 350 644 630 286 44 466 406 798 224 498 702 2300 428 368 274 1392
videos.hw01/08_frame/458.jpg 248 766 646 522 36 398 308 424 344 460 386 1658 276 560 190 1802
videos.hw01/08_frame/459.jpg 284 604 674 528 52 486 364 306 306 476 376 1800 132 514 188 1794
videos.hw01/08_frame/460.jpg 182 834 732 524 66 642 762 546 164 690 360 478 246 546 298 1496
videos.hw01/08_frame/461.jpg 62 94 108 138 26 120 98 26 90 106 186 42 36 76 62 174
videos.hw01/08_frame/462.jpg 5362 6426 6172 6040 7774 6436 5908 6110 3744 5282 6312 5032 2232 6358 3866 4842
videos.hw01/08_frame/463.jpg 388 186 288 328 354 292 562 576 140 242 240 334 190 160 386 760
videos.hw01/08_frame/464.jpg 414 166 158 318 318 334 630 1060 256 316 258 312 224 498 776 524
videos.hw01/08_frame/465.jpg 408 194 250 210 484 522 884 1300 244 628 370 506 256 678 444 712
videos.hw01/08_frame/466.jpg 70 66 120 54 290 132 244 186 200 188 212 160 124 70 80 56
videos.hw01/08_frame/467.jpg 368 160 356 264 460 470 1180 876 230 690 564 642 266 376 504 596
videos.hw01/08_frame/468.jpg 238 216 180 264 456 606 1332 1008 290 754 604 544 240 394 496 236
videos.hw01/08_frame/469.jpg 264 610 512 212 408 498 1306 1194 314 562 438 378 158 476 342 504
videos.hw01/08_frame/470.jpg 936 696 290 312 386 588 956 1886 332 432 518 146 270 202 406 504
videos.hw01/08_frame/471.jpg 406 68 90 50 276 122 128 262 180 166 178 72 58 110 68 198
videos.hw01/08_frame/472.jpg 446 908 248 312 448 540 658 1752 290 610 858 348 362 370 258 570
videos.hw01/08_frame/473.jpg 432 294 508 306 300 226 1016 2172 310 432 520 450 238 202 400 806
videos.hw01/08_frame/474.jpg 544 308 372 376 354 266 970 1670 264 366 562 548 216 274 382 228
videos.hw01/08_frame/475.jpg 654 428 418 146 176 282 750 1104 264 250 792 758 196 298 470 852
videos.hw01/08_frame/476.jpg 324 180 60 46 214 164 254 324 202 146 188 122 128 138 170 82
videos.hw01/08_frame/477.jpg 722 352 322 468 456 170 1112 1462 350 242 584 584 224 190 536 662
videos.hw01/08_frame/478.jpg 306 638 194 270 566 450 1202 1524 242 510 450 574 256 270 492 596
videos.hw01/08_frame/479.jpg 372 644 314 364 666 456 1158 814 306 404 324 726 252 434 616 460
videos.hw01/08_frame/480.jpg 792 540 436 452 330 294 1142 3002 292 514 718 932 316 444 604 184
videos.hw01/08_frame/481.jpg 264 272 218 70 172 198 294 336 188 244 98 292 126 214 168 90
videos.hw01/08_frame/482.jpg 562 340 244 154 902 352 734 1946 332 408 648 858 514 656 346 516
videos.hw01/08_frame/483.jpg 344 342 336 330 652 548 842 1338 322 574 1154 664 316 706 480 650
videos.hw01/08_frame/484.jpg 294 200 252 140 468 710 1190 1150 460 554 702 812 434 508 686 1026
videos.hw01/08_frame/485.jpg 396 164 302 262 244 590 450 1244 340 750 312 692 414 412 634 966
videos.hw01/08_frame/486.jpg 126 116 152 76 206 102 104 106 110 94 54 110 80 122 264 244
videos.hw01/08_frame/487.jpg 522 400 294 212 394 472 206 1120 398 512 890 1422 330 266 552 520
videos.hw01/08_frame/488.jpg 288 380 470 280 348 466 344 548 376 274 600 1404 336 408 568 816
videos.hw01/08_frame/489.jpg 482 678 428 332 352 578 334 808 382 320 886 422 744 364 694 908
videos.hw01/08_frame/490.jpg 278 652 214 220 530 436 316 908 342 348 926 454 288 810 1032 910
videos.hw01/08_frame/491.jpg 64 158 194 40 190 164 124 112 126 68 118 156 98 194 60 82
videos.hw01/08_frame/492.jpg 4230 7444 7698 7142 6234 7232 7672 6130 5150 2842 6756 6612 6922 5292 5058 6152
videos.hw01/08_frame/493.jpg 280 434 234 454 252 356 720 250 178 406 526 262 180 234 332 386
videos.hw01/08_frame/494.jpg 604 532 460 670 576 950 1248 908 386 518 926 480 338 412 456 588
videos.hw01/08_frame/495.jpg 300 322 258 480 318 484 830 528 264 448 662 416 248 354 264 332
videos.hw01/08_frame/496.jpg 56 78 162 214 40 124 158 146 66 136 192 158 48 168 236 166
videos.hw01/08_frame/497.jpg 476 372 1036 490 256 692 1162 394 152 416 592 378 226 382 396 192
videos.hw01/08_frame/498.jpg 768 726 1428 1984 328 1208 1092 2034 378 622 848 836 280 744 926 516
videos.hw01/08_frame/499.jpg 274 550 748 1518 226 760 470 900 310 312 424 448 224 584 396 470
videos.hw01/08_frame/500.jpg 434 442 792 1184 178 554 390 894 238 314 436 528 92 620 288 426
videos.hw01/08_frame/501.jpg 232 148 200 58 62 162 140 204 44 104 140 150 18 188 150 164
videos.hw01/08_frame/502.jpg 288 486 312 1038 70 348 432 788 238 174 466 390 160 398 368 340
videos.hw01/08_frame/503.jpg 228 458 264 560 212 222 182 510 264 316 358 596 114 252 344 214
videos.hw01/08_frame/504.jpg 322 368 272 174 204 378 456 538 200 218 290 392 162 290 246 180
videos.hw01/08_frame/505.jpg 324 370 206 180 228 412 540 468 220 408 214 324 128 194 244 228
videos.hw01/08_frame/506.jpg 132 82 94 152 82 216 258 86 72 124 208 92 124 178 118 102
videos.hw01/08_frame/507.jpg 230 556 436 334 170 374 638 298 224 312 270 420 160 196 264 340
videos.hw01/08_frame/508.jpg 342 386 392 292 184 336 560 358 160 314 358 310 140 174 212 278
videos.hw01/08_frame/509.jpg 218 262 336 384 176 436 532 278 214 276 260 316 128 246 180 234
videos.hw01/08_frame/510.jpg 216 344 204 238 184 480 580 186 180 274 278 290 148 334 146 194
videos.hw01/08_frame/511.jpg 102 110 108 128 58 100 132 86 92 160 106 236 46 58 220 72
videos.hw01/08_frame/512.jpg 264 338 264 188 114 304 270 152 206 204 290 272 170 162 334 394
videos.hw01/08_frame/513.jpg 7796 9058 7976 4292 7332 5348 5882 3642 3956 5096 6926 6884 8116 8158 3574 5544
videos.hw01/08_frame/514.jpg 60 102 132 134 2302 392 72 122 314 142 150 50 44 72 190 84
videos.hw01/08_frame/515.jpg 34 268 118 78 1050 2738 238 150 382 116 86 64 54 32 188 52
videos.hw01/08_frame/516.jpg 18 12 70 26 194 178 136 60 352 262 74 84 28 72 152 136
videos.hw01/08_frame/517.jpg 22 174 396 160 1006 1454 398 228 1308 522 282 198 112 204 362 508
videos.hw01/08_frame/518.jpg 18 72 306 184 302 336 512 154 430 294 184 110 78 86 206 122
videos.hw01/08_frame/519.jpg 6 144 284 126 520 236 380 238 652 302 138 150 68 80 198 152
videos.hw01/08_frame/520.jpg 30 1292 744 164 238 2084 1946 436 560 1426 960 226 110 258 538 286
videos.hw01/08_frame/521.jpg 12 46 158 126 118 58 100 178 170 398 120 162 82 90 236 152
videos.hw01/08_frame/522.jpg 14 488 498 126 544 706 1976 406 1402 592 206 242 156 146 246 184
videos.hw01/08_frame/523.jpg 14 50 52 50 474 270 92 66 520 264 196 82 110 210 216 258
videos.hw01/08_frame/524.jpg 10 238 260 242 274 416 268 196 308 316 268 218 134 184 280 138
videos.hw01/08_frame/525.jpg 12 64 286 158 886 376 268 226 512 526 190 184 78 154 150 294
videos.hw01/08_frame/526.jpg 8 68 146 100 78 198 110 120 94 130 120 76 62 128 180 96
videos.hw01/08_frame/527.jpg 8 136 244 212 670 452 260 172 636 386 228 234 88 182 232 202
videos.hw01/08_frame/528.jpg 10 266 302 168 446 534 366 376 596 516 438 204 104 364 394 432
videos.hw01/08_frame/529.jpg 16 456 270 190 824 1096 678 374 444 1136 376 306 118 342 286 436
videos.hw01/08_frame/530.jpg 532 86 140 134 526 1992 964 248 260 164 170 194 100 134 160 188
videos.hw01/08_frame/531.jpg 20 72 74 102 96 150 40 98 230 132 58 82 28 66 118 84
videos.hw01/08_frame/532.jpg 1220 2372 4336 7360 3164 7150 5772 3396 4576 4878 8772 5964 896 2868 7264 7198
videos.hw01/08_frame/533.jpg 7636 4928 528 80 2460 3250 3022 140 1628 1572 1956 36 924 1212 422 106
videos.hw01/08_frame/534.jpg 1954 2000 738 156 3182 3220 1646 110 3170 3168 1256 44 742 976 212 66
videos.hw01/08_frame/535.jpg 3714 5644 2994 86 3212 2404 5672 110 4258 2180 3112 54 668 68 168 36
videos.hw01/08_frame/536.jpg 326 332 60 20 88 92 72 36 154 80 70 54 138 26 70 16
videos.hw01/08_frame/537.jpg 6906 9130 7534 6720 6022 7402 2888 7902 3970 5056 2424 2754 1534 86 18 18
videos.hw01/08_frame/538.jpg 170 304 7736 4944 1572 1668 4348 3260 1188 798 1436 1650 42 42 16 32
videos.hw01/08_frame/539.jpg 132 122 1562 1014 444 446 722 1466 670 524 660 922 62 48 58 32
videos.hw01/08_frame/540.jpg 194 80 482 6460 1020 962 1044 4336 540 270 1194 824 72 32 78 82
videos.hw01/08_frame/541.jpg 40 70 116 86 102 128 170 142 248 86 150 110 38 32 42 32
videos.hw01/08_frame/542.jpg 204 34 224 3892 684 662 552 1010 614 464 950 658 66 24 156 96
videos.hw01/08_frame/543.jpg 100 140 38 66 412 374 750 400 358 506 546 480 132 382 56 50
videos.hw01/08_frame/544.jpg 1752 5248 1546 488 2540 3870 2334 3380 2324 4468 3034 3532 730 1686 2138 2950
videos.hw01/08_frame/545.jpg 190 836 174 56 288 586 138 148 416 384 228 138 68 666 488 180
videos.hw01/08_frame/546.jpg 132 142 128 82 108 148 120 156 142 240 150 172 58 110 160 112
videos.hw01/08_frame/547.jpg 922 1220 388 30 338 986 278 204 1044 736 228 188 88 476 496 108
videos.hw01/08_frame/548.jpg 300 562 414 54 328 676 242 232 548 564 214 100 118 590 248 84
videos.hw01/08_frame/549.jpg 136 1580 434 48 488 1636 446 152 544 626 198 196 228 482 384 102
videos.hw01/08_frame/550.jpg 384 1332 700 44 458 1498 1672 274 364 904 490 334 204 494 398 96
videos.hw01/08_frame/551.jpg 62 90 70 34 86 174 182 106 110 222 92 98 120 126 58 78
videos.hw01/08_frame/552.jpg 1212 498 240 84 1256 912 346 420 472 1134 778 408 298 384 342 396
videos.hw01/08_frame/553.jpg 656 390 98 20 554 366 264 230 378 546 298 160 176 180 158 136
videos.hw01/08_frame/554.jpg 270 610 270 70 212 646 532 306 234 962 434 316 336 430 316 328
videos.hw01/08_frame/555.jpg 312 796 346 92 774 882 802 356 692 606 696 354 344 406 334 228
videos.hw01/08_frame/556.jpg 66 92 96 74 64 198 188 182 102 196 100 84 100 180 134 118
videos.hw01/08_frame/557.jpg 4042 2486 252 38 5088 530 328 208 892 302 272 202 118 302 174 176
videos.hw01/08_frame/558.jpg 4108 4230 4246 5164 6484 3264 3196 3086 4900 4992 4194 2600 4714 2508 5310 7210
videos.hw01/08_frame/559.jpg 204 168 148 28 188 416 1068 66 476 824 1846 1828 352 364 2308 2642
videos.hw01/08_frame/560.jpg 120 112 152 14 96 306 970 72 410 550 1108 260 264 308 1296 750
videos.hw01/08_frame/561.jpg 100 66 38 0 112 114 76 0 260 110 130 216 188 118 180 102
videos.hw01/08_frame/562.jpg 68 264 32 0 88 490 998 54 408 450 1118 618 248 244 634 352
videos.hw01/08_frame/563.jpg 154 154 34 0 246 260 444 96 394 282 668 840 346 172 294 684
videos.hw01/08_frame/564.jpg 224 158 28 0 174 338 484 2 568 468 860 1592 398 264 530 2886
videos.hw01/08_frame/565.jpg 218 332 56 50 208 402 348 166 588 446 296 872 532 346 308 950
videos.hw01/08_frame/566.jpg 84 80 32 12 144 122 182 64 306 130 170 178 196 80 32 364
videos.hw01/08_frame/567.jpg 118 140 46 4 174 384 282 4 444 338 394 864 288 412 266 948
videos.hw01/08_frame/568.jpg 160 254 50 12 196 374 250 36 294 342 228 484 266 236 154 908
videos.hw01/08_frame/569.jpg 6404 3790 2748 3252 4594 2956 3422 5428 5782 3380 4498 4374 5768 3388 1936 4406
videos.hw01/08_frame/570.jpg 90 282 200 112 148 692 534 258 164 924 668 970 216 312 204 2226
videos.hw01/08_frame/571.jpg 38 138 166 78 172 138 178 164 82 172 184 186 130 276 76 66
videos.hw01/08_frame/572.jpg 152 344 140 126 200 502 548 246 192 402 274 422 184 668 456 372
videos.hw01/08_frame/573.jpg 84 206 250 90 302 754 812 310 452 458 646 360 76 656 248 556
videos.hw01/08_frame/574.jpg 130 636 358 166 288 408 648 470 396 410 766 308 156 384 186 604
videos.hw01/08_frame/575.jpg 236 390 370 56 348 462 312 580 510 382 500 750 124 330 176 492
videos.hw01/08_frame/576.jpg 56 128 114 60 118 250 122 176 210 132 162 110 62 126 124 234
videos.hw01/08_frame/577.jpg 148 242 130 144 410 310 378 712 564 354 344 1206 152 264 174 582
videos.hw01/08_frame/578.jpg 82 206 128 20 366 262 146 130 536 370 430 344 138 160 46 1306
videos.hw01/08_frame/579.jpg 154 228 334 94 538 260 212 178 792 564 336 1110 130 310 114 1158
videos.hw01/08_frame/580.jpg 116 224 202 82 370 272 174 324 452 534 396 350 190 234 140 3602
videos.hw01/08_frame/581.jpg 36 146 112 68 128 174 128 208 254 108 242 218 122 130 86 64
videos.hw01/08_frame/582.jpg 126 234 206 86 206 458 250 148 218 388 290 206 156 182 106 780
videos.hw01/08_frame/583.jpg 122 144 156 100 252 1012 1052 204 316 1222 1416 250 86 132 102 36
videos.hw01/08_frame/584.jpg 78 268 348 124 250 532 326 218 490 780 256 194 228 282 166 58
videos.hw01/08_frame/585.jpg 198 368 208 208 340 584 208 248 176 204 280 220 132 416 102 116
videos.hw01/08_frame/586.jpg 74 106 90 82 188 296 152 168 256 142 262 194 86 128 60 26
videos.hw01/08_frame/587.jpg 144 324 276 102 266 374 290 252 280 318 394 234 138 334 130 58
videos.hw01/08_frame/588.jpg 180 276 320 248 248 430 254 300 322 370 344 182 406 336 256 90
videos.hw01/08_frame/589.jpg 96 366 276 100 196 316 250 238 208 336 194 238 196 384 100 86
videos.hw01/08_frame/590.jpg 102 284 350 70 274 416 260 282 250 280 312 268 210 224 176 60
videos.hw01/08_frame/591.jpg 76 130 80 54 108 220 118 180 160 160 122 142 78 200 44 52
videos.hw01/08_frame/592.jpg 134 304 276 158 204 428 250 382 168 236 258 146 238 398 198 76
videos.hw01/08_frame/593.jpg 106 258 284 110 226 344 1632 286 266 416 2122 200 170 224 90 24
videos.hw01/08_frame/594.jpg 130 416 252 104 260 306 208 190 312 358 164 194 188 282 132 36
videos.hw01/08_frame/595.jpg 164 336 226 144 328 514 272 172 232 180 400 322 184 348 126 58
videos.hw01/08_frame/596.jpg 74 140 132 108 70 172 128 108 106 146 150 186 58 216 44 20
videos.hw01/08_frame/597.jpg 86 220 322 112 130 296 204 200 106 194 266 180 158 396 216 66
videos.hw01/08_frame/598.jpg 172 240 156 108 98 386 196 182 194 204 192 220 94 240 200 40
videos.hw01/08_frame/599.jpg 154 216 306 110 322 390 1022 184 196 462 1114 180 302 260 104 60
videos.hw01/08_frame/600.jpg 86 322 134 136 192 252 850 162 206 388 1124 168 148 226 158 68
videos.hw01/08_frame/601.jpg 30 114 138 126 208 366 224 232 134 198 222 150 122 182 92 40
videos.hw01/08_frame/602.jpg 92 220 188 144 136 240 258 156 154 286 250 122 174 178 118 58
videos.hw01/08_frame/603.jpg 40 198 170 108 88 280 208 194 80 208 210 102 76 158 160 26
videos.hw01/08_frame/604.jpg 72 178 224 126 178 274 262 98 170 218 350 126 84 256 122 34
videos.hw01/08_frame/605.jpg 66 198 222 96 124 238 244 230 80 304 208 146 74 260 254 46
videos.hw01/08_frame/606.jpg 44 76 70 120 152 220 124 172 100 120 208 166 492 64 156 20
videos.hw01/08_frame/607.jpg 6930 4356 6510 5742 4508 3236 4944 2872 6100 2610 3326 2446 5760 8408 7062 8064
videos.hw01/08_frame/608.jpg 2654 6426 3100 5876 6018 1802 3820 2150 6574 1946 3214 2186 8932 9154 9210 9086
videos.hw01/08_frame/609.jpg 8800 9178 9484 9320 2156 3278 1182 3384 1682 1444 3448 2970 2 196 88 0
videos.hw01/08_frame/610.jpg 732 292 354 604 1662 2122 1450 3742 3662 2294 3886 4296 8932 9240 9240 9080
videos.hw01/08_frame/611.jpg 0 16 6 176 164 102 96 72 232 94 92 70 42 42 46 98
videos.hw01/08_frame/612.jpg 102 496 472 756 3410 1968 1506 2286 5834 2082 2224 4126 2314 1712 1898 2136
videos.hw01/08_frame/613.jpg 6638 6340 6054 4476 5854 2038 1612 1404 1984 1834 2522 1724 2532 2914 3950 6312
videos.hw01/08_frame/614.jpg 4458 4366 2014 2126 1896 1118 1508 1252 1232 386 1494 2508 604 404 722 1488
videos.hw01/08_frame/615.jpg 1904 2124 2142 1740 1634 830 1678 1362 610 412 1090 1844 1396 928 1804 3100
videos.hw01/08_frame/616.jpg 28 42 154 68 32 124 88 64 70 108 120 62 76 68 78 70
videos.hw01/08_frame/617.jpg 1840 1260 900 1210 2100 770 1138 722 938 1124 1160 768 916 1796 1756 1696
videos.hw01/08_frame/618.jpg 1452 1642 1174 2108 1296 922 1138 938 1210 1172 1218 1134 926 1072 1000 2036
videos.hw01/08_frame/619.jpg 992 1082 788 2036 664 936 806 1296 866 1064 1146 2388 628 272 804 1492
videos.hw01/08_frame/620.jpg 850 1336 1798 2230 374 816 506 1632 994 706 892 2506 2984 2374 2864 2226
videos.hw01/08_frame/621.jpg 124 98 90 128 72 122 160 330 190 90 110 210 682 38 50 58
videos.hw01/08_frame/622.jpg 1962 2324 2766 2696 166 840 666 1046 392 504 1106 2514 1244 1038 1020 1308
videos.hw01/08_frame/623.jpg 1698 1756 1276 1162 488 1080 616 1486 1358 670 1630 1446 278 1504 770 1660
videos.hw01/08_frame/624.jpg 328 910 1442 838 470 574 462 766 1362 1006 1796 330 1508 1550 1210 1730
videos.hw01/08_frame/625.jpg 132 586 970 608 1138 398 630 456 978 462 658 758 702 672 1418 1632
videos.hw01/08_frame/626.jpg 76 48 86 76 138 194 256 68 846 120 130 136 80 188 286 232
videos.hw01/08_frame/627.jpg 304 786 578 712 1254 584 1038 374 606 512 1296 450 924 1070 1980 696
videos.hw01/08_frame/628.jpg 230 684 650 428 786 282 1236 628 592 876 1828 416 950 342 1824 1558
videos.hw01/08_frame/629.jpg 1594 1324 1182 582 704 340 1120 490 598 434 892 558 404 938 674 262
videos.hw01/08_frame/630.jpg 1426 388 816 440 1612 278 540 354 1140 480 1084 332 242 478 142 1180
videos.hw01/08_frame/631.jpg 160 130 136 116 298 126 132 162 228 92 108 148 440 238 316 266
videos.hw01/08_frame/632.jpg 1434 1112 1418 532 774 318 1316 754 1508 778 1436 392 462 434 770 1228
videos.hw01/08_frame/633.jpg 336 230 784 1122 898 266 1412 430 1154 744 504 452 604 326 354 746
videos.hw01/08_frame/634.jpg 1488 1460 976 904 732 532 1222 682 456 344 602 314 226 316 1584 532
videos.hw01/08_frame/635.jpg 936 640 1064 1184 1846 360 1010 464 348 528 360 222 1732 1854 1164 2436
videos.hw01/08_frame/636.jpg 38 102 110 206 112 136 148 134 588 60 216 248 118 218 474 60
videos.hw01/08_frame/637.jpg 452 384 1072 1588 1790 384 1220 566 480 582 874 198 1622 3132 2272 808
videos.hw01/08_frame/638.jpg 616 596 1230 1064 2208 384 1158 380 1328 270 1222 314 626 3444 2232 368
videos.hw01/08_frame/639.jpg 1600 1466 1144 1156 1060 190 410 226 634 586 822 566 1158 2306 3680 1320
videos.hw01/08_frame/640.jpg 1510 1310 1840 1286 428 160 786 176 374 784 1552 300 486 1046 1816 258
videos.hw01/08_frame/641.jpg 160 268 196 132 604 104 234 252 52 78 182 422 198 558 436 248
videos.hw01/08_frame/642.jpg 2298 2980 2328 1732 492 256 502 338 666 1082 1092 624 884 978 472 840
videos.hw01/08_frame/643.jpg 2298 2430 1932 930 174 224 372 270 406 682 1330 690 1298 802 664 282
videos.hw01/08_frame/644.jpg 1642 1432 710 792 1598 330 330 548 1826 730 758 350 690 1484 494 290
videos.hw01/08_frame/645.jpg 162 926 592 60 764 420 418 518 396 180 520 622 4152 3506 3980 2874
videos.hw01/08_frame/646.jpg 110 116 188 44 138 88 146 108 350 126 70 140 168 210 114 322
videos.hw01/08_frame/647.jpg 464 532 190 210 862 324 744 276 970 672 870 424 3618 3002 3894 3952
videos.hw01/08_frame/648.jpg 54 268 258 266 1246 358 1110 516 564 734 1176 166 2136 518 2778 2618
videos.hw01/08_frame/649.jpg 1566 1644 1460 962 1210 634 1332 284 1874 624 1802 536 582 198 836 466
videos.hw01/08_frame/650.jpg 1566 2052 1612 1124 1094 854 648 460 2240 1192 1528 390 68 118 0 104
videos.hw01/08_frame/651.jpg 60 32 86 146 190 108 194 200 84 108 104 182 6 82 0 36
videos.hw01/08_frame/652.jpg 838 2036 1518 1094 1488 1000 1278 396 2066 1032 1090 434 40 148 0 64
videos.hw01/08_frame/653.jpg 2008 2092 2264 1094 1960 766 424 426 2302 324 344 1730 20 600 0 124
videos.hw01/08_frame/654.jpg 4552 4560 4332 2866 6440 3072 2176 1340 638 818 842 848 6042 5278 6194 5916
videos.hw01/08_frame/655.jpg 5092 5090 4596 2526 5404 1756 2186 2386 6906 1898 4166 2102 3248 1076 3522 3516
videos.hw01/08_frame/656.jpg 154 0 36 228 70 54 106 68 46 72 80 62 0 38 4 2
videos.hw01/08_frame/657.jpg 9164 9480 7992 5522 2766 3264 3234 1782 1340 1448 1352 802 34 906 104 10
videos.hw01/08_frame/658.jpg 1034 1086 152 474 5158 2024 1944 1192 4794 1600 2266 712 4842 1820 2142 14
videos.hw01/08_frame/659.jpg 1002 7940 5552 3566 7330 3492 6972 4306 6186 2916 5654 5192 6402 6454 5678 7356
videos.hw01/08_frame/660.jpg 168 522 602 34 186 400 312 320 132 302 278 366 324 276 454 578
videos.hw01/08_frame/661.jpg 12 242 158 48 40 162 206 224 88 188 280 270 78 272 192 392
videos.hw01/08_frame/662.jpg 194 396 470 24 260 408 292 428 172 376 302 514 360 570 518 354
videos.hw01/08_frame/663.jpg 282 282 442 88 370 346 184 450 168 374 420 672 526 362 504 446
videos.hw01/08_frame/664.jpg 384 562 542 30 338 412 280 554 200 444 488 422 462 364 458 380
videos.hw01/08_frame/665.jpg 448 500 566 2 328 452 398 554 326 402 584 278 624 466 576 658
videos.hw01/08_frame/666.jpg 42 338 70 0 70 96 60 84 86 116 104 188 132 208 84 132
videos.hw01/08_frame/667.jpg 536 694 544 2 416 756 1026 528 482 826 1984 892 1040 800 752 1062
videos.hw01/08_frame/668.jpg 1272 948 638 90 988 696 618 494 688 746 868 720 1378 986 882 822
videos.hw01/08_frame/669.jpg 990 1006 576 814 926 658 932 428 544 804 938 1050 674 768 526 804
videos.hw01/08_frame/670.jpg 378 400 296 390 524 410 710 382 430 758 830 544 398 484 538 242
videos.hw01/08_frame/671.jpg 116 178 106 114 168 194 192 240 144 138 212 176 152 142 106 56
videos.hw01/08_frame/672.jpg 280 462 242 324 366 256 404 328 274 296 408 296 324 486 588 152
videos.hw01/08_frame/673.jpg 212 276 204 178 250 312 180 260 234 216 184 212 242 264 294 106
videos.hw01/08_frame/674.jpg 190 196 88 272 288 284 256 240 226 320 322 250 284 220 220 118
videos.hw01/08_frame/675.jpg 224 178 58 84 252 172 224 112 152 300 136 128 242 240 164 46
videos.hw01/08_frame/676.jpg 42 98 38 36 158 108 182 120 108 162 144 164 182 84 84 48
videos.hw01/08_frame/677.jpg 44 96 134 90 156 216 154 120 124 168 114 188 284 182 148 76
videos.hw01/08_frame/678.jpg 3962 4616 3964 6452 4004 4898 6568 3924 5894 4654 6744 5986 5246 5850 7122 1826
videos.hw01/08_frame/679.jpg 1852 1058 870 1324 340 474 766 682 328 246 298 120 74 284 148 222
videos.hw01/08_frame/680.jpg 3654 3530 2594 1104 514 1938 1630 1472 186 154 122 652 60 108 130 140
videos.hw01/08_frame/681.jpg 66 28 58 124 108 148 88 104 58 134 56 36 70 88 92 80
videos.hw01/08_frame/682.jpg 5114 5066 2572 828 2012 6636 3112 2624 840 1002 106 170 88 106 212 152
videos.hw01/08_frame/683.jpg 298 168 1210 556 1918 4038 3962 560 862 2864 1372 190 106 374 64 94
videos.hw01/08_frame/684.jpg 186 150 192 554 240 190 614 396 142 538 188 78 132 198 106 118
videos.hw01/08_frame/685.jpg 258 126 200 258 302 206 298 218 200 216 62 38 102 350 52 246
videos.hw01/08_frame/686.jpg 118 90 70 152 86 126 54 100 112 164 72 20 96 142 96 72
videos.hw01/08_frame/687.jpg 190 106 216 338 240 292 384 428 316 316 254 10 132 206 84 130
videos.hw01/08_frame/688.jpg 232 174 160 192 296 174 142 208 116 260 114 16 54 138 42 70
videos.hw01/08_frame/689.jpg 176 92 192 84 220 168 130 94 184 220 72 54 102 258 122 152
videos.hw01/08_frame/690.jpg 290 134 164 190 196 158 88 162 130 150 148 48 64 234 140 58
videos.hw01/08_frame/691.jpg 62 62 124 154 172 136 90 140 18 92 136 4 48 46 32 50
videos.hw01/08_frame/692.jpg 104 80 174 156 216 174 108 268 92 170 194 24 34 96 54 22
videos.hw01/08_frame/693.jpg 68 94 174 102 86 94 102 106 32 104 36 6 52 186 20 30
videos.hw01/08_frame/694.jpg 92 134 134 202 222 136 132 280 42 148 130 12 14 112 38 126
videos.hw01/08_frame/695.jpg 5146 3786 2602 6242 6496 7784 5990 4326 6910 5822 4544 7890 5860 7166 4570 3158
videos.hw01/08_frame/696.jpg 0 64 38 24 46 52 120 76 46 72 134 64 78 30 60 64
videos.hw01/08_frame/697.jpg 0 142 748 326 160 80 128 632 202 212 272 476 212 160 886 554
videos.hw01/08_frame/698.jpg 0 180 282 602 34 58 178 586 130 198 294 364 236 410 738 422
videos.hw01/08_frame/699.jpg 0 386 288 372 106 148 200 906 150 200 206 460 276 562 450 584
videos.hw01/08_frame/700.jpg 0 232 610 746 90 118 206 1030 170 220 388 334 196 228 678 910
videos.hw01/08_frame/701.jpg 0 42 76 64 64 142 120 218 66 108 228 338 92 210 88 156
videos.hw01/08_frame/702.jpg 0 320 878 574 96 86 292 670 170 160 396 590 158 424 522 1144
videos.hw01/08_frame/703.jpg 0 198 236 1030 104 58 342 392 92 182 414 546 328 278 612 1236
videos.hw01/08_frame/704.jpg 0 302 524 542 120 218 460 444 150 290 338 602 280 362 604 772
videos.hw01/08_frame/705.jpg 0 144 306 916 74 128 302 450 92 182 234 402 86 378 396 1022
videos.hw01/08_frame/706.jpg 0 34 46 34 46 66 114 156 84 84 146 88 48 104 126 68
videos.hw01/08_frame/707.jpg 0 216 350 1378 108 242 482 604 134 272 354 570 378 484 1128 800
videos.hw01/08_frame/708.jpg 0 150 662 1274 62 174 258 510 124 198 336 424 214 894 1054 1008
videos.hw01/08_frame/709.jpg 0 72 580 1472 204 158 216 504 144 338 398 350 332 534 1102 642
videos.hw01/08_frame/710.jpg 0 74 286 800 148 196 212 678 122 248 216 256 698 574 1082 704
videos.hw01/08_frame/711.jpg 0 16 108 70 102 204 126 298 100 140 146 74 62 96 140 94
videos.hw01/08_frame/712.jpg 22 302 322 284 214 174 472 560 128 248 340 528 400 630 1140 750
videos.hw01/08_frame/713.jpg 12 160 494 1152 82 80 226 356 118 172 496 598 264 416 522 622
videos.hw01/08_frame/714.jpg 138 226 222 784 116 128 258 642 136 232 360 370 358 546 692 666
videos.hw01/08_frame/715.jpg 14 248 1044 778 100 62 330 342 108 212 374 396 390 492 822 946
videos.hw01/08_frame/716.jpg 78 42 94 110 126 104 88 160 88 132 138 168 118 92 190 102
videos.hw01/08_frame/717.jpg 152 1280 502 864 162 186 350 520 102 300 450 350 354 614 554 850
videos.hw01/08_frame/718.jpg 72 516 882 846 124 170 186 214 138 280 288 230 226 540 540 852
videos.hw01/08_frame/719.jpg 138 480 982 744 218 240 140 550 114 204 402 278 202 314 658 782
videos.hw01/08_frame/720.jpg 78 418 400 578 178 84 204 244 146 214 296 274 280 208 382 746
videos.hw01/08_frame/721.jpg 106 112 104 270 134 110 212 484 182 236 224 156 146 128 130 196
videos.hw01/08_frame/722.jpg 124 228 250 654 110 134 118 694 218 198 294 308 316 192 208 400
videos.hw01/08_frame/723.jpg 320 164 292 460 148 134 170 486 178 170 204 290 206 110 210 310
videos.hw01/08_frame/724.jpg 86 184 206 444 52 138 168 378 152 264 318 208 174 916 188 248
videos.hw01/08_frame/725.jpg 70 168 184 458 112 310 208 498 272 434 398 278 460 1292 1266 214
videos.hw01/08_frame/726.jpg 28 78 150 148 4 36 74 74 132 94 116 62 40 64 82 140
videos.hw01/08_frame/727.jpg 220 100 128 206 54 64 116 194 160 448 246 132 508 1132 970 2072
videos.hw01/08_frame/728.jpg 1688 1358 110 282 28 60 142 386 154 748 720 272 242 1116 2174 3854
videos.hw01/08_frame/729.jpg 1650 2654 1028 794 626 2206 322 672 178 614 784 2094 336 624 1194 1326
videos.hw01/08_frame/730.jpg 682 1728 2694 3520 906 1626 1026 2080 198 632 246 2048 510 836 418 348
videos.hw01/08_frame/731.jpg 102 48 70 134 38 68 84 114 72 100 150 124 106 98 86 68
videos.hw01/08_frame/732.jpg 1514 3056 1040 2404 758 1504 1078 1924 112 290 332 246 222 336 448 186
videos.hw01/08_frame/733.jpg 694 1132 544 384 264 464 274 366 158 328 204 584 284 214 690 140
videos.hw01/08_frame/734.jpg 346 784 238 228 366 222 258 242 204 266 174 306 228 208 272 284
videos.hw01/08_frame/735.jpg 230 270 196 206 298 144 90 346 176 226 124 130 210 122 194 246
videos.hw01/08_frame/736.jpg 62 146 72 70 102 64 170 74 126 150 158 114 126 122 116 38
videos.hw01/08_frame/737.jpg 232 216 118 108 116 114 136 254 168 170 154 258 218 176 286 352
videos.hw01/08_frame/738.jpg 104 212 234 148 62 176 204 310 76 192 170 180 130 128 204 206
videos.hw01/08_frame/739.jpg 128 272 328 84 94 114 150 290 76 152 216 216 144 112 226 368
videos.hw01/08_frame/740.jpg 184 146 230 102 152 134 142 264 132 212 194 248 140 116 144 178
videos.hw01/08_frame/741.jpg 82 114 58 60 42 70 110 252 64 188 114 152 134 126 114 58
videos.hw01/08_frame/742.jpg 198 250 134 98 104 154 90 86 118 196 118 352 106 126 190 166
videos.hw01/08_frame/743.jpg 90 274 152 114 68 82 66 176 78 104 176 148 60 204 352 164
videos.hw01/08_frame/744.jpg 262 172 194 126 96 138 144 230 84 154 228 298 106 88 164 136
videos.hw01/08_frame/745.jpg 208 200 196 86 116 160 160 272 118 242 252 158 140 234 248 178
videos.hw01/08_frame/746.jpg 90 152 100 32 94 94 88 178 102 150 78 200 124 88 210 292
videos.hw01/08_frame/747.jpg 116 214 178 82 98 154 130 144 62 276 206 206 52 180 166 198
videos.hw01/08_frame/748.jpg 46 96 112 48 86 92 144 180 112 90 162 340 96 120 158 96
videos.hw01/08_frame/749.jpg 108 244 286 120 252 68 176 152 84 122 168 338 166 112 186 260
videos.hw01/08_frame/750.jpg 210 748 244 50 96 248 146 152 104 166 114 408 66 90 220 246
videos.hw01/08_frame/751.jpg 84 152 80 26 34 70 70 122 38 100 108 196 62 148 150 96
videos.hw01/08_frame/752.jpg 1340 3082 898 386 320 458 894 498 106 340 314 872 174 438 854 172
videos.hw01/08_frame/753.jpg 1000 1268 1936 658 432 1738 844 876 86 510 736 1362 280 758 730 1046
videos.hw01/08_frame/754.jpg 552 740 634 458 878 788 406 280 144 576 612 1124 82 366 1274 408
videos.hw01/08_frame/755.jpg 546 466 338 460 756 974 888 574 330 560 744 464 136 850 868 752
videos.hw01/08_frame/756.jpg 72 172 80 34 66 136 66 134 54 130 174 106 76 88 50 48
videos.hw01/08_frame/757.jpg 270 410 174 252 316 292 242 350 196 244 318 124 178 192 256 144
videos.hw01/08_frame/758.jpg 228 356 186 122 230 430 178 356 126 210 126 122 110 90 148 78
videos.hw01/08_frame/759.jpg 172 278 148 108 190 186 122 230 46 200 230 166 118 152 154 156
videos.hw01/08_frame/760.jpg 164 166 86 24 148 118 98 102 52 114 188 92 30 138 202 88
videos.hw01/08_frame/761.jpg 178 204 104 108 84 98 56 174 50 168 144 136 62 60 112 48
videos.hw01/08_frame/762.jpg 154 198 182 78 242 130 90 162 182 160 166 174 198 94 222 194
videos.hw01/08_frame/763.jpg 3184 1378 1920 4916 7298 222 50 2400 5862 200 160 388 962 174 144 1638
videos.hw01/08_frame/764.jpg 6236 7376 6788 4052 3390 4650 3462 7572 6894 3492 2314 6468 7530 3160 5552 9082
videos.hw01/08_frame/765.jpg 4648 3366 3130 3780 2212 4436 3934 2626 3960 2548 4140 2102 6176 3946 4034 8502
videos.hw01/08_frame/766.jpg 98 34 82 282 24 20 8 92 152 34 42 90 36 28 32 86
videos.hw01/08_frame/767.jpg 3438 2494 1658 3232 2732 1260 2490 4164 2552 1474 2588 2832 1814 5180 6952 7472
videos.hw01/08_frame/768.jpg 4424 3818 3256 5380 2716 1382 2186 1466 1198 1066 1778 3492 80 1416 2484 160
videos.hw01/08_frame/769.jpg 32 3302 4594 916 3248 1174 1062 3458 1068 1676 1996 2200 0 252 156 0
videos.hw01/08_frame/770.jpg 0 526 432 0 586 1956 2000 1052 350 1082 1068 436 0 0 0 0
videos.hw01/08_frame/771.jpg 0 0 0 0 4 102 84 14 10 70 78 44 0 0 0 0
videos.hw01/08_frame/772.jpg 0 0 0 0 262 942 1186 314 124 558 704 150 0 0 0 0
videos.hw01/08_frame/773.jpg 0 0 0 0 40 224 196 78 32 118 186 20 0 0 0 0
videos.hw01/08_frame/774.jpg 0 0 0 0 2 124 204 14 10 128 222 20 0 0 0 0
videos.hw01/08_frame/775.jpg 0 0 0 0 0 150 518 6 4 84 118 10 0 0 0 0
videos.hw01/08_frame/776.jpg 0 0 0 0 2 54 168 4 4 98 70 24 0 0 0 0
videos.hw01/08_frame/777.jpg 0 0 0 0 4 94 412 50 12 82 156 24 0 0 0 0
videos.hw01/08_frame/778.jpg 0 0 0 0 6 62 206 6 2 34 86 2 0 0 0 0
videos.hw01/08_frame/779.jpg 0 0 0 0 4 130 158 22 6 124 96 16 0 0 0 0
videos.hw01/08_frame/780.jpg 0 0 0 1796 4 266 330 10 8 144 192 12 186 0 0 0
videos.hw01/08_frame/781.jpg 0 0 0 14 4 176 136 14 0 182 218 40 36 0 0 0
videos.hw01/08_frame/782.jpg 0 0 100 4702 2 866 1264 102 0 626 748 26 1080 0 0 0
videos.hw01/08_frame/783.jpg 0 0 2982 4330 0 1190 1648 1180 0 1044 814 4 296 0 0 0
videos.hw01/08_frame/784.jpg 0 0 3580 2860 0 802 1904 2794 74 502 468 0 360 20 0 0
videos.hw01/08_frame/785.jpg 0 256 1330 3960 2 130 1734 2134 240 670 620 0 1084 144 0 0
videos.hw01/08_frame/786.jpg 0 370 312 212 6 40 104 502 2 62 108 0 10 6 0 0
videos.hw01/08_frame/787.jpg 0 472 1510 4496 16 2598 2414 950 316 630 298 92 144 158 0 0
videos.hw01/08_frame/788.jpg 0 78 2256 4908 178 2436 1648 1596 0 176 1038 430 0 0 0 0
videos.hw01/08_frame/789.jpg 0 916 2974 1092 78 1210 3418 3344 8 500 1984 348 0 0 0 0
videos.hw01/08_frame/790.jpg 0 254 1090 0 640 1664 2702 2814 564 3230 1356 408 0 0 0 0
videos.hw01/08_frame/791.jpg 0 38 0 0 6 308 74 4 58 138 288 40 0 0 0 0
videos.hw01/08_frame/792.jpg 0 116 0 0 696 3820 2892 72 626 4210 4364 420 0 0 0 0
videos.hw01/08_frame/793.jpg 0 0 0 0 0 608 662 0 0 1708 554 0 0 830 126 0
videos.hw01/08_frame/794.jpg 0 0 0 0 0 680 1706 0 154 1920 946 0 0 1974 24 0
videos.hw01/08_frame/795.jpg 0 0 336 68 22 888 1322 20 1288 2066 982 0 448 2032 96 0
videos.hw01/08_frame/796.jpg 0 0 6 8 72 146 102 4 174 234 66 0 80 218 10 0
videos.hw01/08_frame/797.jpg 0 0 342 538 66 548 1250 16 1590 1916 742 0 1894 1340 0 0
videos.hw01/08_frame/798.jpg 0 0 372 146 24 378 632 2 594 1058 932 0 2130 536 0 0
videos.hw01/08_frame/799.jpg 0 0 316 312 0 504 506 64 282 1772 650 2 1974 838 0 0
videos.hw01/08_frame/800.jpg 0 0 322 670 0 72 608 20 730 1254 46 0 1854 1158 0 0
videos.hw01/08_frame/801.jpg 0 0 16 16 0 30 34 0 298 338 40 0 292 246 0 0
videos.hw01/08_frame/802.jpg 0 0 398 634 0 84 244 70 878 1142 62 2 1396 1366 0 0
videos.hw01/08_frame/803.jpg 0 0 220 248 0 62 40 4 1090 538 92 0 908 1590 0 0
videos.hw01/08_frame/804.jpg 0 0 0 776 0 60 78 2 1034 942 72 0 2078 1418 0 0
videos.hw01/08_frame/805.jpg 0 0 0 578 0 184 104 0 10 1274 106 0 4172 326 0 0
videos.hw01/08_frame/806.jpg 0 0 0 0 0 32 76 0 0 54 36 0 72 0 0 0
videos.hw01/08_frame/807.jpg 0 0 0 0 0 146 90 4 0 154 112 0 2726 0 0 0
videos.hw01/08_frame/808.jpg 0 0 0 0 0 150 110 4 2 166 92 0 870 0 0 0
videos.hw01/08_frame/809.jpg 0 0 0 0 14 620 520 32 6 474 434 12 82 0 0 0
videos.hw01/08_frame/810.jpg 0 0 0 0 274 1334 1372 82 166 802 780 36 38 0 0 0
videos.hw01/08_frame/811.jpg 0 0 0 0 34 100 70 68 12 78 148 8 36 0 0 0
videos.hw01/08_frame/812.jpg 806 672 70 0 1134 1346 2010 892 892 882 950 222 26 0 0 0
videos.hw01/08_frame/813.jpg 2626 3234 2734 1116 2906 1640 2262 2120 2506 656 1276 1084 334 0 0 0
videos.hw01/08_frame/814.jpg 4038 3780 4190 5040 3596 1300 3020 4860 2304 884 1016 3674 1498 1194 1672 44
videos.hw01/08_frame/815.jpg 3666 4658 2836 5772 1566 1206 2480 4614 2228 868 714 3396 4168 4420 2810 4210
videos.hw01/08_frame/816.jpg 40 34 18 114 38 54 70 144 38 184 102 188 58 40 20 268
videos.hw01/08_frame/817.jpg 6284 1696 4664 6954 3596 3374 3386 3044 1026 2736 2252 4878 4640 2596 2316 2172
videos.hw01/08_frame/818.jpg 7578 4634 4400 5738 6960 902 5630 7668 5780 4302 4598 5092 3794 7210 1322 4302
videos.hw01/08_frame/819.jpg 6846 9336 9454 7686 8392 6760 6072 4012 8064 1942 2280 6152 4636 790 3892 8508
videos.hw01/08_frame/820.jpg 4594 1884 4138 1582 460 60 62 866 26 50 732 4574 938 46 4806 5304
videos.hw01/08_frame/821.jpg 62 22 46 88 16 54 72 174 10 30 40 110 0 26 46 92
videos.hw01/08_frame/822.jpg 8 22 34 158 16 38 68 218 0 16 78 108 58 4 64 34
videos.hw01/08_frame/823.jpg 28 26 32 98 0 36 64 246 6 22 44 78 6 12 32 44
videos.hw01/08_frame/824.jpg 6 8 62 116 42 54 62 210 42 44 38 56 0 28 30 66
videos.hw01/08_frame/825.jpg 28 142 30 130 0 36 68 306 14 8 46 82 10 22 32 66
videos.hw01/08_frame/826.jpg 40 36 58 140 14 48 126 192 28 26 46 154 16 28 26 100
videos.hw01/08_frame/827.jpg 8 16 28 114 20 52 76 176 10 48 40 90 12 46 48 70
videos.hw01/08_frame/828.jpg 8 16 72 118 58 42 146 188 28 54 50 98 40 32 34 102
videos.hw01/08_frame/829.jpg 92 62 152 198 92 112 112 160 72 72 60 162 48 44 44 94
videos.hw01/08_frame/830.jpg 30 42 58 172 62 52 58 230 36 34 52 174 26 14 58 90
videos.hw01/08_frame/831.jpg 58 72 56 134 20 80 72 188 26 36 72 128 22 24 34 78
videos.hw01/08_frame/832.jpg 14 36 100 142 20 82 32 228 10 38 38 126 2 32 50 108
videos.hw01/08_frame/833.jpg 56 16 46 118 50 56 32 216 16 44 42 106 8 10 54 120
videos.hw01/08_frame/834.jpg 66 34 30 102 18 64 60 202 2 32 38 92 0 26 74 96
videos.hw01/08_frame/835.jpg 48 18 44 124 40 46 62 220 58 38 24 140 4 42 24 92
videos.hw01/08_frame/836.jpg 64 28 46 114 8 30 70 156 10 42 44 98 12 12 14 92
videos.hw01/08_frame/837.jpg 12 38 22 144 12 54 74 150 6 30 64 136 6 16 28 84
videos.hw01/08_frame/838.jpg 28 2 36 120 16 46 42 166 14 48 64 186 4 18 44 84
videos.hw01/08_frame/839.jpg 24 32 40 152 4 50 40 188 26 36 38 214 24 28 22 100
videos.hw01/08_frame/840.jpg 44 26 82 152 4 36 60 234 12 50 72 232 22 12 32 92
videos.hw01/08_frame/841.jpg 60 136 126 124 56 104 124 240 58 76 102 166 24 62 34 108
videos.hw01/08_frame/842.jpg 46 36 50 158 32 98 96 292 44 54 156 132 16 38 54 102
videos.hw01/08_frame/843.jpg 70 20 32 152 36 72 104 324 54 32 82 142 18 16 32 50
videos.hw01/08_frame/844.jpg 84 294 150 190 98 156 182 320 102 84 120 192 52 50 76 62
videos.hw01/08_frame/845.jpg 46 22 14 134 20 28 42 210 22 10 80 130 16 10 18 62
videos.hw01/08_frame/846.jpg 60 4 24 140 12 22 48 212 4 6 40 90 2 0 18 74
videos.hw01/08_frame/847.jpg 80 6 30 166 0 26 60 260 0 0 28 104 2 0 36 70
videos.hw01/08_frame/848.jpg 16 4 26 158 0 20 34 214 0 0 68 92 2 0 40 90
videos.hw01/08_frame/849.jpg 10 2 36 164 0 36 54 238 8 26 76 124 2 8 18 58
videos.hw01/08_frame/850.jpg 84 6 32 156 0 22 24 198 0 20 40 168 62 0 26 70
videos.hw01/08_frame/851.jpg 80 10 26 122 0 22 38 208 0 8 60 196 2 10 28 66
videos.hw01/08_frame/852.jpg 66 16 24 152 4 30 50 232 0 40 26 204 2 14 22 58
videos.hw01/08_frame/853.jpg 100 78 76 174 54 144 88 190 72 136 96 128 82 46 102 142
videos.hw01/08_frame/854.jpg 56 50 72 188 36 48 96 214 44 48 58 206 20 12 52 70
videos.hw01/08_frame/855.jpg 36 18 54 170 14 64 62 138 2 34 62 130 14 14 16 84
videos.hw01/08_frame/856.jpg 52 24 40 126 10 32 62 142 0 20 50 210 10 22 30 132
videos.hw01/08_frame/857.jpg 66 16 46 156 10 50 72 200 0 16 38 132 4 0 80 106
videos.hw01/08_frame/858.jpg 42 16 58 136 0 44 86 252 0 20 54 96 4 4 42 128
videos.hw01/08_frame/859.jpg 70 70 42 164 0 38 60 164 0 12 34 126 4 18 14 124
videos.hw01/08_frame/860.jpg 46 14 72 120 0 28 36 178 0 8 100 132 4 6 34 120
videos.hw01/08_frame/861.jpg 46 66 52 116 12 38 56 256 4 24 90 112 10 6 38 100
videos.hw01/08_frame/862.jpg 28 6 60 132 0 32 42 222 0 26 62 146 2 16 36 88
videos.hw01/08_frame/863.jpg 14 86 70 146 0 44 38 210 0 22 82 136 2 4 110 74
videos.hw01/08_frame/864.jpg 6 94 54 160 0 30 66 188 0 22 50 124 4 4 52 82
videos.hw01/08_frame/865.jpg 70 56 120 160 32 86 62 190 42 38 74 298 30 26 32 106
videos.hw01/08_frame/866.jpg 68 86 34 212 38 76 96 164 44 58 58 140 20 18 36 74
videos.hw01/08_frame/867.jpg 24 132 44 190 30 62 80 162 2 20 104 106 14 12 18 66
videos.hw01/08_frame/868.jpg 22 8 26 140 12 64 60 142 0 28 92 96 8 20 34 72
videos.hw01/08_frame/869.jpg 42 22 24 148 22 62 44 156 2 22 70 110 12 6 34 94
videos.hw01/08_frame/870.jpg 32 228 20 210 20 66 28 152 2 48 52 140 4 2 34 88
videos.hw01/08_frame/871.jpg 76 198 44 142 14 60 72 152 12 60 90 152 22 18 66 96
videos.hw01/08_frame/872.jpg 24 12 44 176 20 54 44 220 10 72 54 194 10 8 22 108
videos.hw01/08_frame/873.jpg 48 142 38 128 20 60 62 256 0 60 30 204 6 10 24 116
videos.hw01/08_frame/874.jpg 90 86 154 182 108 132 152 262 110 120 198 250 74 28 64 108
videos.hw01/08_frame/875.jpg 54 24 62 140 24 56 64 140 20 52 36 168 8 6 20 72
videos.hw01/08_frame/876.jpg 16 30 50 150 0 50 44 146 12 24 20 98 0 6 14 76
videos.hw01/08_frame/877.jpg 92 72 130 202 74 126 74 180 64 42 122 180 78 36 142 180
videos.hw01/08_frame/878.jpg 52 36 74 180 34 90 62 178 32 24 100 122 18 20 34 122
videos.hw01/08_frame/879.jpg 36 96 88 174 14 44 50 162 18 34 80 200 34 14 24 106
videos.hw01/08_frame/880.jpg 16 6 74 188 0 24 40 162 0 12 18 138 12 10 38 54
videos.hw01/08_frame/881.jpg 14 8 44 274 0 54 40 154 0 42 52 94 0 8 40 86
videos.hw01/08_frame/882.jpg 26 10 34 244 16 38 52 110 0 22 58 184 0 8 22 94
videos.hw01/08_frame/883.jpg 16 8 28 226 16 42 44 114 16 14 50 198 0 24 42 82
videos.hw01/08_frame/884.jpg 12 8 50 166 0 42 28 112 14 16 68 128 0 6 26 82
videos.hw01/08_frame/885.jpg 124 16 34 162 12 34 54 162 8 24 32 160 10 6 58 74
videos.hw01/08_frame/886.jpg 94 16 72 146 8 34 48 158 20 22 34 154 18 6 22 80
videos.hw01/08_frame/887.jpg 10 34 82 120 4 30 32 262 24 26 38 124 0 8 30 70
videos.hw01/08_frame/888.jpg 2 12 42 154 4 32 60 216 14 6 58 126 54 16 40 92
videos.hw01/08_frame/889.jpg 76 106 96 186 30 82 80 242 32 68 52 172 52 28 18 186
videos.hw01/08_frame/890.jpg 36 20 150 154 26 80 50 218 28 32 70 270 24 22 28 70
videos.hw01/08_frame/891.jpg 56 106 58 170 12 58 30 186 24 42 48 210 34 24 20 48
videos.hw01/08_frame/892.jpg 22 18 74 170 0 42 52 214 14 18 34 152 4 14 30 52
videos.hw01/08_frame/893.jpg 30 24 64 174 0 64 64 174 14 12 20 160 2 4 38 62
videos.hw01/08_frame/894.jpg 66 32 62 156 10 44 36 136 14 16 90 188 0 4 64 58
videos.hw01/08_frame/895.jpg 46 32 52 162 10 50 66 184 16 48 116 152 4 4 36 58
videos.hw01/08_frame/896.jpg 10 10 46 166 0 56 34 128 0 36 72 148 16 12 34 172
videos.hw01/08_frame/897.jpg 38 16 36 130 0 58 62 122 12 52 74 118 12 6 44 88
videos.hw01/08_frame/898.jpg 50 30 48 138 0 44 58 146 0 58 42 152 2 6 22 106
videos.hw01/08_frame/899.jpg 14 34 106 176 0 48 66 140 0 76 20 200 10 6 38 98
videos.hw01/08_frame/900.jpg 38 10 66 150 0 44 54 174 0 38 42 178 48 6 68 78
videos.hw01/08_frame/901.jpg 84 102 62 212 30 68 84 172 36 40 204 190 116 24 62 70
videos.hw01/08_frame/902.jpg 74 26 60 162 28 70 70 240 36 46 132 156 126 16 28 78
videos.hw01/08_frame/903.jpg 24 72 62 160 16 66 42 224 18 22 60 146 26 16 24 102
videos.hw01/08_frame/904.jpg 134 98 112 222 82 120 186 224 92 86 96 186 76 62 14 126
videos.hw01/08_frame/905.jpg 36 52 32 158 22 32 44 190 8 50 48 110 22 6 22 78
videos.hw01/08_frame/906.jpg 32 4 36 130 14 16 28 202 2 14 24 82 20 0 24 96
videos.hw01/08_frame/907.jpg 56 10 36 132 22 8 14 212 0 12 28 98 2 0 34 68
videos.hw01/08_frame/908.jpg 28 2 44 112 8 22 28 188 0 50 88 170 2 16 56 68
videos.hw01/08_frame/909.jpg 4660 2432 7546 5540 2334 2950 7718 5802 2514 2996 6472 5730 4268 1214 6276 5264
videos.hw01/08_frame/910.jpg 4 0 0 0 2 0 0 0 0 0 0 0 4 0 0 0
videos.hw01/08_frame/911.jpg 0 0 0 0 0 0 0 0 0 0 0 0 0 0 0 0
videos.hw01/08_frame/912.jpg 2 0 0 0 2 0 0 0 0 0 0 0 0 0 0 0
videos.hw01/08_frame/913.jpg 2 0 0 0 0 0 0 0 0 0 0 0 0 0 0 0
