videos.hw01/08_frame/1.jpg 0 0 0 0 0 0 0 0 0 0 0 0 0 0 0 0
videos.hw01/08_frame/2.jpg 208 204 170 46 144 272 40 310 0 0 0 0 0 0 0 78
videos.hw01/08_frame/3.jpg 0 260 0 0 22 0 14 32 0 0 0 0 0 0 0 32
videos.hw01/08_frame/4.jpg 496 106 0 0 320 0 0 0 92 0 0 0 100 0 0 0
videos.hw01/08_frame/5.jpg 40 38 0 0 80 0 0 0 0 0 0 0 0 0 0 0
videos.hw01/08_frame/6.jpg 8 0 0 0 22 0 0 0 0 0 0 0 0 0 0 0
videos.hw01/08_frame/7.jpg 94 310 514 398 108 80 46 12 2 0 0 0 18 0 0 2
videos.hw01/08_frame/8.jpg 256 302 610 418 220 192 72 332 6 0 0 0 16 0 0 0
videos.hw01/08_frame/9.jpg 108 340 104 40 26 0 0 0 2 0 0 0 14 0 0 0
videos.hw01/08_frame/10.jpg 916 2320 1974 2916 262 1066 1898 3850 92 3210 4434 8316 96 928 224 4356
videos.hw01/08_frame/11.jpg 44 478 88 342 54 170 200 418 18 220 306 518 6 54 20 254
videos.hw01/08_frame/12.jpg 1254 1250 1902 2476 368 760 2912 3276 44 2140 1754 2874 8 854 988 1226
videos.hw01/08_frame/13.jpg 1430 2174 2208 3456 370 1088 2110 2024 46 600 2104 3264 12 20 744 650
videos.hw01/08_frame/14.jpg 502 2336 1126 1356 154 1098 3508 4728 22 658 3934 3648 0 502 752 1046
videos.hw01/08_frame/15.jpg 20 674 1088 1526 48 356 1414 4896 10 570 1284 2204 0 240 942 2798
videos.hw01/08_frame/16.jpg 50 86 166 306 16 42 400 464 4 52 338 412 0 32 96 114
videos.hw01/08_frame/17.jpg 132 1756 1086 86 24 520 2472 2822 8 1104 2104 2214 0 294 512 2268
videos.hw01/08_frame/18.jpg 0 1282 524 342 22 1072 2854 1308 0 1370 1588 1840 0 0 524 2466
videos.hw01/08_frame/19.jpg 0 716 546 506 2 884 1426 2510 0 944 4328 5576 0 256 664 2096
videos.hw01/08_frame/20.jpg 0 544 268 168 46 546 920 1692 0 1036 1604 1134 0 170 896 1948
videos.hw01/08_frame/21.jpg 0 40 182 154 0 78 264 214 0 50 76 308 0 0 30 214
videos.hw01/08_frame/22.jpg 0 672 706 126 64 410 680 1808 0 864 2378 920 0 18 982 466
videos.hw01/08_frame/23.jpg 0 564 620 94 68 876 676 304 16 772 1838 1106 0 196 1016 1100
videos.hw01/08_frame/24.jpg 0 1216 828 428 44 1252 608 224 2 306 1998 180 0 1022 2058 308
videos.hw01/08_frame/25.jpg 0 306 376 488 0 1148 934 206 0 380 948 386 0 584 1444 362
videos.hw01/08_frame/26.jpg 0 12 38 130 30 126 504 152 0 66 372 258 0 112 98 128
videos.hw01/08_frame/27.jpg 0 152 1202 134 0 614 442 114 0 284 1952 90 0 592 1526 132
videos.hw01/08_frame/28.jpg 0 284 838 100 0 636 656 58 0 288 1026 40 0 302 560 62
videos.hw01/08_frame/29.jpg 0 348 1294 266 46 786 830 226 0 278 1114 494 0 634 1124 154
videos.hw01/08_frame/30.jpg 0 78 928 242 28 374 700 150 0 312 700 92 0 490 590 338
videos.hw01/08_frame/31.jpg 268 52 268 500 122 818 550 810 8 252 426 692 0 256 112 446
videos.hw01/08_frame/32.jpg 200 128 540 172 0 530 440 128 0 566 274 34 0 926 758 30
videos.hw01/08_frame/33.jpg 0 300 530 24 0 264 466 58 0 680 338 38 0 532 240 10
videos.hw01/08_frame/34.jpg 220 668 752 252 0 932 236 208 0 1280 578 250 0 912 618 102
videos.hw01/08_frame/35.jpg 0 560 288 168 0 416 210 466 0 578 600 94 0 170 620 94
videos.hw01/08_frame/36.jpg 0 270 168 126 0 218 86 344 0 112 166 62 0 14 12 2
videos.hw01/08_frame/37.jpg 334 268 376 788 28 404 612 304 0 416 334 686 0 320 350 226
videos.hw01/08_frame/38.jpg 0 164 140 316 0 372 456 138 0 570 436 304 0 394 324 52
videos.hw01/08_frame/39.jpg 0 322 256 140 20 272 446 236 24 580 206 468 0 458 190 150
videos.hw01/08_frame/40.jpg 52 248 326 334 30 248 162 204 0 384 236 512 0 558 194 190
videos.hw01/08_frame/41.jpg 0 174 116 182 0 176 174 292 0 518 228 398 0 124 150 128
videos.hw01/08_frame/42.jpg 0 208 390 134 0 294 132 290 40 270 78 378 0 252 116 198
videos.hw01/08_frame/43.jpg 260 164 220 256 2 116 260 166 40 218 136 336 0 278 144 134
videos.hw01/08_frame/44.jpg 74 344 224 258 32 86 272 386 0 180 116 268 0 422 120 334
videos.hw01/08_frame/45.jpg 270 82 92 192 22 176 180 404 24 396 96 232 0 356 152 166
videos.hw01/08_frame/46.jpg 0 314 104 340 0 174 82 184 52 186 130 374 0 144 108 172
videos.hw01/08_frame/47.jpg 34 622 230 556 34 186 98 332 0 140 72 386 0 110 42 202
videos.hw01/08_frame/48.jpg 0 164 28 104 20 98 152 40 0 164 142 92 0 132 34 102
videos.hw01/08_frame/49.jpg 106 254 186 614 32 372 392 642 72 286 262 712 0 414 142 204
videos.hw01/08_frame/50.jpg 2 206 364 216 36 562 198 204 60 170 194 252 0 360 156 140
videos.hw01/08_frame/51.jpg 2 168 108 134 8 338 92 148 0 340 176 234 0 140 76 70
videos.hw01/08_frame/52.jpg 0 284 56 194 34 366 58 474 12 364 214 346 0 402 34 212
videos.hw01/08_frame/53.jpg 0 454 26 114 0 316 44 342 0 162 362 100 0 106 140 84
videos.hw01/08_frame/54.jpg 0 140 46 350 0 108 44 420 0 180 170 230 0 138 72 220
videos.hw01/08_frame/55.jpg 62 136 80 462 0 258 392 512 20 122 240 398 0 168 256 324
videos.hw01/08_frame/56.jpg 0 206 38 252 50 302 222 356 0 166 178 196 0 134 198 164
videos.hw01/08_frame/57.jpg 0 250 102 226 0 162 220 174 0 202 182 238 0 172 50 182
videos.hw01/08_frame/58.jpg 0 152 134 96 10 338 108 426 6 204 180 164 0 132 76 78
videos.hw01/08_frame/59.jpg 0 326 148 434 14 378 314 322 6 346 356 136 0 228 256 190
videos.hw01/08_frame/60.jpg 40 332 498 398 0 296 262 238 0 398 310 162 0 476 186 194
videos.hw01/08_frame/61.jpg 264 1258 716 528 60 482 928 1138 2 580 520 546 0 508 182 418
videos.hw01/08_frame/62.jpg 154 822 478 496 16 276 152 206 0 632 158 376 0 660 282 188
videos.hw01/08_frame/63.jpg 50 1232 442 238 0 526 272 310 0 520 136 124 0 838 230 136
videos.hw01/08_frame/64.jpg 132 992 682 498 34 494 488 708 26 410 320 270 0 1154 324 182
videos.hw01/08_frame/65.jpg 132 688 896 250 34 410 620 486 20 702 208 668 0 1044 262 220
videos.hw01/08_frame/66.jpg 0 296 384 192 0 238 88 140 10 308 160 430 0 438 168 136
videos.hw01/08_frame/67.jpg 0 900 1252 326 30 760 596 506 20 522 586 830 0 1336 284 378
videos.hw01/08_frame/68.jpg 70 624 1112 468 20 880 678 360 0 856 544 308 0 1002 320 212
videos.hw01/08_frame/69.jpg 140 866 1226 392 12 530 956 608 18 906 734 774 0 1280 406 202
videos.hw01/08_frame/70.jpg 80 1230 1094 380 40 816 986 616 16 938 396 604 0 968 256 378
videos.hw01/08_frame/71.jpg 0 180 252 562 0 346 568 430 0 454 400 658 0 266 202 190
videos.hw01/08_frame/72.jpg 220 1288 1844 706 14 1226 1372 818 0 1284 1184 620 0 1202 406 466
videos.hw01/08_frame/73.jpg 50 1824 1532 366 38 1402 1824 938 0 1852 1288 378 0 2340 622 408
videos.hw01/08_frame/74.jpg 0 1254 1720 514 28 3186 2572 480 28 2808 2114 538 0 2112 1112 468
videos.hw01/08_frame/75.jpg 0 1808 3270 430 734 2858 2632 1204 708 3086 2320 972 2 3742 1314 408
videos.hw01/08_frame/76.jpg 0 474 280 332 80 680 618 432 134 838 800 832 0 408 64 328
videos.hw01/08_frame/77.jpg 486 4092 4928 2344 4230 4324 3344 1740 4612 4338 4914 1382 2138 3338 4308 990
videos.hw01/08_frame/78.jpg 7294 4660 4926 6016 7170 3180 4120 3772 7144 5236 4766 2966 6720 4556 6036 4980
videos.hw01/08_frame/79.jpg 7500 6670 6592 7136 7744 3236 4590 6762 5310 4462 3516 7440 6620 5376 5962 7196
videos.hw01/08_frame/80.jpg 4782 6388 5074 6968 7010 4824 3164 5180 5008 3632 4804 7520 4024 3798 4580 5278
videos.hw01/08_frame/81.jpg 180 282 266 122 348 1426 934 278 332 328 780 924 350 1854 326 322
videos.hw01/08_frame/82.jpg 7956 9576 8980 7758 8450 8928 9062 7356 9138 8644 6854 7086 8536 9546 9566 9400
videos.hw01/08_frame/83.jpg 8364 8596 7058 9254 9220 4336 4008 9204 8872 5742 3422 9148 9210 4144 2958 8890
videos.hw01/08_frame/84.jpg 8426 5594 3684 6496 8828 4036 4112 8062 8428 5366 3662 8608 8172 3840 3288 7866
videos.hw01/08_frame/85.jpg 112 572 832 404 106 1188 622 428 128 886 1102 274 172 1018 1384 232
videos.hw01/08_frame/86.jpg 88 730 896 86 196 1106 454 186 44 540 1228 164 46 702 598 60
videos.hw01/08_frame/87.jpg 110 802 838 198 262 1344 810 478 276 956 1578 236 74 818 1972 206
videos.hw01/08_frame/88.jpg 42 960 364 80 92 916 1024 364 156 958 946 140 86 1234 778 46
videos.hw01/08_frame/89.jpg 144 1624 1274 32 376 1956 1644 96 198 872 1856 320 194 1370 1578 196
videos.hw01/08_frame/90.jpg 94 754 886 30 182 884 964 118 140 520 1174 264 64 1520 1506 348
videos.hw01/08_frame/91.jpg 20 1202 256 16 126 1468 874 256 154 562 658 110 142 590 1246 26
videos.hw01/08_frame/92.jpg 142 1120 1986 82 440 1100 936 212 78 762 1300 192 124 1086 1952 464
videos.hw01/08_frame/93.jpg 110 618 800 2 154 1072 674 260 76 608 798 272 154 1412 604 178
videos.hw01/08_frame/94.jpg 68 970 860 20 184 1340 716 64 110 648 1074 208 282 1000 564 140
videos.hw01/08_frame/95.jpg 192 924 1300 94 234 1368 1504 196 238 1262 1402 306 430 1420 1410 78
videos.hw01/08_frame/96.jpg 130 670 208 28 60 518 576 22 84 512 642 114 64 438 680 132
videos.hw01/08_frame/97.jpg 172 1320 616 70 170 1248 1256 244 178 754 1038 276 478 1736 1102 272
videos.hw01/08_frame/98.jpg 82 566 686 6 180 1348 1494 180 224 892 896 324 266 1322 570 58
videos.hw01/08_frame/99.jpg 68 4582 3680 46 316 6388 6628 68 334 6106 5752 218 298 1094 1328 182
videos.hw01/08_frame/100.jpg 112 3034 3852 96 454 3800 3740 366 552 4858 5110 366 266 1270 568 80
videos.hw01/08_frame/101.jpg 88 396 382 0 154 588 564 134 44 520 538 126 42 574 454 36
videos.hw01/08_frame/102.jpg 240 2062 1432 116 162 1704 1034 416 240 1274 1750 272 332 1510 878 112
videos.hw01/08_frame/103.jpg 178 1848 1634 22 220 2018 3446 232 320 2476 2102 162 278 962 316 36
videos.hw01/08_frame/104.jpg 100 4284 2738 50 544 3152 5392 76 742 4844 5670 238 306 1288 1042 216
videos.hw01/08_frame/105.jpg 166 3372 2580 64 362 3110 5062 164 264 4540 6700 368 408 1278 1496 344
videos.hw01/08_frame/106.jpg 158 1476 1038 0 224 772 782 232 218 1110 642 146 158 798 542 56
videos.hw01/08_frame/107.jpg 158 1580 2352 68 266 2274 4344 158 480 2466 3750 192 406 1252 1290 112
videos.hw01/08_frame/108.jpg 108 964 1084 190 150 1774 1688 16 156 1020 1806 128 292 784 764 26
videos.hw01/08_frame/109.jpg 1286 9594 9568 1764 1016 7418 8382 1460 844 4688 7106 1190 1018 7180 9150 1178
videos.hw01/08_frame/110.jpg 4 142 226 116 104 2008 1248 316 300 1462 880 116 106 324 198 2
videos.hw01/08_frame/111.jpg 82 66 50 184 20 218 128 122 48 546 196 6 104 206 34 0
videos.hw01/08_frame/112.jpg 0 136 58 40 160 1710 730 118 340 1924 782 30 120 282 62 2
videos.hw01/08_frame/113.jpg 0 222 62 66 228 1984 1474 236 338 1956 762 8 132 488 86 4
videos.hw01/08_frame/114.jpg 0 0 186 150 266 1288 1296 456 410 1680 1040 16 110 392 158 8
videos.hw01/08_frame/115.jpg 0 28 154 86 292 1668 1218 170 232 2404 1162 60 148 714 52 4
videos.hw01/08_frame/116.jpg 0 40 190 4 16 318 392 384 40 498 282 14 106 146 8 0
videos.hw01/08_frame/117.jpg 0 156 468 220 510 1654 1278 376 334 1820 1040 20 142 408 86 0
videos.hw01/08_frame/118.jpg 0 444 346 26 482 1816 1486 120 240 1202 450 20 240 334 32 0
videos.hw01/08_frame/119.jpg 20 402 408 54 384 2102 1544 208 310 1518 702 22 266 826 20 0
videos.hw01/08_frame/120.jpg 682 5258 264 178 262 2722 2898 132 172 1716 536 38 200 590 72 0
videos.hw01/08_frame/121.jpg 66 1220 3148 164 254 516 308 178 150 634 492 14 210 320 6 0
videos.hw01/08_frame/122.jpg 100 1118 1098 560 410 1586 2446 938 186 1592 596 34 238 642 24 0
videos.hw01/08_frame/123.jpg 166 522 522 40 498 1960 2114 812 256 1732 496 24 302 840 0 0
videos.hw01/08_frame/124.jpg 82 1654 2174 476 192 2292 1942 472 284 1820 560 134 100 946 12 0
videos.hw01/08_frame/125.jpg 112 1564 2430 508 60 1638 1766 478 306 1298 968 212 258 996 12 0
videos.hw01/08_frame/126.jpg 0 384 404 26 0 446 490 166 26 242 172 140 102 248 0 0
videos.hw01/08_frame/127.jpg 42 1326 2900 400 62 1480 2412 520 364 1892 1004 326 292 770 0 0
videos.hw01/08_frame/128.jpg 128 1882 3476 714 0 1250 1568 724 424 1078 926 434 476 860 0 0
videos.hw01/08_frame/129.jpg 44 1582 3880 864 0 1718 2950 710 310 1242 1084 212 358 876 0 0
videos.hw01/08_frame/130.jpg 110 1594 1848 480 30 876 3270 682 182 1816 1162 258 242 724 0 0
videos.hw01/08_frame/131.jpg 20 458 192 68 10 282 424 290 78 380 66 84 34 156 0 0
videos.hw01/08_frame/132.jpg 142 1754 2358 496 44 806 1508 726 116 2260 2262 440 474 1220 0 0
videos.hw01/08_frame/133.jpg 152 1458 2118 408 78 1816 2128 416 404 1154 1504 354 486 3126 664 0
videos.hw01/08_frame/134.jpg 136 1964 2338 408 72 3558 2424 270 180 3024 2046 380 522 2390 988 0
videos.hw01/08_frame/135.jpg 96 2828 2946 388 512 3912 3064 274 462 5094 2460 414 340 2052 526 0
videos.hw01/08_frame/136.jpg 68 696 68 6 68 294 172 138 30 372 496 70 36 300 38 0
videos.hw01/08_frame/137.jpg 1076 7300 3996 662 1182 5996 5170 700 1124 4544 4320 714 860 6322 2446 0
videos.hw01/08_frame/138.jpg 2 402 738 128 82 1226 390 192 58 588 378 10 442 968 626 0
videos.hw01/08_frame/139.jpg 192 1266 1318 110 180 1048 546 126 54 610 532 164 342 1044 1030 0
videos.hw01/08_frame/140.jpg 46 800 856 80 130 490 174 210 36 422 354 128 284 476 212 0
videos.hw01/08_frame/141.jpg 20 520 238 18 124 332 106 122 10 76 258 38 22 342 132 0
videos.hw01/08_frame/142.jpg 92 1132 802 256 146 976 552 84 56 626 304 96 396 1340 560 32
videos.hw01/08_frame/143.jpg 36 868 1006 280 186 878 164 124 356 284 530 62 174 1428 336 2
videos.hw01/08_frame/144.jpg 182 1106 868 234 148 1004 300 96 316 860 398 88 400 946 632 14
videos.hw01/08_frame/145.jpg 148 1084 926 348 238 6114 330 72 144 982 876 90 478 2530 590 20
videos.hw01/08_frame/146.jpg 146 354 1022 288 70 212 332 54 34 228 576 48 98 284 272 0
videos.hw01/08_frame/147.jpg 626 1250 1476 280 218 5816 280 220 250 698 2272 120 304 2358 662 0
videos.hw01/08_frame/148.jpg 160 1482 1468 406 168 1028 502 180 128 508 1166 118 194 702 480 0
videos.hw01/08_frame/149.jpg 266 1168 628 364 212 1004 480 160 124 386 602 186 262 1450 498 0
videos.hw01/08_frame/150.jpg 122 1544 1150 356 142 1188 194 134 120 778 356 92 196 1272 876 0
videos.hw01/08_frame/151.jpg 282 1110 328 64 258 1012 294 104 42 284 224 114 98 580 166 0
videos.hw01/08_frame/152.jpg 316 2930 1554 220 390 1862 412 106 92 992 794 232 358 1880 928 0
videos.hw01/08_frame/153.jpg 218 1556 658 64 352 2152 260 218 136 1038 362 112 478 2856 586 0
videos.hw01/08_frame/154.jpg 454 3174 338 118 564 4058 302 248 124 522 440 98 430 1936 784 0
videos.hw01/08_frame/155.jpg 428 1676 150 112 488 2958 142 160 98 654 316 46 400 4022 796 0
videos.hw01/08_frame/156.jpg 344 860 406 40 388 1790 28 38 18 136 44 34 26 694 210 0
videos.hw01/08_frame/157.jpg 492 2442 430 200 414 3040 122 348 92 438 338 130 522 1906 590 0
videos.hw01/08_frame/158.jpg 0 332 30 170 34 994 0 342 24 748 166 52 440 2396 452 0
videos.hw01/08_frame/159.jpg 0 220 32 104 26 1392 0 82 0 782 184 36 386 1854 264 0
videos.hw01/08_frame/160.jpg 0 8 180 20 0 328 0 0 0 472 36 0 156 1226 0 0
videos.hw01/08_frame/161.jpg 0 220 0 0 0 0 0 0 0 70 0 0 0 24 0 0
videos.hw01/08_frame/162.jpg 3814 2218 2942 5938 9302 9218 8870 9526 8732 8714 9242 9592 9064 7822 6076 6964
videos.hw01/08_frame/163.jpg 5654 3858 2048 3382 8548 6638 7590 7516 5752 7736 7920 7472 4980 4904 5604 4254
videos.hw01/08_frame/164.jpg 496 512 424 424 536 960 440 364 776 1384 1172 502 284 1550 3102 580
videos.hw01/08_frame/165.jpg 376 264 298 434 458 586 426 290 1256 2132 1150 1124 482 3086 3156 1706
videos.hw01/08_frame/166.jpg 118 148 466 756 102 276 146 312 168 532 326 374 74 308 618 304
videos.hw01/08_frame/167.jpg 496 264 772 400 432 814 838 464 1232 3386 1692 948 426 2986 3380 1736
videos.hw01/08_frame/168.jpg 80 282 340 686 740 956 738 276 2070 3266 3616 2206 924 3284 4234 3932
videos.hw01/08_frame/169.jpg 692 992 988 728 2050 4542 6000 3100 2728 3982 3604 3346 780 2550 2794 2336
videos.hw01/08_frame/170.jpg 9344 8636 1500 5024 8586 8848 8824 5496 2206 4512 4308 5252 1228 3130 3426 2730
videos.hw01/08_frame/171.jpg 194 86 70 94 264 134 420 280 186 112 140 128 62 254 106 124
videos.hw01/08_frame/172.jpg 6086 7114 1754 6274 3210 2178 3692 3380 1098 3120 3256 3104 328 392 2012 1998
videos.hw01/08_frame/173.jpg 4296 2584 1758 1250 1130 1980 1942 2070 1222 1818 2910 1610 250 532 1332 1120
videos.hw01/08_frame/174.jpg 824 886 434 670 506 830 832 818 1482 844 1500 766 396 566 830 522
videos.hw01/08_frame/175.jpg 2262 858 914 1160 1074 1258 1732 1408 1588 1252 1646 1300 608 956 810 1304
videos.hw01/08_frame/176.jpg 800 442 256 402 782 858 538 208 778 694 820 352 480 282 406 434
videos.hw01/08_frame/177.jpg 1096 1058 406 898 2682 1070 1726 1326 1194 1342 1476 1030 378 400 552 830
videos.hw01/08_frame/178.jpg 2658 194 578 612 3070 854 1426 720 1174 1388 1406 1240 76 126 1046 1180
videos.hw01/08_frame/179.jpg 320 204 116 82 464 72 144 40 168 150 268 156 36 38 36 28
videos.hw01/08_frame/180.jpg 8810 8870 8458 8632 8386 7114 6170 6586 7108 6106 4816 5960 7146 6262 5288 7994
videos.hw01/08_frame/181.jpg 222 184 112 230 64 624 406 324 392 556 546 230 810 246 396 186
videos.hw01/08_frame/182.jpg 124 124 282 526 210 512 668 376 3000 1608 468 420 300 436 538 436
videos.hw01/08_frame/183.jpg 18 88 250 380 96 434 580 316 1106 2294 882 350 60 296 392 144
videos.hw01/08_frame/184.jpg 276 244 282 570 1328 438 966 434 1708 1762 1330 504 338 326 322 132
videos.hw01/08_frame/185.jpg 12 52 144 68 194 132 174 64 26 556 586 142 16 212 28 44
videos.hw01/08_frame/186.jpg 102 204 174 210 186 332 360 230 590 630 564 268 50 400 142 148
videos.hw01/08_frame/187.jpg 102 404 284 274 2900 790 760 1454 1580 882 1694 630 68 354 206 194
videos.hw01/08_frame/188.jpg 0 1394 246 516 2404 3214 538 1084 1556 774 500 570 210 412 328 176
videos.hw01/08_frame/189.jpg 366 2202 1492 1220 702 5104 3360 1170 3116 5396 3226 1026 5546 7536 4348 1816
videos.hw01/08_frame/190.jpg 30 86 68 48 134 140 80 138 28 88 258 354 54 222 86 174
videos.hw01/08_frame/191.jpg 392 304 346 162 782 778 208 286 632 186 300 172 826 96 238 516
videos.hw01/08_frame/192.jpg 492 1334 1236 1162 2118 2384 3094 1474 2284 5010 2614 1098 6510 7322 4518 884
videos.hw01/08_frame/193.jpg 1766 1576 334 810 2554 762 724 918 1024 776 748 978 2048 1856 546 688
videos.hw01/08_frame/194.jpg 1940 3314 1802 2108 1228 1122 544 1432 2226 1458 2314 830 1666 3258 1548 426
videos.hw01/08_frame/195.jpg 1942 1208 1576 1546 1172 1536 1018 1850 1920 1474 534 692 1636 2922 1476 394
videos.hw01/08_frame/196.jpg 1526 382 706 532 670 1064 384 798 240 858 390 870 1202 1062 684 348
videos.hw01/08_frame/197.jpg 3352 4528 3152 2492 2324 2340 1436 2158 2390 2260 2894 2750 3224 2354 3254 1038
videos.hw01/08_frame/198.jpg 2334 3000 2370 3306 6510 1488 1358 2916 6186 1862 1116 3430 3054 1958 1034 524
videos.hw01/08_frame/199.jpg 4964 3220 4660 4446 2488 5374 4368 4432 3708 6528 3210 3602 5096 6796 5106 3400
videos.hw01/08_frame/200.jpg 4516 4162 2344 2424 7742 4972 2000 1778 7518 3676 1832 1062 3446 3226 1752 1448
videos.hw01/08_frame/201.jpg 958 840 750 610 816 2390 940 662 886 1504 928 1018 1500 2354 1782 488
videos.hw01/08_frame/202.jpg 7292 3788 4120 7360 2504 5402 5862 6496 2928 6430 5876 4446 6362 6224 4978 580
videos.hw01/08_frame/203.jpg 4272 3146 4228 4256 7310 318 3746 5400 6714 1240 1324 344 2222 488 82 0
videos.hw01/08_frame/204.jpg 9592 9600 9542 9574 9600 9600 9600 9600 9600 9600 9600 9600 9576 9536 9580 9600
videos.hw01/08_frame/205.jpg 1290 786 3748 2074 752 166 686 712 1376 914 1122 1166 964 1580 1000 1386
videos.hw01/08_frame/206.jpg 1368 1308 346 848 604 488 632 542 936 1654 1250 452 554 1002 432 206
videos.hw01/08_frame/207.jpg 4738 2664 4282 3086 1148 1430 2974 2538 2434 3720 2134 2160 3938 5194 2586 2372
videos.hw01/08_frame/208.jpg 2370 2106 5282 4666 2290 1478 5752 5372 922 912 766 1688 816 3570 1652 1074
videos.hw01/08_frame/209.jpg 1646 2136 2560 1974 708 1288 1930 1192 1666 944 2472 1800 352 1020 1214 470
videos.hw01/08_frame/210.jpg 2122 1862 1564 1894 978 2434 1598 1354 1110 1774 1546 1430 626 854 876 1210
videos.hw01/08_frame/211.jpg 334 886 966 422 848 566 268 296 410 296 418 1334 138 538 206 426
videos.hw01/08_frame/212.jpg 1826 1576 1618 1344 960 1992 1990 796 392 1706 2544 920 460 926 786 1384
videos.hw01/08_frame/213.jpg 788 694 938 1626 822 1792 1674 1060 734 2176 1452 1324 446 1158 966 618
videos.hw01/08_frame/214.jpg 942 1192 1488 1110 380 1750 1208 990 760 2054 1224 1146 164 732 1310 1054
videos.hw01/08_frame/215.jpg 892 1204 718 878 828 1432 1290 1134 1032 1470 1332 654 672 1204 986 664
videos.hw01/08_frame/216.jpg 242 698 376 90 532 656 444 354 78 490 498 180 220 290 252 190
videos.hw01/08_frame/217.jpg 1014 1800 2058 724 552 1340 1186 960 1218 1000 1040 666 938 1076 754 366
videos.hw01/08_frame/218.jpg 658 460 1128 1174 116 1246 664 768 686 966 774 460 446 984 504 82
videos.hw01/08_frame/219.jpg 224 1634 634 530 434 834 562 618 586 856 840 696 192 564 760 260
videos.hw01/08_frame/220.jpg 268 446 634 698 158 1182 824 702 402 780 820 762 500 658 858 260
videos.hw01/08_frame/221.jpg 76 256 402 112 18 702 776 116 60 436 378 130 28 168 402 204
videos.hw01/08_frame/222.jpg 544 1296 1096 1148 550 986 966 1012 612 996 1206 526 494 806 1060 158
videos.hw01/08_frame/223.jpg 330 574 990 872 268 964 658 828 574 894 1366 314 506 690 846 200
videos.hw01/08_frame/224.jpg 332 584 1158 604 98 970 1038 606 286 952 1748 290 460 1146 1288 90
videos.hw01/08_frame/225.jpg 530 946 1520 858 342 1444 1864 1392 534 1356 1948 1054 880 1262 1596 392
videos.hw01/08_frame/226.jpg 488 848 1278 340 1126 786 284 182 538 332 314 504 304 374 520 368
videos.hw01/08_frame/227.jpg 1564 1952 3242 1272 1974 3758 4932 3050 1986 3122 2952 774 1796 1812 882 672
videos.hw01/08_frame/228.jpg 5282 6950 2968 2916 8190 5554 3770 4418 8736 5582 2980 484 1650 1844 650 332
videos.hw01/08_frame/229.jpg 8450 7342 5064 7600 6962 8570 8062 8058 7374 6212 5638 4750 7526 4282 3802 2482
videos.hw01/08_frame/230.jpg 6402 5010 5866 3242 8186 7162 1374 534 2906 650 30 184 920 382 382 486
videos.hw01/08_frame/231.jpg 158 196 264 230 530 306 20 132 1036 512 502 212 556 58 68 722
videos.hw01/08_frame/232.jpg 7554 6842 8192 8230 9452 8936 9556 6726 9540 9292 9576 7470 9554 9600 9546 9598
videos.hw01/08_frame/233.jpg 274 352 492 330 294 398 326 164 450 266 318 378 1594 592 1180 1012
videos.hw01/08_frame/234.jpg 1242 868 894 962 356 1182 1192 400 952 628 526 900 1028 1678 902 568
videos.hw01/08_frame/235.jpg 1106 930 1274 978 344 2106 1416 244 818 718 632 340 1108 1690 878 1428
videos.hw01/08_frame/236.jpg 484 406 606 342 250 412 104 570 552 452 30 130 506 496 216 252
videos.hw01/08_frame/237.jpg 806 588 926 792 632 1408 1240 410 1044 412 764 510 824 1108 1090 1884
videos.hw01/08_frame/238.jpg 292 254 262 424 426 440 330 324 420 1112 728 666 420 1326 956 1338
videos.hw01/08_frame/239.jpg 702 598 1366 1192 846 948 890 848 804 1436 714 1410 1022 1822 776 700
videos.hw01/08_frame/240.jpg 1298 1114 666 792 754 1420 998 784 930 1212 440 1346 1824 2516 712 1554
videos.hw01/08_frame/241.jpg 1176 666 530 704 280 432 620 238 574 596 140 870 1192 630 334 492
videos.hw01/08_frame/242.jpg 882 980 1004 702 802 1230 1654 1006 598 932 708 880 1214 1496 550 1150
videos.hw01/08_frame/243.jpg 618 276 218 620 680 808 454 684 1378 1298 772 910 1310 2384 1236 1916
videos.hw01/08_frame/244.jpg 1432 1086 756 746 1048 1332 1290 642 878 1168 694 800 1472 1168 2768 2268
videos.hw01/08_frame/245.jpg 1496 976 1028 894 1180 1510 1496 1328 1284 1492 634 1598 1614 2744 1692 782
videos.hw01/08_frame/246.jpg 244 364 292 138 146 136 102 110 474 336 172 70 224 254 66 188
videos.hw01/08_frame/247.jpg 1470 844 1454 1310 764 1604 1272 1264 1108 1240 836 1942 1090 1976 1948 1552
videos.hw01/08_frame/248.jpg 1186 976 618 880 1352 948 1040 966 724 1160 1404 1150 1278 2028 1124 1686
videos.hw01/08_frame/249.jpg 1132 926 1606 752 1036 658 532 1692 870 1402 2210 2014 1100 1232 968 1744
videos.hw01/08_frame/250.jpg 5764 6964 7030 7220 6094 6236 7764 5568 8016 4710 6554 6796 7970 7614 6090 6614
videos.hw01/08_frame/251.jpg 194 228 96 154 244 524 94 192 262 140 330 100 158 302 106 194
videos.hw01/08_frame/252.jpg 944 1084 574 1014 848 1010 966 368 1474 1122 656 584 630 988 956 636
videos.hw01/08_frame/253.jpg 1222 784 654 1032 1218 1344 900 308 856 974 430 806 702 1534 640 662
videos.hw01/08_frame/254.jpg 654 1054 812 1084 818 1518 724 906 890 882 550 614 1028 1324 768 924
videos.hw01/08_frame/255.jpg 670 720 848 962 1004 1278 1022 558 1428 1098 514 588 738 820 1062 782
videos.hw01/08_frame/256.jpg 238 270 394 692 276 186 726 174 78 150 250 168 254 490 166 404
videos.hw01/08_frame/257.jpg 834 1556 530 1356 696 1564 1338 598 684 1698 558 456 1252 1020 1530 1246
videos.hw01/08_frame/258.jpg 894 1210 884 1030 934 1426 1800 940 1122 1324 976 410 966 1122 1006 904
videos.hw01/08_frame/259.jpg 794 1192 816 904 974 1322 1882 712 958 1026 1290 584 978 1536 782 778
videos.hw01/08_frame/260.jpg 908 842 1328 1078 750 844 1692 828 906 1174 1248 600 1028 970 1024 928
videos.hw01/08_frame/261.jpg 212 290 306 346 468 808 222 76 210 66 272 178 138 244 260 474
videos.hw01/08_frame/262.jpg 842 852 860 1194 1058 1268 848 684 938 720 798 392 908 712 1076 746
videos.hw01/08_frame/263.jpg 738 826 962 742 712 684 1084 298 822 844 596 316 1008 476 938 494
videos.hw01/08_frame/264.jpg 598 576 1036 632 972 718 1034 464 592 554 590 262 710 996 798 870
videos.hw01/08_frame/265.jpg 818 720 968 904 1040 698 806 414 784 824 468 450 1062 568 762 612
videos.hw01/08_frame/266.jpg 200 266 440 334 902 218 356 294 316 200 286 174 358 402 250 446
videos.hw01/08_frame/267.jpg 430 504 766 1134 1216 590 624 396 774 1030 500 356 968 716 680 690
videos.hw01/08_frame/268.jpg 296 598 480 512 470 494 550 472 708 826 244 594 1000 732 510 706
videos.hw01/08_frame/269.jpg 598 1098 846 416 814 488 888 406 772 432 614 370 728 1022 620 624
videos.hw01/08_frame/270.jpg 472 550 666 490 780 652 884 476 542 1070 550 506 898 896 430 988
videos.hw01/08_frame/271.jpg 214 340 598 344 690 514 422 338 108 98 264 256 164 348 352 524
videos.hw01/08_frame/272.jpg 758 378 1092 942 732 778 786 332 1026 1226 512 312 548 742 1090 692
videos.hw01/08_frame/273.jpg 390 588 536 378 740 708 492 734 686 366 396 300 914 888 462 392
videos.hw01/08_frame/274.jpg 496 810 654 604 362 722 590 390 736 544 700 486 1058 766 354 424
videos.hw01/08_frame/275.jpg 8872 5518 6402 7782 7726 6242 6516 6220 7580 4926 5240 5150 8074 4960 5046 3800
videos.hw01/08_frame/276.jpg 444 358 260 262 26 316 422 746 60 312 202 242 68 446 60 310
videos.hw01/08_frame/277.jpg 12 794 454 254 214 1580 618 800 1560 1410 812 382 792 1252 300 344
videos.hw01/08_frame/278.jpg 6 360 224 210 46 1078 444 450 740 974 464 150 782 774 78 210
videos.hw01/08_frame/279.jpg 824 920 524 290 162 2756 820 114 674 2178 676 416 1204 1348 210 564
videos.hw01/08_frame/280.jpg 0 730 208 42 186 2080 446 274 692 1298 440 316 586 572 100 206
videos.hw01/08_frame/281.jpg 0 122 82 46 34 634 178 170 94 422 206 152 38 212 50 22
videos.hw01/08_frame/282.jpg 112 440 248 268 1788 1532 538 336 1832 1560 492 360 540 906 160 218
videos.hw01/08_frame/283.jpg 48 228 124 138 1138 1284 272 200 2016 1398 328 232 812 752 106 260
videos.hw01/08_frame/284.jpg 634 764 488 426 1996 1484 566 342 1774 1894 846 566 618 1104 160 336
videos.hw01/08_frame/285.jpg 470 172 290 180 630 1210 518 284 1022 1030 482 258 612 662 92 236
videos.hw01/08_frame/286.jpg 526 202 266 194 178 328 156 144 344 454 260 516 440 190 170 386
videos.hw01/08_frame/287.jpg 238 646 702 372 730 1248 752 592 1380 2236 648 340 646 1438 894 864
videos.hw01/08_frame/288.jpg 5786 6618 7434 9306 6644 5672 8486 8926 6712 7502 5594 7556 7054 4028 3846 7200
videos.hw01/08_frame/289.jpg 4508 4626 1224 1266 2896 3172 2090 2176 4002 4848 2192 1470 4208 3506 1550 3222
videos.hw01/08_frame/290.jpg 3210 1740 1092 490 2086 3492 1820 2002 4010 1842 998 2556 2574 2312 1640 2082
videos.hw01/08_frame/291.jpg 122 90 496 520 80 248 252 274 286 246 348 250 278 382 396 248
videos.hw01/08_frame/292.jpg 4528 3222 1582 2074 2946 3356 1824 3756 2822 3208 1980 3954 2650 5640 1722 4470
videos.hw01/08_frame/293.jpg 2160 2592 1342 886 1428 2220 3076 1714 1686 2230 1704 1618 1508 1632 2904 1096
videos.hw01/08_frame/294.jpg 5790 3584 2820 1740 3770 4858 4502 3766 3928 2248 2596 2392 3950 4464 1994 3490
videos.hw01/08_frame/295.jpg 4638 3406 3078 1496 3474 2090 2000 2060 3142 1830 1078 1530 5312 3350 3192 1926
videos.hw01/08_frame/296.jpg 70 202 198 42 294 128 276 254 366 322 268 210 234 186 142 222
videos.hw01/08_frame/297.jpg 5984 3708 3158 3682 6478 3438 1552 2268 6028 2674 3386 2340 7364 3152 3182 2506
videos.hw01/08_frame/298.jpg 724 1596 1186 1316 1342 1210 838 1330 1160 1504 928 1230 2718 1502 1524 1394
videos.hw01/08_frame/299.jpg 944 2530 1814 1612 1214 1000 1154 1724 1110 1578 740 1734 2700 1494 1622 1974
videos.hw01/08_frame/300.jpg 668 1886 1616 1538 580 648 1128 1034 1260 1406 730 2004 584 758 1356 1606
videos.hw01/08_frame/301.jpg 464 534 290 744 474 624 646 796 698 1024 490 580 1004 424 202 638
videos.hw01/08_frame/302.jpg 678 1506 1242 1334 1492 1292 1004 1312 766 2002 1040 1486 1240 1096 994 1300
videos.hw01/08_frame/303.jpg 650 7042 5208 5454 5524 6214 4742 4096 7092 7074 5468 4098 7436 4474 3806 4564
videos.hw01/08_frame/304.jpg 384 498 856 342 278 804 428 572 266 1026 836 672 336 416 792 570
videos.hw01/08_frame/305.jpg 308 850 1002 594 430 826 354 546 260 946 568 836 408 762 698 980
videos.hw01/08_frame/306.jpg 54 160 842 366 88 160 348 524 6 458 578 322 174 192 296 464
videos.hw01/08_frame/307.jpg 396 396 826 410 540 1656 600 358 328 1560 1228 1728 270 1194 1134 1096
videos.hw01/08_frame/308.jpg 340 440 1108 538 440 1192 608 620 736 1464 1524 2308 220 1792 1478 922
videos.hw01/08_frame/309.jpg 574 864 1252 780 740 2056 814 762 554 1574 1926 1438 528 624 1398 902
videos.hw01/08_frame/310.jpg 302 1046 1352 1068 572 1248 748 726 432 1496 1250 528 302 1344 1740 1106
videos.hw01/08_frame/311.jpg 88 176 594 224 272 342 114 362 46 516 372 260 280 258 212 184
videos.hw01/08_frame/312.jpg 352 542 1262 866 828 694 666 660 434 1070 1176 724 358 756 1110 1146
videos.hw01/08_frame/313.jpg 290 510 1126 614 852 1062 734 1096 400 1112 582 428 368 802 1364 490
videos.hw01/08_frame/314.jpg 246 766 1316 732 454 1092 740 690 272 1190 622 464 588 1204 1230 1148
videos.hw01/08_frame/315.jpg 192 642 1544 616 362 916 716 838 464 1106 1170 568 652 456 1006 1384
videos.hw01/08_frame/316.jpg 66 406 892 344 332 288 310 568 80 680 444 386 98 314 328 242
videos.hw01/08_frame/317.jpg 100 874 1496 584 672 836 516 1082 446 1126 1142 320 1408 772 1002 710
videos.hw01/08_frame/318.jpg 4826 5628 5584 7752 3358 4750 3264 3674 9134 4688 4820 6598 8114 9320 5128 4428
videos.hw01/08_frame/319.jpg 190 828 1168 734 598 1246 1440 728 1804 1986 968 980 1012 408 542 928
videos.hw01/08_frame/320.jpg 404 750 972 514 642 1584 1376 422 2818 2224 1908 1044 1374 458 1102 922
videos.hw01/08_frame/321.jpg 232 182 568 694 398 242 312 378 556 706 446 208 396 160 420 308
videos.hw01/08_frame/322.jpg 374 874 1282 906 712 1426 2392 1160 2220 2560 1994 1372 2578 814 1906 1144
videos.hw01/08_frame/323.jpg 210 852 874 836 592 1198 1226 792 1994 2176 1564 788 1204 452 1552 1074
videos.hw01/08_frame/324.jpg 820 964 1204 794 566 1554 1710 670 1456 2212 1042 812 1000 516 928 820
videos.hw01/08_frame/325.jpg 978 1158 782 684 660 1576 1978 578 1306 1852 1176 766 432 252 662 792
videos.hw01/08_frame/326.jpg 112 238 176 316 118 516 846 410 660 556 634 192 302 82 186 214
videos.hw01/08_frame/327.jpg 438 602 1018 670 812 1106 1700 806 1892 1668 1292 716 510 578 898 890
videos.hw01/08_frame/328.jpg 564 724 1196 824 516 1310 1822 814 1866 1766 1526 806 746 608 1148 856
videos.hw01/08_frame/329.jpg 506 858 622 632 492 1340 1432 666 1198 1954 1304 1064 1012 296 990 866
videos.hw01/08_frame/330.jpg 698 1240 566 646 892 1396 1394 644 1660 2028 828 976 660 568 916 662
videos.hw01/08_frame/331.jpg 534 118 426 208 146 630 506 324 642 1134 704 204 158 152 340 304
videos.hw01/08_frame/332.jpg 598 1196 774 968 788 1666 1410 624 1772 1692 1402 1096 830 610 1390 678
videos.hw01/08_frame/333.jpg 4230 6854 7580 8934 6936 5782 4336 7046 8132 7002 4150 7784 9138 8734 4784 7720
videos.hw01/08_frame/334.jpg 48 274 342 466 10 306 870 712 132 356 450 1836 364 228 550 960
videos.hw01/08_frame/335.jpg 58 354 424 456 18 592 516 402 22 522 428 1446 12 386 688 2144
videos.hw01/08_frame/336.jpg 0 206 220 356 0 154 264 342 10 262 500 342 28 160 484 320
videos.hw01/08_frame/337.jpg 118 862 896 910 68 886 626 950 216 922 1302 842 122 734 1066 1048
videos.hw01/08_frame/338.jpg 72 356 434 772 26 486 434 640 266 630 596 280 62 216 450 358
videos.hw01/08_frame/339.jpg 90 760 1242 1074 92 716 1036 816 82 1110 732 490 106 1142 938 720
videos.hw01/08_frame/340.jpg 102 486 482 640 36 474 214 516 44 672 500 464 28 472 548 492
videos.hw01/08_frame/341.jpg 16 164 204 232 12 328 274 298 2 480 344 338 26 486 306 312
videos.hw01/08_frame/342.jpg 146 520 982 594 68 828 1246 732 54 748 1250 698 0 800 1674 1046
videos.hw01/08_frame/343.jpg 0 164 952 316 8 174 732 262 14 238 586 684 2 294 850 522
videos.hw01/08_frame/344.jpg 152 972 618 600 62 906 642 808 58 770 590 892 0 604 1230 714
videos.hw01/08_frame/345.jpg 36 774 750 248 34 1148 340 392 48 1390 454 2032 0 690 1240 954
videos.hw01/08_frame/346.jpg 54 462 246 102 16 160 224 208 10 438 458 292 0 434 326 312
videos.hw01/08_frame/347.jpg 72 914 422 132 38 1094 332 512 134 946 800 3414 120 1172 1062 1512
videos.hw01/08_frame/348.jpg 148 1538 772 670 30 830 934 614 418 1092 616 2034 322 994 1136 3002
videos.hw01/08_frame/349.jpg 78 1720 752 912 30 980 830 540 502 1248 1036 1084 610 1146 992 3130
videos.hw01/08_frame/350.jpg 190 1418 616 602 90 964 886 908 782 1280 1484 728 738 1450 958 650
videos.hw01/08_frame/351.jpg 18 276 308 382 32 532 350 212 6 316 624 342 198 344 562 214
videos.hw01/08_frame/352.jpg 144 1046 808 910 64 860 570 638 290 772 700 596 408 1164 1024 1420
videos.hw01/08_frame/353.jpg 170 766 782 834 134 952 402 894 620 780 726 722 488 1058 970 1152
videos.hw01/08_frame/354.jpg 112 768 936 638 112 702 504 556 306 998 650 660 582 990 842 846
videos.hw01/08_frame/355.jpg 108 890 990 598 116 660 424 456 352 1026 1008 658 446 752 726 546
videos.hw01/08_frame/356.jpg 54 318 230 374 40 228 268 248 62 410 140 204 178 404 432 100
videos.hw01/08_frame/357.jpg 84 486 224 222 78 650 484 406 156 504 1192 374 332 546 790 932
videos.hw01/08_frame/358.jpg 132 542 412 474 94 428 720 278 390 716 970 234 300 820 598 730
videos.hw01/08_frame/359.jpg 58 306 138 106 10 584 602 134 96 420 740 214 282 606 456 222
videos.hw01/08_frame/360.jpg 158 476 666 304 50 454 432 412 80 530 584 474 120 440 366 330
videos.hw01/08_frame/361.jpg 90 684 606 386 66 544 456 334 300 740 488 432 480 820 664 606
videos.hw01/08_frame/362.jpg 68 694 736 802 36 518 338 320 180 514 518 510 1144 478 878 714
videos.hw01/08_frame/363.jpg 8990 7980 7906 8486 9262 7618 6068 6674 7676 6550 6806 4882 4630 8004 7654 7776
videos.hw01/08_frame/364.jpg 7974 6150 5758 7688 5048 3326 2988 5882 7110 5816 6996 6860 9298 8560 7318 9580
videos.hw01/08_frame/365.jpg 9530 9216 7390 6372 4200 2532 2796 6670 4724 4624 6896 5442 3038 2736 5068 4028
videos.hw01/08_frame/366.jpg 156 124 166 312 280 378 154 570 362 246 304 272 186 558 1510 446
videos.hw01/08_frame/367.jpg 9454 9256 9026 8552 7580 3438 3760 8042 9146 5546 5844 6278 9500 9536 8142 7872
videos.hw01/08_frame/368.jpg 8138 9224 8802 5890 6646 2570 3290 4530 4570 2436 1864 5218 6556 8982 8798 9192
videos.hw01/08_frame/369.jpg 1674 958 1272 1840 2268 1594 3996 3972 9040 3572 5540 5866 3772 4182 5098 6742
videos.hw01/08_frame/370.jpg 6594 6314 4008 2636 1834 2042 2570 2436 1222 1932 1874 3832 7420 7074 6794 6954
videos.hw01/08_frame/371.jpg 490 736 270 870 254 288 660 440 144 378 266 434 352 134 254 602
videos.hw01/08_frame/372.jpg 4362 4008 4894 2974 2066 2342 3550 3734 872 938 1272 3064 860 864 2190 3770
videos.hw01/08_frame/373.jpg 1474 1490 2226 3610 1214 1806 2610 2504 740 792 1164 2042 534 634 1272 2062
videos.hw01/08_frame/374.jpg 2650 2536 3216 3226 1320 1192 2128 3520 718 1106 616 2224 534 970 832 672
videos.hw01/08_frame/375.jpg 2738 2586 3146 4576 1698 746 2030 2700 594 692 756 2700 826 724 1162 1082
videos.hw01/08_frame/376.jpg 344 498 704 452 698 404 430 598 82 300 358 546 228 206 354 346
videos.hw01/08_frame/377.jpg 2520 3008 3978 3710 1976 1212 2020 3356 614 948 990 2342 1080 1172 786 956
videos.hw01/08_frame/378.jpg 2534 3070 3512 3312 1784 914 2100 2328 706 738 756 1636 482 776 732 564
videos.hw01/08_frame/379.jpg 2462 2186 1992 2034 1774 816 1858 1882 1122 646 926 762 896 1056 992 794
videos.hw01/08_frame/380.jpg 1974 2116 3148 2246 1492 1148 1760 2064 1342 854 782 1118 792 812 946 232
videos.hw01/08_frame/381.jpg 704 360 436 828 574 370 530 944 194 544 486 284 240 602 370 340
videos.hw01/08_frame/382.jpg 1638 2090 1864 1868 1090 884 1302 1650 1194 918 772 954 818 834 646 836
videos.hw01/08_frame/383.jpg 1330 1164 1804 1078 1990 956 1274 1506 1548 790 972 948 644 1002 680 488
videos.hw01/08_frame/384.jpg 1772 1592 1672 982 1974 1020 2034 1172 1552 998 1328 1012 372 978 826 676
videos.hw01/08_frame/385.jpg 910 2060 2038 1186 2552 910 2098 1676 1430 1404 870 2038 768 1146 848 640
videos.hw01/08_frame/386.jpg 302 390 412 412 746 386 316 554 350 728 342 658 292 316 308 442
videos.hw01/08_frame/387.jpg 1096 1792 1866 1150 1882 1060 1884 1520 1498 1222 1716 1352 824 852 890 310
videos.hw01/08_frame/388.jpg 850 1614 1724 972 1868 858 1628 1326 1894 1398 1202 1542 1424 1104 934 1226
videos.hw01/08_frame/389.jpg 950 1498 1216 992 1786 786 1010 1290 1506 1444 1596 1056 794 1186 808 990
videos.hw01/08_frame/390.jpg 984 764 1278 824 1618 900 764 1248 1622 1046 1104 1718 1592 1490 748 1008
videos.hw01/08_frame/391.jpg 310 520 312 182 312 340 534 462 712 752 448 468 274 212 590 182
videos.hw01/08_frame/392.jpg 960 980 1356 988 1546 1190 808 1500 1450 940 1342 1544 3124 3252 2298 1670
videos.hw01/08_frame/393.jpg 960 670 542 386 1242 766 1280 1076 2150 1060 944 1152 2224 1692 1636 1260
videos.hw01/08_frame/394.jpg 816 1234 992 688 1308 1256 2474 2048 2178 1234 1302 1536 2700 2760 2694 2770
videos.hw01/08_frame/395.jpg 880 1170 766 656 866 488 1478 566 1744 1176 1364 1108 2880 2742 2520 2040
videos.hw01/08_frame/396.jpg 238 168 170 240 412 450 292 398 366 436 468 486 818 640 380 402
videos.hw01/08_frame/397.jpg 760 1330 1322 620 772 872 1028 928 2164 1194 1768 1432 1880 1366 2940 2588
videos.hw01/08_frame/398.jpg 640 606 532 272 790 792 490 734 1556 1148 1862 1222 830 1352 2064 804
videos.hw01/08_frame/399.jpg 858 392 962 314 1084 600 582 872 1584 716 1942 1222 1498 1934 764 1178
videos.hw01/08_frame/400.jpg 712 824 460 598 1090 868 698 1504 1514 708 1438 1080 1676 1380 2230 1456
videos.hw01/08_frame/401.jpg 266 234 208 288 214 544 492 422 398 684 432 638 764 512 384 538
videos.hw01/08_frame/402.jpg 656 654 440 504 952 1068 696 732 1422 940 1138 1738 2402 1536 1552 1484
videos.hw01/08_frame/403.jpg 722 302 408 108 952 586 754 838 944 450 566 1010 2204 1126 2312 2216
videos.hw01/08_frame/404.jpg 900 280 608 258 978 1254 924 776 1050 700 610 1194 3150 3158 3436 3846
videos.hw01/08_frame/405.jpg 902 484 604 270 906 1014 458 614 786 958 1206 1004 3108 3016 3074 3072
videos.hw01/08_frame/406.jpg 268 120 274 60 110 602 200 302 290 304 314 564 236 570 504 452
videos.hw01/08_frame/407.jpg 864 432 746 546 1008 1194 340 818 1102 1176 1472 1040 2948 1920 1954 2160
videos.hw01/08_frame/408.jpg 926 220 354 420 716 620 164 592 1314 952 1522 996 2826 3490 3254 2986
videos.hw01/08_frame/409.jpg 1906 956 424 454 1186 1088 578 880 1510 1086 1716 2140 3048 2560 1460 2376
videos.hw01/08_frame/410.jpg 4844 2494 2662 1366 4036 1576 1432 1260 2926 1646 2708 1478 3308 5792 8440 8568
videos.hw01/08_frame/411.jpg 124 50 216 110 438 204 116 670 398 514 308 416 200 196 120 138
videos.hw01/08_frame/412.jpg 2838 6908 6400 4388 6512 2110 3890 3086 5022 1420 2280 1738 6580 4404 1556 416
videos.hw01/08_frame/413.jpg 9470 9366 6340 5934 4690 2926 4262 2626 4346 2300 3994 4360 6012 4048 6348 6762
videos.hw01/08_frame/414.jpg 9462 9446 8496 5692 9110 9546 8546 5582 8400 8728 8072 4730 6372 8548 8474 8976
videos.hw01/08_frame/415.jpg 8354 4644 3518 5504 8308 6880 9130 9118 8160 8300 6956 8770 5722 8556 6316 6784
videos.hw01/08_frame/416.jpg 140 376 276 136 410 256 212 130 102 684 522 248 142 224 302 436
videos.hw01/08_frame/417.jpg 2634 1050 1034 1516 2036 2638 4720 2096 2106 2016 3264 3918 3502 4074 3124 2208
videos.hw01/08_frame/418.jpg 3250 4142 1114 2966 2498 2892 5574 3428 2200 2010 4186 3456 4456 2796 3838 2586
videos.hw01/08_frame/419.jpg 3162 5154 8220 3886 3218 4244 5334 4416 3314 2706 3528 4376 4368 5068 4052 3672
videos.hw01/08_frame/420.jpg 2110 2956 3002 2346 1370 2916 2676 1798 1670 1424 2902 2132 1834 2530 1342 1650
videos.hw01/08_frame/421.jpg 882 548 624 818 380 370 474 392 690 946 810 632 852 680 814 510
videos.hw01/08_frame/422.jpg 570 1330 628 816 618 924 520 1442 548 1070 870 468 850 522 306 966
videos.hw01/08_frame/423.jpg 822 648 542 706 484 448 652 180 560 806 624 302 226 418 480 1218
videos.hw01/08_frame/424.jpg 1146 618 788 804 554 774 596 230 806 1168 762 562 704 740 358 938
videos.hw01/08_frame/425.jpg 1464 576 594 766 688 528 498 130 720 1050 978 460 984 690 766 600
videos.hw01/08_frame/426.jpg 322 306 644 340 248 188 230 106 568 608 462 128 356 424 242 456
videos.hw01/08_frame/427.jpg 1048 1198 726 990 710 696 740 614 742 1364 1760 992 734 904 982 1042
videos.hw01/08_frame/428.jpg 682 918 1002 890 678 748 900 592 496 1184 1518 592 1056 802 646 1146
videos.hw01/08_frame/429.jpg 524 808 1058 764 486 786 634 718 704 1276 1598 1124 614 590 356 1008
videos.hw01/08_frame/430.jpg 860 720 792 774 706 1298 614 806 998 1410 1282 1642 962 570 552 1304
videos.hw01/08_frame/431.jpg 578 260 774 368 386 500 500 414 286 668 560 590 306 194 244 480
videos.hw01/08_frame/432.jpg 640 600 530 618 572 570 160 710 678 1086 1144 844 754 296 598 700
videos.hw01/08_frame/433.jpg 1024 680 1194 848 526 696 846 582 922 1458 1456 824 1112 558 962 1164
videos.hw01/08_frame/434.jpg 724 734 816 610 752 682 462 742 840 1090 1100 874 918 608 1200 764
videos.hw01/08_frame/435.jpg 1082 1616 1216 1200 780 630 332 688 994 1248 1618 690 720 486 854 718
videos.hw01/08_frame/436.jpg 564 378 416 222 608 352 160 386 586 888 442 698 626 260 722 554
videos.hw01/08_frame/437.jpg 470 988 966 434 624 620 1012 798 718 1100 1208 540 1010 666 644 1186
videos.hw01/08_frame/438.jpg 1018 1084 1054 658 588 502 734 416 746 1222 1298 598 1160 870 726 904
videos.hw01/08_frame/439.jpg 4720 7704 6310 6524 8350 8516 7216 6474 6972 5638 6676 2912 5724 3736 4106 6648
videos.hw01/08_frame/440.jpg 578 890 718 878 242 640 774 282 682 720 554 362 678 324 510 764
videos.hw01/08_frame/441.jpg 68 102 288 232 178 186 344 262 424 272 226 440 190 114 242 148
videos.hw01/08_frame/442.jpg 748 612 926 688 340 1012 1428 1004 548 698 668 1662 782 264 650 680
videos.hw01/08_frame/443.jpg 538 928 628 350 134 1068 1084 808 382 886 624 1214 444 370 1088 2154
videos.hw01/08_frame/444.jpg 682 742 442 720 266 724 994 898 678 798 988 596 538 290 1100 2752
videos.hw01/08_frame/445.jpg 986 972 744 1042 290 580 1100 734 446 928 964 646 778 466 1018 1284
videos.hw01/08_frame/446.jpg 338 254 596 524 104 256 460 506 198 588 532 278 358 96 334 302
videos.hw01/08_frame/447.jpg 652 1046 774 704 310 748 1186 822 328 892 744 1220 734 674 644 2422
videos.hw01/08_frame/448.jpg 466 1360 820 710 158 848 742 594 418 748 946 1044 550 440 902 1612
videos.hw01/08_frame/449.jpg 1478 1454 1054 1188 234 758 1006 712 348 916 1098 1038 866 390 1018 1832
videos.hw01/08_frame/450.jpg 1066 1454 888 1048 202 878 962 898 580 758 1122 1098 520 350 1064 1906
videos.hw01/08_frame/451.jpg 222 570 706 884 44 370 232 416 316 502 356 412 230 142 238 368
videos.hw01/08_frame/452.jpg 1058 1676 1292 226 446 740 990 640 422 964 1022 706 544 476 1318 1958
videos.hw01/08_frame/453.jpg 1054 1376 1402 464 538 1116 1072 1254 520 842 1250 956 274 312 1036 2424
videos.hw01/08_frame/454.jpg 1064 1208 1416 834 414 1210 1042 920 402 888 900 1014 618 496 1080 1184
videos.hw01/08_frame/455.jpg 1162 1326 786 528 250 848 844 748 524 1116 836 2958 1242 592 844 1080
videos.hw01/08_frame/456.jpg 392 384 268 204 82 206 208 820 180 318 588 828 446 122 440 252
videos.hw01/08_frame/457.jpg 988 1360 854 1108 254 1006 844 1306 514 954 906 3374 956 544 1148 2226
videos.hw01/08_frame/458.jpg 962 1070 1388 954 284 942 726 886 662 822 988 2596 522 364 696 3288
videos.hw01/08_frame/459.jpg 1222 1284 1360 1114 544 954 520 740 488 1142 888 2940 702 450 792 2492
videos.hw01/08_frame/460.jpg 1248 1114 1570 1396 376 904 956 912 566 1168 858 1564 488 748 922 2376
videos.hw01/08_frame/461.jpg 204 98 364 302 180 530 266 252 140 256 230 348 246 148 140 426
videos.hw01/08_frame/462.jpg 6672 9402 7622 7420 8748 7266 7222 7990 6266 6762 7016 7102 3882 8096 9096 7956
videos.hw01/08_frame/463.jpg 764 406 442 430 918 690 994 880 430 1104 1020 766 232 356 420 848
videos.hw01/08_frame/464.jpg 820 500 484 516 1012 958 1058 1402 724 1224 1494 716 432 1382 646 930
videos.hw01/08_frame/465.jpg 1134 532 428 630 1106 1216 1492 1844 480 1388 1652 1050 606 1292 848 1036
videos.hw01/08_frame/466.jpg 144 160 296 310 296 460 628 340 548 642 756 252 280 300 146 76
videos.hw01/08_frame/467.jpg 1282 426 744 730 882 1326 1910 1040 516 1316 1482 746 612 1018 796 886
videos.hw01/08_frame/468.jpg 906 1018 832 708 674 1022 1944 1012 452 1746 1548 832 554 1254 1116 464
videos.hw01/08_frame/469.jpg 942 834 986 548 656 976 1880 1438 698 1766 1182 800 582 1172 522 952
videos.hw01/08_frame/470.jpg 778 794 902 616 556 780 1476 2296 714 1048 1534 950 848 1010 962 924
videos.hw01/08_frame/471.jpg 414 142 82 270 246 268 360 526 456 344 706 334 312 240 338 336
videos.hw01/08_frame/472.jpg 554 876 1022 790 1140 634 2072 2240 618 1100 1416 1008 600 868 926 632
videos.hw01/08_frame/473.jpg 622 1216 1144 824 808 586 1800 2634 608 788 1472 1006 642 712 1096 1376
videos.hw01/08_frame/474.jpg 880 896 1300 1232 916 1038 1202 2594 682 1028 1362 1108 494 1190 1026 1002
videos.hw01/08_frame/475.jpg 864 1568 804 402 608 866 1532 2510 748 788 1416 1568 518 720 982 1010
videos.hw01/08_frame/476.jpg 114 462 396 510 378 192 1098 746 490 184 470 178 148 560 332 144
videos.hw01/08_frame/477.jpg 442 956 894 1052 598 938 2120 2842 1192 630 1578 958 562 768 986 908
videos.hw01/08_frame/478.jpg 446 1092 994 920 1080 690 2316 2434 778 1146 1544 1188 436 954 1260 1488
videos.hw01/08_frame/479.jpg 558 1482 874 1070 682 676 1498 2810 746 1148 1868 1726 1104 1116 1424 626
videos.hw01/08_frame/480.jpg 924 1132 706 1288 944 970 1832 2416 652 754 1374 1590 1058 1838 1134 342
videos.hw01/08_frame/481.jpg 260 758 740 860 540 700 1044 1130 546 630 548 1016 516 686 530 524
videos.hw01/08_frame/482.jpg 860 1818 948 1316 1518 774 1732 4148 858 838 1678 1266 826 1368 1362 944
videos.hw01/08_frame/483.jpg 780 670 926 1424 1300 816 1362 3836 1414 1140 1666 1078 946 1200 1144 1158
videos.hw01/08_frame/484.jpg 850 636 796 1522 1344 1674 1530 1996 794 1098 1726 1164 1296 1218 1240 1454
videos.hw01/08_frame/485.jpg 522 584 1092 486 886 1226 1156 1866 994 962 1296 1576 1420 976 2080 1352
videos.hw01/08_frame/486.jpg 188 514 184 230 202 406 598 420 292 180 546 280 330 492 606 264
videos.hw01/08_frame/487.jpg 750 536 854 1698 1054 1114 706 1990 706 958 1232 1412 1416 1474 1576 934
videos.hw01/08_frame/488.jpg 522 910 1210 1348 842 1174 726 2284 706 840 1518 1212 744 1036 1654 1236
videos.hw01/08_frame/489.jpg 714 492 1172 1528 670 688 976 1972 748 1040 1642 636 756 1324 1802 1928
videos.hw01/08_frame/490.jpg 620 1112 1314 1138 912 982 1296 1026 742 950 1144 660 1078 1756 1626 1356
videos.hw01/08_frame/491.jpg 196 354 404 330 426 362 536 342 316 266 330 232 160 404 420 426
videos.hw01/08_frame/492.jpg 5606 8306 8324 7998 6084 7578 7886 9476 6986 5338 8360 9504 7682 7396 6392 9066
videos.hw01/08_frame/493.jpg 748 758 744 882 758 602 660 440 1448 1170 990 368 546 640 984 536
videos.hw01/08_frame/494.jpg 958 454 884 1346 1108 1468 2386 868 1622 1302 1488 894 1034 1016 1016 662
videos.hw01/08_frame/495.jpg 700 556 622 768 514 898 2292 546 1510 1096 1436 778 748 1516 1176 820
videos.hw01/08_frame/496.jpg 56 54 362 396 58 140 254 308 476 266 614 296 176 340 448 212
videos.hw01/08_frame/497.jpg 700 644 718 848 562 1314 1372 664 996 1526 1298 474 456 786 976 740
videos.hw01/08_frame/498.jpg 1338 1284 1664 2194 758 2172 2322 2136 1532 1220 1070 762 852 1490 1306 846
videos.hw01/08_frame/499.jpg 432 748 1466 1516 620 1478 1140 1048 1164 1160 1138 606 466 946 1000 724
videos.hw01/08_frame/500.jpg 480 1024 1240 1778 476 990 1272 1082 1000 896 920 798 712 1560 1142 562
videos.hw01/08_frame/501.jpg 422 30 816 310 100 390 478 104 248 432 336 190 34 620 738 134
videos.hw01/08_frame/502.jpg 488 738 756 1224 420 966 774 814 940 1162 924 430 470 1220 848 1018
videos.hw01/08_frame/503.jpg 680 734 424 786 284 628 1120 842 1084 958 988 764 536 616 1088 898
videos.hw01/08_frame/504.jpg 584 730 568 848 340 910 924 666 844 1062 782 812 278 778 634 630
videos.hw01/08_frame/505.jpg 408 796 1042 772 408 868 1086 1014 1312 1212 912 626 564 532 536 704
videos.hw01/08_frame/506.jpg 616 226 444 184 132 428 262 234 394 564 636 254 262 464 616 382
videos.hw01/08_frame/507.jpg 412 460 962 720 432 814 1334 688 982 1762 754 870 636 742 1022 1506
videos.hw01/08_frame/508.jpg 506 276 1068 904 360 864 992 674 580 1902 996 1012 602 430 738 480
videos.hw01/08_frame/509.jpg 376 414 422 842 656 934 1038 628 824 1300 688 860 324 644 696 676
videos.hw01/08_frame/510.jpg 408 342 540 506 1018 986 968 668 538 1134 812 590 756 396 628 646
videos.hw01/08_frame/511.jpg 384 108 182 434 254 420 474 622 254 462 170 490 112 166 298 588
videos.hw01/08_frame/512.jpg 526 360 304 348 616 896 1058 560 766 1020 696 596 724 872 356 464
videos.hw01/08_frame/513.jpg 7964 8990 7736 4900 9026 5628 7956 7658 7390 7344 7372 7606 8876 8812 7544 7688
videos.hw01/08_frame/514.jpg 612 586 306 86 2638 742 218 306 702 340 140 202 454 438 388 110
videos.hw01/08_frame/515.jpg 1078 1226 322 176 2042 2816 598 350 1050 220 88 168 250 240 210 104
videos.hw01/08_frame/516.jpg 194 326 394 66 402 340 278 318 270 342 92 342 884 372 354 298
videos.hw01/08_frame/517.jpg 710 902 940 632 1206 2228 786 1012 1420 954 326 934 892 958 830 902
videos.hw01/08_frame/518.jpg 714 338 880 774 566 504 1042 872 756 446 214 312 326 344 486 366
videos.hw01/08_frame/519.jpg 444 380 840 514 744 580 782 974 686 758 316 334 402 486 642 332
videos.hw01/08_frame/520.jpg 338 1886 1364 800 400 3062 2462 928 926 1376 802 436 708 590 1086 656
videos.hw01/08_frame/521.jpg 188 508 268 338 92 90 434 396 338 440 92 412 238 434 402 272
videos.hw01/08_frame/522.jpg 372 1620 1370 588 992 852 2006 950 1378 798 298 496 732 1128 798 546
videos.hw01/08_frame/523.jpg 270 554 222 80 498 222 156 240 1048 534 50 216 564 784 612 442
videos.hw01/08_frame/524.jpg 212 846 1104 458 558 524 706 882 904 692 324 410 444 666 356 220
videos.hw01/08_frame/525.jpg 38 414 672 566 860 690 580 918 934 654 156 370 630 622 628 480
videos.hw01/08_frame/526.jpg 70 340 410 558 94 336 336 592 500 390 170 450 214 418 578 216
videos.hw01/08_frame/527.jpg 384 604 504 556 822 562 528 774 1164 558 196 382 802 688 720 504
videos.hw01/08_frame/528.jpg 46 338 498 758 694 642 602 808 1192 788 332 600 688 676 708 640
videos.hw01/08_frame/529.jpg 652 788 1058 466 712 1228 724 1110 1216 1336 478 718 1002 818 818 884
videos.hw01/08_frame/530.jpg 800 494 526 214 1778 2170 1438 808 760 348 236 688 484 454 418 332
videos.hw01/08_frame/531.jpg 266 350 398 552 294 170 650 392 578 274 154 182 218 530 580 126
videos.hw01/08_frame/532.jpg 7852 3268 6556 8628 4914 7360 7178 6450 5268 5304 8812 8536 6530 7944 8582 8068
videos.hw01/08_frame/533.jpg 7924 6194 1696 812 2958 5678 3444 738 3186 2726 2342 494 1466 1686 780 674
videos.hw01/08_frame/534.jpg 2368 2372 1432 920 3702 4750 2044 552 3436 4466 2480 506 1424 1500 832 296
videos.hw01/08_frame/535.jpg 3878 6034 3620 520 3964 2838 6050 570 4806 3056 3384 632 772 532 772 516
videos.hw01/08_frame/536.jpg 226 116 86 138 684 136 38 210 280 204 294 260 596 226 744 270
videos.hw01/08_frame/537.jpg 7390 9296 7708 7578 7016 8506 3764 7862 5300 5394 3374 4080 1960 432 302 300
videos.hw01/08_frame/538.jpg 1046 568 7808 4748 1854 2762 5788 3210 2610 1812 1958 2284 218 330 490 196
videos.hw01/08_frame/539.jpg 730 520 1752 570 986 1180 1358 1870 1568 1756 946 1654 304 570 570 424
videos.hw01/08_frame/540.jpg 718 738 856 6510 1712 1756 2462 5882 2388 1400 1510 1590 376 598 662 326
videos.hw01/08_frame/541.jpg 370 614 620 606 484 882 878 706 734 464 656 664 412 568 592 424
videos.hw01/08_frame/542.jpg 1058 932 1206 4640 1294 1916 1640 2286 1208 1856 1734 1388 502 690 622 432
videos.hw01/08_frame/543.jpg 1020 834 732 514 1270 1694 1478 1844 1408 2124 1416 1114 600 740 330 238
videos.hw01/08_frame/544.jpg 3110 7054 5240 3294 4000 5978 3314 4268 4430 6232 5742 6182 3484 5382 6240 7044
videos.hw01/08_frame/545.jpg 634 2096 1910 300 464 1234 1012 672 512 1554 670 506 330 1260 1162 344
videos.hw01/08_frame/546.jpg 184 298 626 582 264 510 354 238 242 578 252 292 292 746 538 236
videos.hw01/08_frame/547.jpg 1184 2224 2036 710 728 1676 1078 506 1476 2078 578 458 830 3394 1484 586
videos.hw01/08_frame/548.jpg 550 1540 1270 194 510 1650 998 630 770 1032 1064 524 382 2132 646 374
videos.hw01/08_frame/549.jpg 450 2710 2202 314 738 2482 1102 418 760 1268 930 432 760 1638 1206 448
videos.hw01/08_frame/550.jpg 962 2854 1444 244 934 2648 2498 692 632 1570 870 584 606 1508 1004 320
videos.hw01/08_frame/551.jpg 398 734 730 268 278 388 654 532 138 502 286 324 382 626 400 434
videos.hw01/08_frame/552.jpg 1618 2084 786 360 1840 1360 1372 1104 834 1960 1290 848 760 1238 1402 576
videos.hw01/08_frame/553.jpg 1028 776 546 592 1158 1480 1146 790 872 980 796 736 688 902 978 786
videos.hw01/08_frame/554.jpg 530 912 734 264 716 1254 982 916 510 1892 1008 1150 592 1060 940 554
videos.hw01/08_frame/555.jpg 502 1976 846 408 794 1798 1438 1134 922 1494 918 806 572 1072 964 478
videos.hw01/08_frame/556.jpg 288 292 472 534 306 452 654 404 262 410 184 420 806 942 522 388
videos.hw01/08_frame/557.jpg 3956 2982 946 314 5504 986 938 482 1206 1178 586 374 756 1098 672 486
videos.hw01/08_frame/558.jpg 4768 7198 8760 7410 6228 7486 5012 5478 5846 6404 5286 7292 6088 5844 5378 6170
videos.hw01/08_frame/559.jpg 740 800 246 42 404 1580 1424 72 1270 1458 2402 2868 700 1072 2696 1700
videos.hw01/08_frame/560.jpg 678 690 184 46 284 934 1536 122 1172 1850 1834 798 522 946 1674 654
videos.hw01/08_frame/561.jpg 252 246 24 26 234 412 236 22 658 472 156 88 378 372 336 106
videos.hw01/08_frame/562.jpg 474 226 94 0 324 1008 1026 82 1474 1684 1434 930 846 910 1014 680
videos.hw01/08_frame/563.jpg 762 406 86 0 534 942 810 106 1056 1262 1762 1016 574 796 816 742
videos.hw01/08_frame/564.jpg 734 642 28 0 570 1230 662 14 1496 1710 1610 1834 832 1510 1062 1816
videos.hw01/08_frame/565.jpg 930 834 148 314 690 1098 982 206 1362 1410 1298 532 780 1216 1408 730
videos.hw01/08_frame/566.jpg 286 200 88 68 332 308 188 82 514 632 156 136 290 322 270 194
videos.hw01/08_frame/567.jpg 574 476 62 254 576 1098 1018 50 968 1766 694 698 968 1108 586 714
videos.hw01/08_frame/568.jpg 638 278 130 22 496 602 1102 136 832 1260 680 404 548 434 322 480
videos.hw01/08_frame/569.jpg 7490 6564 6062 6044 6080 6068 4866 6328 6890 4878 6202 6474 6164 4900 5422 4710
videos.hw01/08_frame/570.jpg 168 548 462 628 346 1286 1562 374 196 1834 1524 1062 240 658 326 2484
videos.hw01/08_frame/571.jpg 62 382 222 280 210 330 386 198 120 470 368 158 150 298 160 552
videos.hw01/08_frame/572.jpg 278 884 526 810 362 1324 1170 364 352 972 1130 450 274 888 602 562
videos.hw01/08_frame/573.jpg 166 608 402 450 296 1044 1086 466 496 1014 1250 506 402 842 674 938
videos.hw01/08_frame/574.jpg 288 1074 746 716 406 1198 1556 584 490 1338 1270 644 450 1116 490 804
videos.hw01/08_frame/575.jpg 450 1100 662 284 448 1214 998 764 810 1040 1002 1102 334 826 536 816
videos.hw01/08_frame/576.jpg 102 470 184 172 226 444 366 266 324 562 798 282 66 278 492 478
videos.hw01/08_frame/577.jpg 644 950 314 554 492 1176 850 588 840 1360 636 1188 552 848 638 1012
videos.hw01/08_frame/578.jpg 78 434 216 476 626 1298 590 144 604 916 774 452 116 468 242 1484
videos.hw01/08_frame/579.jpg 544 878 694 422 698 846 572 346 1148 1310 732 1434 464 956 266 1062
videos.hw01/08_frame/580.jpg 426 1070 608 548 756 1372 742 356 1064 958 824 442 358 994 444 3932
videos.hw01/08_frame/581.jpg 94 754 294 418 502 390 674 236 518 312 642 308 288 478 684 416
videos.hw01/08_frame/582.jpg 490 1128 368 746 614 810 630 282 916 1118 774 284 268 576 450 1046
videos.hw01/08_frame/583.jpg 422 786 366 430 526 1348 1814 190 612 2088 2002 350 164 730 602 682
videos.hw01/08_frame/584.jpg 652 1106 850 436 964 1054 758 444 1100 1060 902 594 364 936 698 670
videos.hw01/08_frame/585.jpg 394 1308 838 432 668 1150 738 426 704 588 700 540 218 1038 300 566
videos.hw01/08_frame/586.jpg 436 590 380 286 478 390 346 198 670 310 522 366 302 384 330 400
videos.hw01/08_frame/587.jpg 380 1074 648 576 766 1164 686 378 772 458 768 392 282 958 722 454
videos.hw01/08_frame/588.jpg 988 1162 1150 874 838 894 962 726 1074 880 650 656 910 1000 1016 960
videos.hw01/08_frame/589.jpg 790 1006 722 606 612 1072 1010 536 678 1060 592 348 626 740 956 554
videos.hw01/08_frame/590.jpg 682 1404 628 322 740 788 886 384 744 802 538 626 336 756 444 696
videos.hw01/08_frame/591.jpg 204 772 390 416 318 368 466 232 324 524 258 420 162 518 242 428
videos.hw01/08_frame/592.jpg 636 1648 512 350 382 788 772 312 718 750 684 450 336 1004 374 622
videos.hw01/08_frame/593.jpg 434 1308 650 444 682 996 2100 736 750 1186 2254 422 372 684 524 482
videos.hw01/08_frame/594.jpg 572 1074 666 690 732 968 720 354 634 1006 868 570 176 774 494 506
videos.hw01/08_frame/595.jpg 476 1316 1104 426 740 984 808 574 628 730 808 526 644 976 684 656
videos.hw01/08_frame/596.jpg 478 612 596 372 354 468 572 300 226 294 670 444 262 616 268 454
videos.hw01/08_frame/597.jpg 452 1284 1010 492 742 540 812 390 404 642 788 662 156 600 626 740
videos.hw01/08_frame/598.jpg 778 1178 622 362 526 570 984 624 524 614 744 392 192 498 544 518
videos.hw01/08_frame/599.jpg 494 924 512 508 724 884 2080 512 722 954 2398 720 774 780 782 586
videos.hw01/08_frame/600.jpg 548 1382 708 466 320 650 1394 440 624 970 1612 426 502 868 586 514
videos.hw01/08_frame/601.jpg 664 786 692 662 478 682 814 362 548 696 754 546 690 778 786 578
videos.hw01/08_frame/602.jpg 204 940 770 746 386 632 960 586 522 702 650 318 192 806 436 624
videos.hw01/08_frame/603.jpg 328 662 684 396 330 642 670 192 340 570 354 204 106 402 246 308
videos.hw01/08_frame/604.jpg 298 1078 684 506 384 528 728 338 616 896 538 386 236 804 468 392
videos.hw01/08_frame/605.jpg 258 922 668 592 190 526 596 354 242 876 510 248 84 610 394 472
videos.hw01/08_frame/606.jpg 886 506 398 482 228 344 490 358 326 472 416 244 568 178 554 430
videos.hw01/08_frame/607.jpg 8516 6914 7250 7314 5232 3572 6222 2566 6388 4154 4582 3394 7186 8100 8478 7354
videos.hw01/08_frame/608.jpg 3326 6840 4352 5770 5874 2262 4330 2616 7012 2740 2630 2574 9574 9506 9580 9600
videos.hw01/08_frame/609.jpg 9262 9270 9600 9590 4392 3712 2078 3720 2372 2516 3874 3436 4 242 222 46
videos.hw01/08_frame/610.jpg 1198 524 996 2238 2668 2156 1936 4022 4296 2276 3762 4948 9506 9574 9600 9600
videos.hw01/08_frame/611.jpg 0 14 22 354 666 200 136 152 330 190 120 340 298 152 122 176
videos.hw01/08_frame/612.jpg 1174 1974 2148 1868 4404 2542 2928 3598 6020 1540 2516 4224 2054 2064 2264 3198
videos.hw01/08_frame/613.jpg 7040 6520 6898 5058 6200 2486 2920 2656 2302 2102 3226 2540 3610 3960 4598 6202
videos.hw01/08_frame/614.jpg 4684 5204 3398 3614 1706 1628 1876 1932 1738 680 1612 2582 646 564 512 2874
videos.hw01/08_frame/615.jpg 3638 2966 3780 2628 1670 1366 2214 2712 1044 656 1254 2502 1168 790 1202 3684
videos.hw01/08_frame/616.jpg 256 210 138 362 136 390 280 350 138 242 248 318 346 80 70 206
videos.hw01/08_frame/617.jpg 1450 2038 1436 3012 2084 1142 1414 1990 1070 1268 1202 1986 2340 2528 2740 3678
videos.hw01/08_frame/618.jpg 2350 2100 2400 2410 1532 1040 1398 1984 1506 1324 1072 2232 1890 2012 2186 2882
videos.hw01/08_frame/619.jpg 3082 3126 2406 3066 1234 1072 1260 1838 1388 1348 1166 3024 1948 1108 590 1712
videos.hw01/08_frame/620.jpg 3162 3466 2358 2596 692 1102 932 1786 1560 1008 938 1864 1284 1226 1620 2120
videos.hw01/08_frame/621.jpg 254 106 290 646 244 256 328 678 256 234 286 496 968 132 90 116
videos.hw01/08_frame/622.jpg 2706 2352 3052 2562 860 1232 878 1262 914 926 834 2898 1014 3608 1478 2006
videos.hw01/08_frame/623.jpg 2122 2252 2694 1606 734 1328 658 2180 1544 988 1866 1464 2370 1664 2496 2498
videos.hw01/08_frame/624.jpg 1206 998 1990 2290 1596 936 436 1076 2318 1416 2246 882 3106 3654 3694 3706
videos.hw01/08_frame/625.jpg 1166 1096 1098 1350 2378 1190 890 1128 1334 782 632 1352 3880 3866 2536 3298
videos.hw01/08_frame/626.jpg 344 300 326 366 346 432 338 570 1014 348 214 396 702 1372 1214 1438
videos.hw01/08_frame/627.jpg 834 2274 1372 1498 2362 1114 778 610 1008 1086 1788 826 2776 2906 4196 3038
videos.hw01/08_frame/628.jpg 732 2000 1320 1088 1258 1148 1406 838 2402 1164 2412 862 1656 1774 3002 1996
videos.hw01/08_frame/629.jpg 1724 1768 1266 1234 1862 952 1298 730 1912 1348 1534 730 2406 1942 1574 2504
videos.hw01/08_frame/630.jpg 1294 1914 1708 1650 1854 1128 842 954 2278 1148 1698 838 1432 1892 1456 2118
videos.hw01/08_frame/631.jpg 312 158 164 622 328 792 140 440 828 632 638 384 998 1096 1728 958
videos.hw01/08_frame/632.jpg 1336 1790 1932 1368 1254 1262 1272 984 2478 1104 1874 1170 1606 1396 1872 1520
videos.hw01/08_frame/633.jpg 992 1366 1428 1504 1448 832 1142 680 1912 1006 1116 720 1590 1698 1400 1512
videos.hw01/08_frame/634.jpg 1780 2072 2112 1330 1944 780 600 1118 1600 1086 1014 776 3520 3440 3732 2144
videos.hw01/08_frame/635.jpg 1910 1544 1556 1498 2740 1236 1048 906 2106 1062 1522 832 2340 3940 2592 3194
videos.hw01/08_frame/636.jpg 386 120 366 322 426 536 434 426 964 460 712 550 454 310 582 238
videos.hw01/08_frame/637.jpg 1062 1310 1902 2050 3114 968 2090 1400 1568 1086 1922 1004 2284 3738 4390 1710
videos.hw01/08_frame/638.jpg 2068 1472 1692 1342 2214 1342 1012 630 2014 1218 1788 830 2324 3752 3526 2634
videos.hw01/08_frame/639.jpg 3946 3118 2324 1994 1956 860 1078 474 1916 1128 1766 1140 1992 2410 3500 3176
videos.hw01/08_frame/640.jpg 3166 2928 2576 1954 1662 1000 928 624 2250 1136 1420 628 1630 1766 2726 1666
videos.hw01/08_frame/641.jpg 628 944 510 308 1500 374 554 496 736 292 308 516 1190 1000 812 1178
videos.hw01/08_frame/642.jpg 2912 3130 3044 2032 1784 1078 878 730 2146 1064 1686 938 1148 1480 2014 1528
videos.hw01/08_frame/643.jpg 2736 3768 2096 1404 1066 934 462 478 1836 782 2184 1078 1950 1014 546 1402
videos.hw01/08_frame/644.jpg 2240 2294 2198 1800 1794 1122 856 1090 2750 1676 1726 878 1708 1804 490 916
videos.hw01/08_frame/645.jpg 2658 1510 1250 1086 1232 914 876 626 1674 938 1754 886 5062 4334 3630 4012
videos.hw01/08_frame/646.jpg 892 1290 954 598 830 292 446 398 622 332 974 304 882 184 446 1058
videos.hw01/08_frame/647.jpg 2078 1830 1786 1348 1532 936 898 630 2432 1148 1398 830 4198 3558 4824 4404
videos.hw01/08_frame/648.jpg 2278 1008 1776 1052 1088 754 1128 816 1600 1448 1146 634 2398 802 3336 2912
videos.hw01/08_frame/649.jpg 2626 2500 1912 2640 2174 1086 1182 752 2474 1216 2306 1166 1442 840 1758 932
videos.hw01/08_frame/650.jpg 2742 2404 2208 1686 1602 1146 774 756 2974 1800 1932 876 370 860 212 224
videos.hw01/08_frame/651.jpg 1226 460 478 544 808 244 314 380 662 448 318 406 210 312 220 312
videos.hw01/08_frame/652.jpg 1634 2838 2104 1520 816 728 1200 886 2510 1842 1282 734 820 660 236 512
videos.hw01/08_frame/653.jpg 3892 4404 3582 1900 1664 1440 786 802 2592 1322 674 2104 324 978 76 580
videos.hw01/08_frame/654.jpg 5582 5584 5446 4376 6910 3778 2624 2034 1282 1690 1496 2730 7080 5478 6524 6250
videos.hw01/08_frame/655.jpg 5622 5194 4900 2694 5556 2388 2222 3154 7770 2886 4326 2422 4018 3052 3890 3772
videos.hw01/08_frame/656.jpg 398 0 32 318 154 190 278 408 250 172 190 116 310 914 294 54
videos.hw01/08_frame/657.jpg 9464 9600 8160 5742 5398 4260 3830 2776 2206 2838 1746 1634 1324 2420 1652 228
videos.hw01/08_frame/658.jpg 3488 2146 1392 1414 6302 3524 4022 2290 7096 2096 4468 3156 9436 5456 6460 3912
videos.hw01/08_frame/659.jpg 4044 8438 6638 5240 8946 7142 8906 7492 8136 5782 6438 5520 7470 7548 7810 6880
videos.hw01/08_frame/660.jpg 176 1074 996 216 650 1604 1394 808 400 820 598 348 922 780 822 560
videos.hw01/08_frame/661.jpg 96 630 562 194 734 588 814 1046 236 450 678 496 322 476 642 470
videos.hw01/08_frame/662.jpg 448 722 960 240 582 1278 968 1038 392 942 774 546 746 1004 902 518
videos.hw01/08_frame/663.jpg 304 906 1232 202 970 1334 812 1404 408 1278 1124 658 402 736 882 542
videos.hw01/08_frame/664.jpg 548 1140 1170 158 1100 1562 938 1204 564 880 770 822 922 876 1036 446
videos.hw01/08_frame/665.jpg 692 712 1354 230 1422 1130 1084 1332 560 1152 1340 628 1002 744 902 1156
videos.hw01/08_frame/666.jpg 148 390 166 60 322 260 42 438 122 202 388 314 416 364 84 154
videos.hw01/08_frame/667.jpg 868 792 1352 84 1526 1304 1162 1488 798 1472 2328 1188 1312 1040 892 1252
videos.hw01/08_frame/668.jpg 1572 1074 1300 428 1498 1424 1138 1478 1210 1360 1528 790 2086 1244 1146 770
videos.hw01/08_frame/669.jpg 1058 1720 1114 1134 1638 1446 1208 1154 994 1108 1662 1172 1474 1320 1186 806
videos.hw01/08_frame/670.jpg 598 1196 1192 670 1460 1112 1036 1232 720 1186 1558 1084 828 828 532 330
videos.hw01/08_frame/671.jpg 122 490 260 410 324 232 420 884 262 476 208 170 400 286 138 344
videos.hw01/08_frame/672.jpg 850 914 478 658 1224 646 502 808 696 1244 996 596 370 902 908 254
videos.hw01/08_frame/673.jpg 414 816 544 286 868 516 420 934 676 868 438 404 758 472 372 200
videos.hw01/08_frame/674.jpg 368 674 384 348 654 442 840 634 704 610 460 566 654 644 596 496
videos.hw01/08_frame/675.jpg 254 502 292 230 816 512 398 484 454 604 634 302 520 398 150 190
videos.hw01/08_frame/676.jpg 114 390 138 334 458 392 452 586 230 288 626 586 248 408 184 282
videos.hw01/08_frame/677.jpg 236 242 456 406 508 324 436 550 370 314 902 644 522 530 222 408
videos.hw01/08_frame/678.jpg 6926 8162 8430 8766 7672 8652 8970 8408 8410 7160 7248 6454 8472 8080 7872 5928
videos.hw01/08_frame/679.jpg 2624 2642 2868 1572 1304 1432 1112 1070 384 1132 1040 476 262 458 428 562
videos.hw01/08_frame/680.jpg 4226 6250 5042 1192 970 2784 2766 2290 180 802 748 900 70 200 278 536
videos.hw01/08_frame/681.jpg 334 146 126 256 180 338 182 110 68 460 346 458 172 130 314 294
videos.hw01/08_frame/682.jpg 5672 5892 5482 1042 2130 7454 3792 2448 1434 1488 702 670 206 222 248 380
videos.hw01/08_frame/683.jpg 734 822 2164 868 2012 6314 4108 876 1294 3538 1914 748 172 350 308 440
videos.hw01/08_frame/684.jpg 594 636 1094 742 874 904 634 788 184 910 696 470 208 678 430 408
videos.hw01/08_frame/685.jpg 894 934 1474 418 1240 510 402 702 374 874 712 702 268 530 358 1064
videos.hw01/08_frame/686.jpg 396 614 398 272 392 536 344 184 130 654 126 168 122 398 154 216
videos.hw01/08_frame/687.jpg 816 954 1376 516 1168 790 404 588 358 804 616 468 204 418 314 620
videos.hw01/08_frame/688.jpg 766 712 668 384 618 418 540 218 166 434 448 380 42 174 226 236
videos.hw01/08_frame/689.jpg 730 498 752 278 744 312 126 356 200 590 500 388 152 376 336 352
videos.hw01/08_frame/690.jpg 614 1046 654 296 570 614 556 674 212 422 384 306 134 518 304 414
videos.hw01/08_frame/691.jpg 182 414 562 408 594 556 322 308 8 510 250 108 98 138 172 150
videos.hw01/08_frame/692.jpg 422 436 738 346 438 416 374 516 76 362 392 138 90 514 164 88
videos.hw01/08_frame/693.jpg 174 436 412 208 324 368 172 134 24 562 222 58 58 202 56 126
videos.hw01/08_frame/694.jpg 404 736 526 340 840 628 370 516 42 466 292 208 14 312 198 264
videos.hw01/08_frame/695.jpg 7708 7144 8650 8222 9398 9148 7288 7248 8856 6688 5806 7518 7286 7668 6284 8482
videos.hw01/08_frame/696.jpg 144 296 102 76 44 356 248 272 288 286 196 136 228 178 100 190
videos.hw01/08_frame/697.jpg 984 1472 1612 970 150 598 1086 1260 854 800 938 658 752 610 1288 1222
videos.hw01/08_frame/698.jpg 716 1888 1764 1036 66 488 886 1184 528 646 588 962 778 1080 1358 1222
videos.hw01/08_frame/699.jpg 848 1880 1746 830 34 1002 570 1168 314 628 554 964 624 1286 1816 994
videos.hw01/08_frame/700.jpg 824 1746 2036 1804 56 910 612 1322 602 700 660 728 732 852 1980 1812
videos.hw01/08_frame/701.jpg 288 322 434 272 34 444 242 610 216 346 196 178 256 384 216 686
videos.hw01/08_frame/702.jpg 888 1262 2268 1672 96 960 1308 1248 350 752 506 836 1062 698 1124 1292
videos.hw01/08_frame/703.jpg 650 1360 1492 1982 160 1096 1142 1050 528 576 900 948 972 1134 962 1728
videos.hw01/08_frame/704.jpg 962 1236 1308 1768 154 1158 944 820 426 912 874 646 1248 796 1388 1622
videos.hw01/08_frame/705.jpg 1338 1450 1206 1724 128 1054 844 762 626 884 1036 476 988 1446 1054 1220
videos.hw01/08_frame/706.jpg 678 526 236 326 36 324 292 546 342 462 420 202 218 138 274 162
videos.hw01/08_frame/707.jpg 892 1416 1586 2034 210 930 1278 998 228 854 1056 690 1452 1176 1866 1290
videos.hw01/08_frame/708.jpg 1148 1054 1514 2552 96 896 900 740 452 714 752 644 1134 1460 1522 2090
videos.hw01/08_frame/709.jpg 808 1740 1064 1722 456 1412 1188 802 852 686 1162 648 1706 1334 2356 1806
videos.hw01/08_frame/710.jpg 1436 1470 1242 1172 136 924 836 666 276 486 918 596 1520 1364 2090 1566
videos.hw01/08_frame/711.jpg 652 206 462 610 60 454 292 366 84 342 186 266 334 396 414 234
videos.hw01/08_frame/712.jpg 888 1606 1346 1128 490 1054 892 768 376 776 704 912 972 1366 1668 1414
videos.hw01/08_frame/713.jpg 1248 1632 1516 1974 152 800 738 676 404 574 566 792 1108 1028 1386 1608
videos.hw01/08_frame/714.jpg 1718 1062 1180 2536 170 944 610 760 430 544 1032 432 1358 1112 1790 1268
videos.hw01/08_frame/715.jpg 1496 1186 2092 1576 188 1214 858 636 412 846 1056 728 1062 990 1496 1214
videos.hw01/08_frame/716.jpg 470 272 432 314 168 378 402 534 118 474 452 386 282 262 546 266
videos.hw01/08_frame/717.jpg 1922 1824 2098 1442 228 880 1038 830 646 690 902 564 1046 1130 1266 952
videos.hw01/08_frame/718.jpg 1310 874 1992 1192 294 924 898 894 608 614 556 488 886 1118 1142 1102
videos.hw01/08_frame/719.jpg 1146 1596 1936 1222 410 828 1014 874 726 836 612 472 1332 972 1132 1006
videos.hw01/08_frame/720.jpg 1098 1114 1872 1172 302 868 936 628 446 776 696 652 708 552 1032 1506
videos.hw01/08_frame/721.jpg 1300 848 1042 674 932 1506 690 1030 710 864 710 624 394 658 812 798
videos.hw01/08_frame/722.jpg 1648 1388 1966 1148 238 1350 636 886 716 602 590 530 738 826 872 548
videos.hw01/08_frame/723.jpg 1032 1410 1154 716 182 758 628 766 716 680 586 292 604 764 780 944
videos.hw01/08_frame/724.jpg 826 880 1618 848 254 530 1006 614 420 484 396 614 866 1880 712 564
videos.hw01/08_frame/725.jpg 2178 1980 1638 746 896 1478 916 1596 1004 1136 976 534 2054 3550 2628 1056
videos.hw01/08_frame/726.jpg 194 370 210 150 42 404 356 116 352 120 142 230 574 230 412 148
videos.hw01/08_frame/727.jpg 1672 740 1190 468 102 372 698 658 290 680 374 376 2260 2062 1894 2698
videos.hw01/08_frame/728.jpg 2754 2660 1040 520 100 604 716 800 444 1380 1154 334 1692 2172 2446 5000
videos.hw01/08_frame/729.jpg 4144 3322 2724 1114 732 2568 1002 926 448 1600 1022 2306 1666 1718 2454 2974
videos.hw01/08_frame/730.jpg 2938 3070 4232 4380 1718 3170 1630 2142 382 1664 544 2142 1224 1342 820 1428
videos.hw01/08_frame/731.jpg 664 504 524 534 46 470 712 530 176 486 564 454 874 298 270 230
videos.hw01/08_frame/732.jpg 4048 4418 3610 3772 1750 2426 2334 2254 252 1032 530 690 1270 1618 968 832
videos.hw01/08_frame/733.jpg 2360 2528 1576 1744 1240 1558 1190 1198 666 1270 698 948 1112 1234 1064 686
videos.hw01/08_frame/734.jpg 1738 2544 1622 1022 844 1390 1020 570 502 848 392 712 986 706 704 970
videos.hw01/08_frame/735.jpg 1426 1610 1546 914 1108 1082 848 844 618 1008 480 688 1200 1008 750 478
videos.hw01/08_frame/736.jpg 826 776 586 386 502 382 464 530 264 474 278 464 982 586 226 466
videos.hw01/08_frame/737.jpg 1012 1256 1218 886 504 606 956 1006 404 606 382 924 930 1260 748 1020
videos.hw01/08_frame/738.jpg 1020 1222 1104 840 518 524 712 788 364 470 450 836 604 868 556 824
videos.hw01/08_frame/739.jpg 1454 1556 1136 1084 602 532 952 616 228 460 418 692 1008 778 758 696
videos.hw01/08_frame/740.jpg 1302 1604 1002 912 624 552 590 920 516 748 408 522 832 968 524 784
videos.hw01/08_frame/741.jpg 432 1014 744 410 198 412 646 620 214 1044 314 536 616 412 236 694
videos.hw01/08_frame/742.jpg 1424 1186 1278 1168 638 1202 692 510 706 1028 398 826 1012 940 584 1056
videos.hw01/08_frame/743.jpg 544 1042 1136 936 184 558 444 614 318 708 302 676 346 572 584 1158
videos.hw01/08_frame/744.jpg 592 952 728 704 152 696 684 1178 412 424 220 644 490 1004 536 788
videos.hw01/08_frame/745.jpg 1882 1664 1604 920 594 856 1414 632 704 980 670 668 930 976 692 806
videos.hw01/08_frame/746.jpg 1096 1044 418 578 410 872 614 498 364 358 336 410 560 546 430 356
videos.hw01/08_frame/747.jpg 1012 1828 1102 604 436 606 928 692 340 912 422 802 782 882 708 804
videos.hw01/08_frame/748.jpg 716 790 956 404 418 804 470 748 480 380 336 870 676 864 284 422
videos.hw01/08_frame/749.jpg 892 1014 1060 558 398 612 802 728 272 540 262 730 754 980 282 714
videos.hw01/08_frame/750.jpg 2010 1428 1144 710 536 1224 762 786 324 606 428 1048 540 716 466 694
videos.hw01/08_frame/751.jpg 1216 770 574 312 184 492 612 412 342 586 466 414 320 474 470 374
videos.hw01/08_frame/752.jpg 2798 4034 2808 1452 766 2428 1950 1154 364 982 936 1964 838 1452 1350 986
videos.hw01/08_frame/753.jpg 3496 2340 2934 882 1088 3020 1846 1188 132 1544 1146 1636 678 1466 1672 1754
videos.hw01/08_frame/754.jpg 2164 1690 1108 1262 1118 2416 1148 1026 232 1510 1264 1256 540 1398 2274 1458
videos.hw01/08_frame/755.jpg 2802 1256 1420 1324 1552 2698 1716 1346 854 1770 990 1076 1156 1740 1450 1160
videos.hw01/08_frame/756.jpg 600 228 286 152 320 762 450 472 148 406 194 150 350 482 200 210
videos.hw01/08_frame/757.jpg 1484 910 1312 886 1200 1444 1260 964 604 920 762 546 954 1342 722 1226
videos.hw01/08_frame/758.jpg 984 924 560 378 706 1494 856 862 246 460 406 218 484 758 342 350
videos.hw01/08_frame/759.jpg 978 926 652 358 318 682 648 424 136 672 660 472 572 972 592 534
videos.hw01/08_frame/760.jpg 782 844 468 74 248 920 318 354 146 424 502 456 422 722 516 318
videos.hw01/08_frame/761.jpg 1046 478 522 288 438 708 332 274 238 564 584 446 450 766 334 222
videos.hw01/08_frame/762.jpg 1340 850 828 428 804 510 522 908 606 614 406 644 1280 1162 522 738
videos.hw01/08_frame/763.jpg 8312 1584 2412 9310 8520 632 528 4574 7112 728 572 746 3888 808 700 4088
videos.hw01/08_frame/764.jpg 5818 9322 9220 4156 4702 6636 6670 7792 7520 5138 3044 9338 7726 5700 7596 9144
videos.hw01/08_frame/765.jpg 4980 3454 4464 1792 3052 4874 6144 2210 4656 3306 4796 2060 6616 4670 5584 8612
videos.hw01/08_frame/766.jpg 220 166 94 246 130 228 64 284 540 182 90 230 284 292 76 162
videos.hw01/08_frame/767.jpg 3626 2542 2912 2840 3456 2700 3402 3354 2386 3344 3336 4310 4770 6220 6844 8054
videos.hw01/08_frame/768.jpg 3924 4404 4126 7350 3152 1824 2302 1080 1446 2278 2352 3538 3210 2442 3040 2402
videos.hw01/08_frame/769.jpg 6758 4528 5218 2778 4708 1198 2486 5740 4260 2202 2504 4446 2292 1388 706 918
videos.hw01/08_frame/770.jpg 1018 1816 1372 310 3172 1838 2404 2868 3334 1396 1640 1952 360 40 20 18
videos.hw01/08_frame/771.jpg 280 128 90 10 1206 420 498 396 904 1028 660 364 214 0 248 0
videos.hw01/08_frame/772.jpg 714 740 476 22 2448 1644 2238 1298 1852 1060 1044 1210 608 202 240 0
videos.hw01/08_frame/773.jpg 428 64 0 2 724 498 862 302 516 472 642 534 118 0 0 0
videos.hw01/08_frame/774.jpg 762 172 352 0 362 454 506 916 578 1046 724 968 598 478 144 122
videos.hw01/08_frame/775.jpg 184 182 402 524 116 264 846 700 490 974 386 592 110 180 0 220
videos.hw01/08_frame/776.jpg 0 88 290 530 134 190 294 492 216 282 478 408 222 20 0 318
videos.hw01/08_frame/777.jpg 256 0 406 1044 162 282 706 372 378 360 478 390 580 0 10 220
videos.hw01/08_frame/778.jpg 274 202 480 2144 350 156 670 966 448 388 294 260 496 54 0 326
videos.hw01/08_frame/779.jpg 780 300 2762 5834 296 562 632 1968 574 570 546 596 524 28 34 130
videos.hw01/08_frame/780.jpg 482 254 2542 3046 146 458 816 2254 528 568 436 510 1696 288 0 564
videos.hw01/08_frame/781.jpg 336 1152 2060 616 384 588 704 1902 648 520 488 588 486 38 58 190
videos.hw01/08_frame/782.jpg 126 1518 3120 3772 358 1346 2210 1720 498 1248 748 710 848 0 0 340
videos.hw01/08_frame/783.jpg 138 904 2730 4794 358 1466 1890 1700 386 1468 982 1332 740 0 0 110
videos.hw01/08_frame/784.jpg 970 2746 3218 3120 316 1994 3446 2678 392 1624 1188 3338 1052 184 0 440
videos.hw01/08_frame/785.jpg 1542 1586 1600 3548 868 2082 3990 2402 1074 2038 1126 634 640 198 148 508
videos.hw01/08_frame/786.jpg 650 676 518 894 580 1220 622 134 590 538 350 796 22 20 0 434
videos.hw01/08_frame/787.jpg 1128 142 1430 5270 1410 2266 2762 934 1318 1610 2006 1570 686 142 14 820
videos.hw01/08_frame/788.jpg 370 372 2348 2766 750 3016 2622 1798 808 1500 1720 1500 572 20 0 362
videos.hw01/08_frame/789.jpg 456 1418 2094 3220 3114 2660 2434 3052 824 3614 2856 1246 722 64 116 552
videos.hw01/08_frame/790.jpg 452 1694 1480 3102 1698 2590 4510 2802 3984 3846 1878 250 320 2636 2448 72
videos.hw01/08_frame/791.jpg 1086 1986 2172 2474 2622 2690 1812 3068 2464 1228 2352 2926 652 152 942 76
videos.hw01/08_frame/792.jpg 3030 3656 5828 3628 4550 6820 6262 4470 3476 7066 7470 5646 668 3772 4414 3486
videos.hw01/08_frame/793.jpg 296 1728 1384 56 870 1930 2190 574 1664 3688 1402 570 736 4582 1016 256
videos.hw01/08_frame/794.jpg 588 2316 1620 438 3434 2270 4306 3068 3498 3950 2704 1026 3090 3618 1924 334
videos.hw01/08_frame/795.jpg 1154 3570 1518 3546 2942 2368 3638 1498 4328 3242 3534 1746 3220 2672 1856 1366
videos.hw01/08_frame/796.jpg 786 954 590 1526 1426 1278 1182 1436 2262 608 972 1114 2728 1332 2462 630
videos.hw01/08_frame/797.jpg 3232 2090 2342 4100 4960 2448 3110 4534 2792 3694 2678 4162 3938 2282 4154 4338
videos.hw01/08_frame/798.jpg 1168 346 1398 1750 1986 1196 1426 566 1206 2058 2154 566 3298 2460 1944 458
videos.hw01/08_frame/799.jpg 1472 3162 1580 2138 1500 1164 1424 804 2476 2152 1478 1372 2786 1782 2112 1098
videos.hw01/08_frame/800.jpg 640 1050 788 2398 1752 734 1420 498 1474 2636 484 646 3768 2348 1142 542
videos.hw01/08_frame/801.jpg 878 442 556 576 1356 178 220 604 988 834 286 318 1102 1648 856 720
videos.hw01/08_frame/802.jpg 1282 860 1374 1988 1848 696 764 382 2570 1616 576 908 2966 2622 1256 740
videos.hw01/08_frame/803.jpg 44 464 792 1674 596 444 870 128 1898 874 422 300 2254 2658 1480 884
videos.hw01/08_frame/804.jpg 52 514 1078 1484 766 426 706 824 2256 750 230 704 2934 1776 280 100
videos.hw01/08_frame/805.jpg 882 1360 794 1540 606 416 1348 1032 6050 1774 1066 438 3766 3740 1216 858
videos.hw01/08_frame/806.jpg 266 536 80 858 64 182 1418 710 1486 788 104 412 980 718 410 304
videos.hw01/08_frame/807.jpg 490 1108 966 1242 654 822 1254 394 1296 1552 550 882 5102 792 218 1048
videos.hw01/08_frame/808.jpg 686 82 474 1402 922 488 808 1276 308 1044 478 1074 2418 818 266 250
videos.hw01/08_frame/809.jpg 910 408 576 880 690 1132 2098 872 820 1134 766 312 1476 772 586 252
videos.hw01/08_frame/810.jpg 1196 130 528 472 944 1922 1964 1370 1092 1274 1248 850 786 378 672 198
videos.hw01/08_frame/811.jpg 200 424 6 488 660 186 288 130 566 346 674 294 232 150 270 232
videos.hw01/08_frame/812.jpg 2200 1124 964 518 1668 2116 2890 2628 2204 1696 1450 1774 922 734 384 588
videos.hw01/08_frame/813.jpg 3188 4140 3068 1814 4434 1588 2022 3888 3518 1516 1884 3154 1856 648 194 0
videos.hw01/08_frame/814.jpg 4660 5052 5874 7028 4412 1820 3320 4860 2608 2654 1580 3500 3276 2922 3042 1588
videos.hw01/08_frame/815.jpg 3850 5160 3244 5734 2706 1290 2904 3856 2198 1552 2160 4102 5258 4928 5130 5394
videos.hw01/08_frame/816.jpg 240 200 246 544 94 88 138 260 146 290 350 312 212 302 596 760
videos.hw01/08_frame/817.jpg 6506 3374 4700 7892 4590 3990 4490 3952 2884 3810 3380 3714 5662 3954 4330 5458
videos.hw01/08_frame/818.jpg 7978 5402 4178 6412 7110 2532 5794 7930 5876 5732 7712 3968 4534 7210 2552 5264
videos.hw01/08_frame/819.jpg 7386 9386 9584 8988 9154 9570 8348 6576 9078 8102 5654 8350 9318 8876 7508 9100
videos.hw01/08_frame/820.jpg 8652 7486 3800 1586 1202 454 148 1582 228 396 2210 8724 784 294 6538 9248
videos.hw01/08_frame/821.jpg 172 30 82 302 48 188 132 152 18 130 254 216 80 224 242 174
videos.hw01/08_frame/822.jpg 76 10 58 258 50 380 160 188 0 42 194 140 8 20 116 146
videos.hw01/08_frame/823.jpg 88 98 80 248 38 150 130 218 14 174 82 158 4 32 108 106
videos.hw01/08_frame/824.jpg 12 58 74 282 100 170 100 188 212 298 106 138 6 264 62 138
videos.hw01/08_frame/825.jpg 114 116 56 216 12 120 120 208 34 40 194 186 4 302 104 152
videos.hw01/08_frame/826.jpg 122 56 68 178 52 216 142 264 216 292 184 220 16 326 118 166
videos.hw01/08_frame/827.jpg 94 26 50 250 98 166 80 246 206 264 112 158 130 180 138 110
videos.hw01/08_frame/828.jpg 94 48 86 256 134 312 160 308 306 332 190 146 30 196 78 126
videos.hw01/08_frame/829.jpg 232 258 190 302 456 384 362 350 472 550 354 182 296 428 284 168
videos.hw01/08_frame/830.jpg 46 202 62 326 152 104 174 360 58 144 302 164 158 48 144 148
videos.hw01/08_frame/831.jpg 94 108 104 312 176 244 152 346 44 282 244 160 12 32 178 148
videos.hw01/08_frame/832.jpg 170 118 82 308 72 158 88 392 178 226 262 180 44 122 276 166
videos.hw01/08_frame/833.jpg 254 16 38 246 222 156 90 384 218 254 136 134 80 78 118 126
videos.hw01/08_frame/834.jpg 224 136 48 194 90 184 102 288 6 542 166 96 10 260 110 120
videos.hw01/08_frame/835.jpg 234 58 82 244 206 188 166 264 156 476 166 136 10 136 114 134
videos.hw01/08_frame/836.jpg 198 86 62 198 50 54 140 200 6 350 162 130 16 154 104 108
videos.hw01/08_frame/837.jpg 84 78 62 272 72 172 178 172 60 220 220 126 4 44 56 132
videos.hw01/08_frame/838.jpg 70 106 60 264 54 244 140 232 102 334 186 172 52 110 48 114
videos.hw01/08_frame/839.jpg 186 164 66 262 28 232 190 240 54 288 120 98 6 246 72 100
videos.hw01/08_frame/840.jpg 158 92 88 260 26 126 104 260 28 76 140 132 102 42 82 88
videos.hw01/08_frame/841.jpg 470 130 116 300 370 368 188 254 252 484 422 152 210 314 218 186
videos.hw01/08_frame/842.jpg 350 110 128 304 70 340 212 378 150 154 340 156 58 374 132 148
videos.hw01/08_frame/843.jpg 204 52 50 272 76 258 180 372 76 410 196 138 60 226 62 118
videos.hw01/08_frame/844.jpg 670 242 138 454 598 786 290 410 998 738 438 210 286 656 290 168
videos.hw01/08_frame/845.jpg 112 80 44 276 70 84 172 400 56 26 208 266 62 40 84 224
videos.hw01/08_frame/846.jpg 84 12 40 294 14 32 92 456 14 28 90 250 46 30 98 206
videos.hw01/08_frame/847.jpg 136 22 48 306 0 130 106 456 14 0 92 216 32 12 104 218
videos.hw01/08_frame/848.jpg 64 16 44 302 0 28 80 298 14 8 142 212 48 12 78 238
videos.hw01/08_frame/849.jpg 52 22 70 294 0 68 146 292 56 252 166 192 44 46 56 220
videos.hw01/08_frame/850.jpg 84 32 46 200 6 18 124 426 14 234 124 176 32 12 54 236
videos.hw01/08_frame/851.jpg 100 38 38 248 14 20 88 434 14 28 152 154 32 28 68 206
videos.hw01/08_frame/852.jpg 154 10 26 228 96 70 60 518 14 254 134 158 34 66 68 196
videos.hw01/08_frame/853.jpg 326 214 148 332 302 434 250 482 666 652 338 182 162 480 198 190
videos.hw01/08_frame/854.jpg 126 130 120 354 100 224 134 424 130 292 302 196 76 50 130 142
videos.hw01/08_frame/855.jpg 94 68 114 288 58 170 126 448 40 62 288 164 32 88 168 140
videos.hw01/08_frame/856.jpg 98 44 134 288 82 62 154 432 222 306 204 150 30 138 176 178
videos.hw01/08_frame/857.jpg 116 34 80 268 82 180 150 436 218 122 108 186 22 30 140 132
videos.hw01/08_frame/858.jpg 44 34 92 276 10 170 130 374 20 54 186 150 22 22 94 170
videos.hw01/08_frame/859.jpg 36 54 76 336 0 66 128 402 20 54 160 118 22 120 90 152
videos.hw01/08_frame/860.jpg 52 12 86 264 0 154 94 550 20 44 188 248 22 82 92 138
videos.hw01/08_frame/861.jpg 124 80 64 198 218 124 102 546 74 298 130 198 48 36 128 130
videos.hw01/08_frame/862.jpg 66 38 94 216 0 160 148 360 20 394 250 178 20 56 100 136
videos.hw01/08_frame/863.jpg 96 86 132 244 0 134 174 362 20 44 294 206 48 22 80 104
videos.hw01/08_frame/864.jpg 64 72 100 250 0 110 140 328 180 256 168 242 46 24 76 126
videos.hw01/08_frame/865.jpg 220 206 166 322 214 360 200 338 146 280 310 206 100 108 216 254
videos.hw01/08_frame/866.jpg 350 104 110 420 182 200 236 538 134 312 228 184 82 78 144 138
videos.hw01/08_frame/867.jpg 186 50 82 362 132 196 170 528 36 340 268 150 28 82 120 106
videos.hw01/08_frame/868.jpg 96 32 116 250 92 296 138 364 30 322 250 128 26 96 112 160
videos.hw01/08_frame/869.jpg 134 96 82 226 324 134 162 334 100 294 206 256 56 38 66 128
videos.hw01/08_frame/870.jpg 184 156 68 266 322 158 120 410 100 258 190 264 24 20 72 138
videos.hw01/08_frame/871.jpg 198 176 58 284 120 278 172 414 302 242 146 202 94 32 138 200
videos.hw01/08_frame/872.jpg 190 16 26 288 190 190 182 494 220 444 214 190 112 192 104 174
videos.hw01/08_frame/873.jpg 118 28 64 242 126 210 148 510 0 418 158 196 50 196 108 116
videos.hw01/08_frame/874.jpg 392 298 164 346 546 512 424 294 830 732 264 200 286 308 196 208
videos.hw01/08_frame/875.jpg 114 92 52 288 254 286 126 300 58 142 188 186 12 12 104 256
videos.hw01/08_frame/876.jpg 44 100 70 302 0 148 118 366 206 54 128 226 0 10 82 212
videos.hw01/08_frame/877.jpg 332 186 158 486 214 426 294 358 266 396 242 222 278 450 194 212
videos.hw01/08_frame/878.jpg 62 102 54 366 110 206 178 390 96 102 200 200 54 88 126 180
videos.hw01/08_frame/879.jpg 54 86 68 322 20 166 114 396 48 72 138 200 40 68 112 180
videos.hw01/08_frame/880.jpg 42 28 38 340 0 126 82 206 0 64 82 220 4 46 136 186
videos.hw01/08_frame/881.jpg 46 24 80 332 0 154 102 216 220 254 126 170 0 42 136 220
videos.hw01/08_frame/882.jpg 68 58 38 292 92 174 152 290 0 288 154 176 0 42 106 200
videos.hw01/08_frame/883.jpg 66 4 30 286 86 96 138 248 174 88 116 184 40 196 138 158
videos.hw01/08_frame/884.jpg 54 22 54 292 0 192 116 312 178 76 128 134 0 162 166 184
videos.hw01/08_frame/885.jpg 102 58 50 284 44 104 122 300 38 240 110 144 32 166 124 234
videos.hw01/08_frame/886.jpg 140 70 52 312 30 96 104 346 50 86 158 170 112 162 98 222
videos.hw01/08_frame/887.jpg 30 64 90 300 8 118 124 436 578 228 164 136 0 166 118 202
videos.hw01/08_frame/888.jpg 34 54 56 336 6 88 130 438 422 96 264 136 20 286 90 168
videos.hw01/08_frame/889.jpg 122 112 156 358 162 318 318 424 268 518 318 162 144 222 232 208
videos.hw01/08_frame/890.jpg 78 46 116 316 138 274 228 474 336 188 170 210 58 364 132 162
videos.hw01/08_frame/891.jpg 126 84 94 296 10 372 132 484 202 258 188 160 38 326 74 134
videos.hw01/08_frame/892.jpg 56 126 110 288 22 162 134 576 190 300 112 168 4 232 70 230
videos.hw01/08_frame/893.jpg 60 72 96 260 22 216 166 598 194 102 82 148 30 178 46 224
videos.hw01/08_frame/894.jpg 104 106 86 330 18 202 126 372 178 184 90 190 30 172 152 234
videos.hw01/08_frame/895.jpg 76 102 74 348 18 272 166 360 160 370 118 168 14 158 144 170
videos.hw01/08_frame/896.jpg 44 26 86 260 0 208 118 314 0 232 174 144 14 186 130 176
videos.hw01/08_frame/897.jpg 50 34 68 338 0 192 114 298 10 222 128 180 98 172 136 160
videos.hw01/08_frame/898.jpg 32 40 92 312 0 144 164 390 0 264 160 190 18 170 170 84
videos.hw01/08_frame/899.jpg 72 94 110 324 0 172 194 398 0 378 136 246 92 152 188 134
videos.hw01/08_frame/900.jpg 66 54 104 268 0 260 224 390 0 232 140 250 0 152 142 126
videos.hw01/08_frame/901.jpg 118 162 114 408 140 322 474 412 506 464 298 296 216 408 156 130
videos.hw01/08_frame/902.jpg 144 72 142 266 152 360 198 538 498 256 164 280 48 192 116 132
videos.hw01/08_frame/903.jpg 36 82 124 396 8 192 166 522 40 130 148 260 40 190 112 146
videos.hw01/08_frame/904.jpg 298 206 170 422 1026 570 388 476 704 838 378 278 336 444 316 134
videos.hw01/08_frame/905.jpg 118 60 68 220 116 54 138 474 16 400 154 136 34 18 102 134
videos.hw01/08_frame/906.jpg 102 14 64 220 82 42 30 578 10 222 126 120 12 0 68 122
videos.hw01/08_frame/907.jpg 134 56 138 222 88 10 94 568 0 132 114 118 6 0 90 156
videos.hw01/08_frame/908.jpg 122 12 94 250 80 88 82 490 0 288 200 126 100 166 64 180
videos.hw01/08_frame/909.jpg 8188 9446 9568 9598 4818 9592 9592 9600 6210 9424 9582 9600 9516 9556 9560 9544
videos.hw01/08_frame/910.jpg 402 440 0 0 168 0 0 100 130 0 0 0 116 0 0 0
videos.hw01/08_frame/911.jpg 1036 400 310 0 10 0 396 0 0 0 0 0 0 0 0 0
videos.hw01/08_frame/912.jpg 594 350 160 442 22 0 396 0 0 0 0 0 22 0 0 110
videos.hw01/08_frame/913.jpg 532 704 540 554 18 0 0 110 24 0 0 0 8 0 0 0
