videos.hw01/08_frame/1.jpg 0 0 0 0 0 0 0 0 0 0 0 0 0 0 0 0
videos.hw01/08_frame/2.jpg 0 0 0 0 0 0 0 0 0 0 0 0 0 0 0 0
videos.hw01/08_frame/3.jpg 0 0 0 0 0 0 0 0 0 0 0 0 0 0 0 0
videos.hw01/08_frame/4.jpg 150 0 0 0 68 0 0 0 48 0 0 0 48 0 0 0
videos.hw01/08_frame/5.jpg 4 0 0 0 0 0 0 0 0 0 0 0 0 0 0 0
videos.hw01/08_frame/6.jpg 2 0 0 0 0 0 0 0 0 0 0 0 0 0 0 0
videos.hw01/08_frame/7.jpg 4 0 0 0 8 0 0 0 0 0 0 0 2 0 0 0
videos.hw01/08_frame/8.jpg 4 0 0 0 2 0 0 0 8 0 0 0 0 0 0 0
videos.hw01/08_frame/9.jpg 10 0 0 0 10 0 0 0 2 0 0 0 0 0 0 0
videos.hw01/08_frame/10.jpg 12 1326 1206 1406 20 500 1276 3257 44 2448 3356 7083 48 688 136 3834
videos.hw01/08_frame/11.jpg 6 114 40 36 18 64 29 15 2 77 29 151 0 40 8 109
videos.hw01/08_frame/12.jpg 810 313 1203 1708 198 186 1800 1975 12 1601 1637 2543 0 664 648 751
videos.hw01/08_frame/13.jpg 810 854 1454 1103 196 568 602 1012 18 138 825 2789 0 0 462 375
videos.hw01/08_frame/14.jpg 150 1215 477 802 66 878 1095 2131 2 450 3024 2885 0 361 476 902
videos.hw01/08_frame/15.jpg 0 307 450 974 2 144 301 3135 0 377 712 771 0 149 734 2199
videos.hw01/08_frame/16.jpg 0 74 36 90 0 12 58 79 0 35 71 94 0 13 2 87
videos.hw01/08_frame/17.jpg 0 1443 793 73 0 316 1405 1645 0 226 1253 771 0 211 378 1798
videos.hw01/08_frame/18.jpg 0 1132 171 232 6 296 1646 572 0 1340 992 996 0 0 137 2063
videos.hw01/08_frame/19.jpg 0 218 224 230 0 640 668 1164 0 857 3094 3776 0 216 266 1325
videos.hw01/08_frame/20.jpg 0 80 147 63 8 275 635 1616 0 573 973 570 0 160 408 1717
videos.hw01/08_frame/21.jpg 0 22 6 65 0 28 50 60 0 8 18 68 0 0 10 60
videos.hw01/08_frame/22.jpg 0 380 485 68 16 131 324 724 0 406 1221 357 0 16 584 309
videos.hw01/08_frame/23.jpg 0 344 324 66 0 318 289 93 0 512 1345 515 0 188 520 822
videos.hw01/08_frame/24.jpg 0 850 543 80 0 261 381 143 0 106 1154 130 0 344 1070 186
videos.hw01/08_frame/25.jpg 0 166 165 132 0 373 261 115 0 150 518 199 0 84 557 102
videos.hw01/08_frame/26.jpg 0 6 35 41 0 74 44 96 0 36 128 36 0 28 18 57
videos.hw01/08_frame/27.jpg 0 74 975 67 0 414 95 68 0 79 1052 63 0 254 1213 129
videos.hw01/08_frame/28.jpg 0 166 323 33 0 236 225 53 0 87 425 46 0 186 477 22
videos.hw01/08_frame/29.jpg 0 266 421 81 0 344 550 141 0 120 397 189 0 172 558 90
videos.hw01/08_frame/30.jpg 0 56 529 54 0 185 217 68 0 84 420 49 0 316 395 97
videos.hw01/08_frame/31.jpg 0 14 44 172 4 96 79 168 0 54 106 150 0 44 83 105
videos.hw01/08_frame/32.jpg 0 92 484 46 0 205 144 81 0 496 148 31 0 356 470 43
videos.hw01/08_frame/33.jpg 0 129 240 29 0 113 157 23 0 266 84 37 0 189 91 22
videos.hw01/08_frame/34.jpg 0 538 567 75 0 573 156 150 0 968 236 75 0 527 275 66
videos.hw01/08_frame/35.jpg 0 307 174 36 0 209 83 65 0 195 125 78 0 176 324 44
videos.hw01/08_frame/36.jpg 0 14 42 10 0 45 49 46 0 34 38 12 0 2 4 4
videos.hw01/08_frame/37.jpg 0 58 88 78 4 200 220 152 0 132 75 138 0 96 278 66
videos.hw01/08_frame/38.jpg 0 38 22 44 0 160 89 44 0 111 53 80 0 190 138 24
videos.hw01/08_frame/39.jpg 0 80 54 85 0 108 70 87 2 276 89 77 0 206 106 162
videos.hw01/08_frame/40.jpg 0 129 50 149 0 158 46 163 0 161 60 99 0 216 46 69
videos.hw01/08_frame/41.jpg 0 52 34 31 0 36 44 79 0 40 28 61 0 132 24 33
videos.hw01/08_frame/42.jpg 0 94 74 132 0 98 88 89 0 130 64 124 0 264 62 97
videos.hw01/08_frame/43.jpg 0 59 40 27 0 40 40 68 0 43 81 56 0 70 36 64
videos.hw01/08_frame/44.jpg 0 90 53 102 0 95 34 167 0 102 49 128 0 156 60 63
videos.hw01/08_frame/45.jpg 0 54 41 141 4 100 29 173 2 79 39 109 0 66 24 98
videos.hw01/08_frame/46.jpg 0 62 50 90 0 83 75 137 0 114 25 67 0 32 30 42
videos.hw01/08_frame/47.jpg 0 54 54 92 0 60 62 125 0 93 76 86 0 38 22 89
videos.hw01/08_frame/48.jpg 0 60 36 83 6 43 34 21 0 33 8 60 0 50 14 37
videos.hw01/08_frame/49.jpg 0 66 35 125 4 120 58 147 0 144 54 234 0 63 22 110
videos.hw01/08_frame/50.jpg 0 84 38 101 10 113 77 235 0 64 36 132 0 30 22 101
videos.hw01/08_frame/51.jpg 0 78 23 53 0 58 23 76 0 90 45 102 0 58 34 37
videos.hw01/08_frame/52.jpg 0 22 37 105 0 88 56 146 0 152 32 78 0 87 18 50
videos.hw01/08_frame/53.jpg 0 32 35 65 0 108 26 46 0 86 18 54 0 58 28 47
videos.hw01/08_frame/54.jpg 0 104 50 108 0 65 18 164 0 137 65 92 0 58 26 94
videos.hw01/08_frame/55.jpg 0 86 63 78 0 54 113 145 0 93 28 98 0 68 40 87
videos.hw01/08_frame/56.jpg 0 27 10 69 0 76 19 106 0 51 23 77 0 32 40 32
videos.hw01/08_frame/57.jpg 0 77 52 101 0 86 62 120 0 88 39 58 0 70 36 55
videos.hw01/08_frame/58.jpg 0 82 42 75 6 127 70 48 0 120 42 19 0 100 44 39
videos.hw01/08_frame/59.jpg 0 75 91 141 4 128 146 141 0 165 93 147 0 134 48 71
videos.hw01/08_frame/60.jpg 0 163 136 83 0 104 100 203 0 168 104 70 0 173 101 63
videos.hw01/08_frame/61.jpg 0 77 55 94 2 94 75 212 0 101 121 272 0 87 29 109
videos.hw01/08_frame/62.jpg 0 225 173 75 8 137 109 99 0 193 66 159 0 278 72 61
videos.hw01/08_frame/63.jpg 0 283 250 99 0 89 147 120 0 140 102 164 0 372 52 53
videos.hw01/08_frame/64.jpg 0 341 398 182 0 164 162 229 0 226 193 131 0 532 93 129
videos.hw01/08_frame/65.jpg 0 221 491 91 0 242 138 181 0 260 109 137 0 582 82 87
videos.hw01/08_frame/66.jpg 0 71 60 76 0 145 34 122 0 94 53 80 0 55 44 93
videos.hw01/08_frame/67.jpg 0 247 560 179 0 256 266 149 0 238 162 156 0 481 111 126
videos.hw01/08_frame/68.jpg 0 126 233 79 2 144 279 164 0 299 167 93 0 402 102 122
videos.hw01/08_frame/69.jpg 0 197 649 108 0 323 350 185 0 335 204 152 0 608 125 110
videos.hw01/08_frame/70.jpg 0 165 628 85 2 404 389 207 0 536 319 143 0 618 164 143
videos.hw01/08_frame/71.jpg 0 57 61 106 0 102 134 144 0 93 79 105 0 104 50 113
videos.hw01/08_frame/72.jpg 0 230 843 135 6 699 598 213 0 820 488 160 0 639 215 96
videos.hw01/08_frame/73.jpg 0 604 744 97 8 709 1138 169 0 1142 793 131 0 1256 367 81
videos.hw01/08_frame/74.jpg 0 872 1458 209 12 1508 1330 144 8 1482 1103 159 0 1025 576 186
videos.hw01/08_frame/75.jpg 0 1050 1561 168 210 1813 1115 481 192 1270 919 184 0 1971 1025 197
videos.hw01/08_frame/76.jpg 0 79 138 76 6 55 185 160 22 85 101 169 0 92 60 127
videos.hw01/08_frame/77.jpg 82 3165 2280 1920 2786 1940 1470 636 2974 1647 1840 454 1370 1990 2549 188
videos.hw01/08_frame/78.jpg 5176 3578 2582 4549 5742 1297 1289 678 5776 1424 1885 860 4796 1766 4243 3520
videos.hw01/08_frame/79.jpg 7048 1844 2714 3104 5673 1849 1796 2205 5937 1362 1930 3358 4877 1329 3362 6135
videos.hw01/08_frame/80.jpg 4051 3314 2241 5883 1353 370 460 982 3989 55 364 3900 2213 1853 4207 4296
videos.hw01/08_frame/81.jpg 178 30 14 210 91 6 17 118 96 11 2 215 159 18 32 152
videos.hw01/08_frame/82.jpg 7680 4464 3606 6677 6129 2561 2940 5643 6960 3414 2045 4287 7666 1145 2345 8511
videos.hw01/08_frame/83.jpg 7909 5956 5493 8123 8364 3292 4782 8275 8072 6300 3744 8033 7807 2779 1930 8118
videos.hw01/08_frame/84.jpg 2446 3583 3448 816 6394 2555 2590 2078 6354 4965 2344 2487 2602 2612 1783 651
videos.hw01/08_frame/85.jpg 37 102 115 136 29 188 119 143 92 219 190 91 51 286 677 50
videos.hw01/08_frame/86.jpg 32 106 251 5 46 200 121 11 37 149 341 39 6 414 159 47
videos.hw01/08_frame/87.jpg 47 409 253 50 43 507 254 48 83 310 415 134 26 428 694 132
videos.hw01/08_frame/88.jpg 58 188 183 11 24 210 205 12 75 261 449 54 62 415 658 33
videos.hw01/08_frame/89.jpg 80 382 274 10 64 626 296 38 126 112 385 70 28 335 1119 32
videos.hw01/08_frame/90.jpg 36 318 258 9 68 195 279 26 84 345 329 62 9 621 758 97
videos.hw01/08_frame/91.jpg 7 253 101 5 14 341 147 11 33 143 173 19 46 207 281 8
videos.hw01/08_frame/92.jpg 34 282 392 65 86 306 348 41 57 161 555 128 73 278 400 78
videos.hw01/08_frame/93.jpg 74 157 95 6 44 249 365 30 64 125 205 72 87 345 277 23
videos.hw01/08_frame/94.jpg 47 209 141 44 62 213 250 36 128 120 566 53 194 187 389 40
videos.hw01/08_frame/95.jpg 36 228 302 15 51 491 425 49 63 250 495 102 188 425 890 28
videos.hw01/08_frame/96.jpg 25 122 176 48 47 184 82 1 30 34 162 48 34 102 202 20
videos.hw01/08_frame/97.jpg 111 269 145 39 86 334 300 39 42 150 645 61 101 452 426 102
videos.hw01/08_frame/98.jpg 42 221 213 11 64 658 801 27 83 177 527 84 101 390 286 29
videos.hw01/08_frame/99.jpg 56 3026 2705 13 250 2475 3607 39 169 4173 2759 86 139 437 89 70
videos.hw01/08_frame/100.jpg 108 2321 2489 9 215 1833 2346 102 170 3640 2930 162 97 398 458 13
videos.hw01/08_frame/101.jpg 32 403 240 0 26 221 148 5 27 210 112 26 19 64 132 22
videos.hw01/08_frame/102.jpg 75 1223 1037 11 61 391 499 3 81 887 623 70 91 378 143 52
videos.hw01/08_frame/103.jpg 70 1189 627 9 80 924 972 25 136 1518 1574 52 116 375 352 40
videos.hw01/08_frame/104.jpg 61 2050 2049 33 160 1343 1608 17 123 2289 2799 141 188 424 849 97
videos.hw01/08_frame/105.jpg 52 1477 944 7 228 1053 1908 27 87 1845 3487 129 93 351 729 77
videos.hw01/08_frame/106.jpg 28 304 269 5 26 252 207 13 50 316 242 30 50 107 243 38
videos.hw01/08_frame/107.jpg 60 756 897 70 66 1092 1065 36 117 965 2239 105 138 354 734 121
videos.hw01/08_frame/108.jpg 69 186 272 80 66 268 404 5 101 672 494 57 106 228 445 17
videos.hw01/08_frame/109.jpg 849 9110 8986 1062 798 6069 5938 1093 328 1892 3661 1104 306 6205 8982 1058
videos.hw01/08_frame/110.jpg 0 0 2 42 52 1230 671 124 86 807 428 22 58 161 56 0
videos.hw01/08_frame/111.jpg 2 22 12 20 12 47 118 14 21 108 31 2 32 73 18 0
videos.hw01/08_frame/112.jpg 0 22 318 36 92 1336 666 120 73 1010 306 36 75 184 47 0
videos.hw01/08_frame/113.jpg 0 12 0 0 113 1411 747 68 122 490 289 4 104 188 54 0
videos.hw01/08_frame/114.jpg 0 0 90 14 100 819 1375 102 91 494 468 76 73 179 72 0
videos.hw01/08_frame/115.jpg 0 0 102 52 117 901 998 90 83 698 726 36 82 304 18 0
videos.hw01/08_frame/116.jpg 0 30 6 10 12 54 219 18 35 66 39 12 23 32 14 0
videos.hw01/08_frame/117.jpg 0 10 38 122 179 1099 1024 60 208 647 414 34 102 278 22 0
videos.hw01/08_frame/118.jpg 0 12 8 20 162 1008 846 70 137 852 141 10 189 254 18 0
videos.hw01/08_frame/119.jpg 10 34 38 64 225 1406 1204 104 55 454 636 28 135 290 12 0
videos.hw01/08_frame/120.jpg 636 6038 368 40 123 2142 2893 104 76 374 350 22 70 351 8 0
videos.hw01/08_frame/121.jpg 26 1300 230 90 42 125 267 62 45 116 66 30 38 63 0 0
videos.hw01/08_frame/122.jpg 2 1462 2024 136 187 945 1559 485 85 710 135 38 55 333 6 0
videos.hw01/08_frame/123.jpg 102 538 210 2 138 720 951 149 90 946 409 24 75 383 0 0
videos.hw01/08_frame/124.jpg 86 1836 1655 312 106 1445 1300 181 115 819 255 92 74 366 0 0
videos.hw01/08_frame/125.jpg 46 767 1770 236 14 1267 745 172 102 552 338 116 64 159 0 0
videos.hw01/08_frame/126.jpg 0 62 162 8 0 62 114 4 20 71 82 28 26 28 0 0
videos.hw01/08_frame/127.jpg 58 862 2572 270 34 829 862 215 162 694 535 80 63 366 0 0
videos.hw01/08_frame/128.jpg 80 912 1751 244 0 641 668 232 92 802 595 282 80 399 0 0
videos.hw01/08_frame/129.jpg 50 807 3456 371 0 1315 1476 421 98 741 327 148 72 395 0 0
videos.hw01/08_frame/130.jpg 22 1185 1440 236 4 610 1394 475 128 807 484 156 83 423 0 0
videos.hw01/08_frame/131.jpg 10 201 28 27 22 174 74 38 24 165 36 4 23 32 0 0
videos.hw01/08_frame/132.jpg 54 835 1576 162 54 978 569 459 70 1805 672 252 169 808 0 0
videos.hw01/08_frame/133.jpg 140 1143 1390 203 44 1563 772 81 82 713 306 230 100 2291 338 0
videos.hw01/08_frame/134.jpg 70 2074 1819 323 12 3431 1395 126 98 2536 860 232 140 1468 510 0
videos.hw01/08_frame/135.jpg 52 2552 1546 120 382 3224 1418 119 402 3871 1457 228 72 1045 154 0
videos.hw01/08_frame/136.jpg 4 703 56 6 34 70 25 14 38 86 134 28 19 38 4 0
videos.hw01/08_frame/137.jpg 864 4079 2111 666 898 4302 2996 497 1080 4436 2794 538 326 2881 1474 0
videos.hw01/08_frame/138.jpg 22 357 166 10 64 883 181 0 16 260 151 0 191 325 80 0
videos.hw01/08_frame/139.jpg 42 364 676 22 178 418 133 20 24 77 158 2 125 244 95 0
videos.hw01/08_frame/140.jpg 48 194 144 18 44 449 45 20 26 148 146 18 124 188 134 0
videos.hw01/08_frame/141.jpg 20 120 100 18 2 182 59 4 6 36 102 8 8 41 55 0
videos.hw01/08_frame/142.jpg 56 379 106 14 84 441 110 8 16 249 102 18 296 499 160 0
videos.hw01/08_frame/143.jpg 4 159 186 14 22 258 60 4 276 75 103 6 40 854 122 0
videos.hw01/08_frame/144.jpg 100 403 228 36 196 267 51 32 276 345 247 32 231 144 220 0
videos.hw01/08_frame/145.jpg 28 396 236 30 180 5724 148 10 86 594 380 18 227 1834 412 0
videos.hw01/08_frame/146.jpg 26 74 56 40 38 49 40 10 6 34 229 36 20 85 92 0
videos.hw01/08_frame/147.jpg 100 576 358 16 322 5318 48 44 146 270 1298 14 200 1966 343 0
videos.hw01/08_frame/148.jpg 80 248 386 42 92 665 176 30 36 306 636 2 24 263 178 0
videos.hw01/08_frame/149.jpg 162 460 130 52 60 525 287 2 70 188 335 54 64 716 364 0
videos.hw01/08_frame/150.jpg 254 590 636 56 92 496 161 4 32 193 192 54 70 396 402 0
videos.hw01/08_frame/151.jpg 96 126 120 0 104 744 29 2 22 63 24 26 51 51 32 0
videos.hw01/08_frame/152.jpg 500 2390 936 48 520 2401 231 6 124 562 458 58 195 2586 596 0
videos.hw01/08_frame/153.jpg 100 756 342 0 264 1334 70 4 94 330 177 12 263 1247 194 0
videos.hw01/08_frame/154.jpg 460 1854 128 70 356 2791 130 58 106 387 134 50 444 3809 538 0
videos.hw01/08_frame/155.jpg 414 1704 16 102 466 3061 46 196 24 282 168 38 496 1916 281 0
videos.hw01/08_frame/156.jpg 2 814 10 38 4 845 6 76 14 46 32 32 16 234 60 0
videos.hw01/08_frame/157.jpg 0 492 26 194 38 952 40 182 68 419 184 68 364 1935 204 0
videos.hw01/08_frame/158.jpg 0 0 26 6 26 700 0 2 0 364 28 0 322 1574 126 0
videos.hw01/08_frame/159.jpg 0 0 0 0 6 298 0 0 0 346 110 0 276 1390 100 0
videos.hw01/08_frame/160.jpg 0 0 0 0 0 138 0 0 0 326 0 0 0 644 0 0
videos.hw01/08_frame/161.jpg 0 0 0 0 0 0 0 0 0 0 0 0 0 0 0 0
videos.hw01/08_frame/162.jpg 2598 64 1182 3430 8486 8382 7640 8754 5898 7578 7952 9260 4548 5402 1968 4220
videos.hw01/08_frame/163.jpg 2060 2842 1201 2084 7683 7916 6653 6489 6346 4248 6691 8071 4467 2171 3050 2708
videos.hw01/08_frame/164.jpg 45 24 44 55 321 272 227 215 194 259 394 207 94 412 569 440
videos.hw01/08_frame/165.jpg 44 184 156 103 338 349 291 147 318 475 481 283 207 1031 2557 416
videos.hw01/08_frame/166.jpg 65 12 44 144 38 34 20 40 85 107 42 134 46 50 109 126
videos.hw01/08_frame/167.jpg 49 30 120 101 282 460 356 200 408 1359 680 441 304 942 2024 806
videos.hw01/08_frame/168.jpg 94 46 84 86 392 497 332 239 544 1035 1545 1480 331 1063 2726 1054
videos.hw01/08_frame/169.jpg 91 130 189 148 1836 3806 3457 1720 755 2346 2753 2545 514 1376 904 959
videos.hw01/08_frame/170.jpg 7334 8028 1200 4540 7998 6126 7997 4496 364 2275 2529 3836 583 2247 1396 1797
videos.hw01/08_frame/171.jpg 140 44 34 65 20 28 66 122 40 55 46 141 12 101 50 55
videos.hw01/08_frame/172.jpg 7326 7082 1192 5062 1203 1431 2006 1917 325 937 868 2126 184 347 720 999
videos.hw01/08_frame/173.jpg 4151 1758 835 559 155 957 519 779 251 486 586 949 326 292 469 470
videos.hw01/08_frame/174.jpg 299 141 72 132 322 238 238 198 260 130 233 317 408 380 193 193
videos.hw01/08_frame/175.jpg 679 373 96 272 279 288 261 381 226 264 249 701 330 364 409 404
videos.hw01/08_frame/176.jpg 61 172 32 46 242 127 60 93 154 85 109 158 100 162 108 118
videos.hw01/08_frame/177.jpg 351 138 132 203 558 281 168 243 175 164 155 257 168 130 94 222
videos.hw01/08_frame/178.jpg 1258 112 145 197 961 106 111 169 182 202 252 291 32 26 322 742
videos.hw01/08_frame/179.jpg 8 56 14 28 16 40 29 36 26 24 63 121 10 26 24 62
videos.hw01/08_frame/180.jpg 6689 4237 6242 6873 3791 3425 5048 3747 2264 3873 2520 2988 1665 3138 3632 4733
videos.hw01/08_frame/181.jpg 52 82 64 104 34 44 116 86 41 88 68 95 16 78 131 90
videos.hw01/08_frame/182.jpg 28 84 151 282 15 200 213 188 1025 1047 312 185 54 198 155 100
videos.hw01/08_frame/183.jpg 23 98 91 117 9 130 208 117 391 1210 566 120 22 74 161 20
videos.hw01/08_frame/184.jpg 53 79 181 183 716 78 193 131 507 1089 924 89 56 27 106 32
videos.hw01/08_frame/185.jpg 22 16 25 30 17 63 52 44 20 54 31 70 12 96 42 6
videos.hw01/08_frame/186.jpg 15 36 89 117 55 93 86 85 41 76 146 53 30 36 95 70
videos.hw01/08_frame/187.jpg 20 48 101 153 1061 169 200 1441 700 127 1032 528 51 78 175 36
videos.hw01/08_frame/188.jpg 18 1274 183 204 959 2821 239 1285 373 163 235 346 26 94 79 92
videos.hw01/08_frame/189.jpg 155 1586 1547 637 495 3837 1960 1622 1402 3514 2213 775 4083 5754 3050 1370
videos.hw01/08_frame/190.jpg 35 8 43 54 22 20 34 50 10 14 56 70 15 36 16 6
videos.hw01/08_frame/191.jpg 119 158 88 103 218 389 77 373 109 104 100 150 68 116 116 354
videos.hw01/08_frame/192.jpg 205 985 1308 627 902 1507 1700 1325 1397 3726 2545 763 4555 5854 3086 950
videos.hw01/08_frame/193.jpg 770 401 189 475 675 230 301 1410 284 452 174 674 936 1065 148 56
videos.hw01/08_frame/194.jpg 889 2494 1507 1795 392 428 322 1199 210 689 2014 298 521 2456 1302 116
videos.hw01/08_frame/195.jpg 1069 619 788 1808 816 1429 601 2548 629 1509 1129 1111 792 1163 1673 484
videos.hw01/08_frame/196.jpg 461 229 180 300 322 648 307 335 128 664 291 125 404 1166 405 272
videos.hw01/08_frame/197.jpg 1562 4433 2273 3485 3456 3860 905 4154 3780 1862 2757 2935 1788 2538 3192 926
videos.hw01/08_frame/198.jpg 1902 2941 1192 2334 6861 1123 825 2980 6382 1440 609 3683 2192 1667 540 194
videos.hw01/08_frame/199.jpg 2716 4272 2854 2928 7824 4560 2028 3494 7462 3034 2116 1300 3460 3620 2902 512
videos.hw01/08_frame/200.jpg 3308 3710 2906 3980 7134 3554 2100 3258 7258 4700 1596 1954 3016 4866 2176 168
videos.hw01/08_frame/201.jpg 710 138 630 666 158 206 632 828 174 864 406 424 420 934 78 66
videos.hw01/08_frame/202.jpg 2908 3064 3918 6152 7170 400 3300 5350 6698 1162 1256 422 2228 458 94 40
videos.hw01/08_frame/203.jpg 2196 3046 1712 362 7114 122 896 32 6714 406 530 10 1930 408 0 0
videos.hw01/08_frame/204.jpg 4984 4920 5460 6922 5132 4800 4800 5656 8186 4864 4800 5632 8768 7011 7769 8929
videos.hw01/08_frame/205.jpg 88 0 750 692 90 0 0 287 367 21 0 451 443 340 495 835
videos.hw01/08_frame/206.jpg 169 0 17 57 20 0 0 165 352 1 0 100 147 95 336 200
videos.hw01/08_frame/207.jpg 696 21 1387 1540 254 5 785 1793 815 596 311 759 2797 1893 1796 1727
videos.hw01/08_frame/208.jpg 137 166 2948 2215 81 256 2792 1708 91 157 182 290 982 1367 347 890
videos.hw01/08_frame/209.jpg 208 146 1015 552 54 502 1053 112 406 255 628 678 397 286 765 862
videos.hw01/08_frame/210.jpg 260 194 497 436 155 675 941 72 488 251 764 558 386 181 497 496
videos.hw01/08_frame/211.jpg 27 5 15 28 147 99 36 17 124 83 68 122 86 81 123 212
videos.hw01/08_frame/212.jpg 183 66 223 367 109 649 1574 133 123 700 748 291 376 228 439 372
videos.hw01/08_frame/213.jpg 66 0 150 235 9 631 540 240 95 882 746 209 194 79 144 165
videos.hw01/08_frame/214.jpg 253 0 192 113 122 1177 566 304 92 753 574 207 60 168 444 185
videos.hw01/08_frame/215.jpg 31 0 136 62 97 602 431 274 280 798 335 185 158 364 585 224
videos.hw01/08_frame/216.jpg 5 0 11 25 4 48 102 38 24 87 74 29 54 18 54 40
videos.hw01/08_frame/217.jpg 25 0 74 54 51 103 227 117 219 275 270 67 201 174 110 61
videos.hw01/08_frame/218.jpg 20 8 85 67 18 149 198 156 107 358 210 77 107 156 240 60
videos.hw01/08_frame/219.jpg 19 0 70 97 32 125 195 227 127 377 162 42 110 319 252 110
videos.hw01/08_frame/220.jpg 14 0 152 143 52 111 184 202 173 370 312 248 194 264 193 31
videos.hw01/08_frame/221.jpg 28 0 18 11 35 65 165 51 49 166 41 16 12 61 42 39
videos.hw01/08_frame/222.jpg 83 0 123 126 33 168 208 279 120 447 416 110 374 216 81 96
videos.hw01/08_frame/223.jpg 6 0 88 128 2 132 337 248 125 286 425 112 223 275 113 17
videos.hw01/08_frame/224.jpg 15 0 100 163 0 134 572 175 83 289 595 84 206 366 276 58
videos.hw01/08_frame/225.jpg 44 10 257 142 23 394 1779 918 122 602 876 140 403 623 727 94
videos.hw01/08_frame/226.jpg 27 0 21 9 119 43 80 33 71 46 40 25 93 57 45 47
videos.hw01/08_frame/227.jpg 159 481 600 275 567 2367 2196 2228 531 2316 1945 107 383 590 227 121
videos.hw01/08_frame/228.jpg 2253 3403 956 818 4083 3598 4422 1804 6592 3299 1518 145 725 1241 123 25
videos.hw01/08_frame/229.jpg 3866 4440 2070 3625 5546 5556 3505 3664 4839 2357 798 2430 5644 2968 2873 2508
videos.hw01/08_frame/230.jpg 2766 2378 1663 1152 4059 1497 0 52 1142 0 0 127 228 31 44 67
videos.hw01/08_frame/231.jpg 126 68 4 61 77 0 0 57 135 0 0 191 199 10 0 179
videos.hw01/08_frame/232.jpg 5536 3405 3008 2891 4598 3593 3201 3457 5386 4239 4121 4446 7768 5317 4525 5283
videos.hw01/08_frame/233.jpg 123 111 131 79 177 110 126 283 178 211 266 68 397 398 874 644
videos.hw01/08_frame/234.jpg 142 265 141 147 461 327 222 482 777 240 294 586 640 985 340 458
videos.hw01/08_frame/235.jpg 228 204 196 147 177 493 390 673 1007 594 704 179 722 811 1440 388
videos.hw01/08_frame/236.jpg 107 134 121 60 315 68 77 236 324 54 73 466 162 107 279 154
videos.hw01/08_frame/237.jpg 226 233 176 284 190 294 300 662 456 226 905 419 677 1281 869 547
videos.hw01/08_frame/238.jpg 78 40 75 132 251 129 75 492 627 1074 450 239 420 408 399 541
videos.hw01/08_frame/239.jpg 168 229 197 96 585 227 264 380 484 782 471 512 292 1794 708 425
videos.hw01/08_frame/240.jpg 168 177 133 242 364 274 378 817 459 825 536 411 936 1550 1017 491
videos.hw01/08_frame/241.jpg 126 156 150 109 133 81 123 78 90 89 62 204 312 147 232 158
videos.hw01/08_frame/242.jpg 271 334 185 117 585 358 876 930 744 1002 620 470 561 702 529 1036
videos.hw01/08_frame/243.jpg 160 123 209 184 752 370 181 935 892 1038 550 501 233 983 723 1464
videos.hw01/08_frame/244.jpg 542 262 187 144 715 412 425 531 1483 887 456 408 1031 433 1937 1537
videos.hw01/08_frame/245.jpg 645 215 152 284 669 548 422 504 1328 628 325 797 555 460 1741 488
videos.hw01/08_frame/246.jpg 102 70 140 38 175 50 117 335 421 66 171 47 173 117 66 77
videos.hw01/08_frame/247.jpg 445 279 339 498 1132 461 250 928 412 360 575 986 450 1431 807 521
videos.hw01/08_frame/248.jpg 307 233 429 238 984 435 236 537 852 514 1241 1187 334 2585 961 1212
videos.hw01/08_frame/249.jpg 136 233 403 432 1562 303 363 362 1380 1179 1456 997 344 1302 431 1001
videos.hw01/08_frame/250.jpg 4720 5256 2046 2300 1928 4631 4649 3309 1663 1994 4089 4047 3675 4499 3109 4866
videos.hw01/08_frame/251.jpg 53 51 91 143 92 46 45 99 44 67 51 145 76 61 67 118
videos.hw01/08_frame/252.jpg 541 566 332 308 137 384 248 238 228 309 233 340 146 273 237 475
videos.hw01/08_frame/253.jpg 543 692 438 257 246 494 306 429 268 286 294 379 136 223 213 352
videos.hw01/08_frame/254.jpg 221 463 315 321 128 557 147 252 311 280 234 649 170 168 306 409
videos.hw01/08_frame/255.jpg 124 699 298 360 44 458 361 432 243 228 323 458 231 275 347 433
videos.hw01/08_frame/256.jpg 18 72 115 146 48 80 41 159 58 34 120 233 100 81 85 232
videos.hw01/08_frame/257.jpg 84 613 212 554 93 429 481 399 252 542 433 407 171 260 478 619
videos.hw01/08_frame/258.jpg 112 298 141 494 49 918 867 418 258 315 602 379 154 257 311 257
videos.hw01/08_frame/259.jpg 40 214 253 360 124 726 1035 349 215 220 532 333 142 186 278 404
videos.hw01/08_frame/260.jpg 114 409 839 331 155 432 722 450 195 149 764 404 222 155 225 527
videos.hw01/08_frame/261.jpg 32 75 109 84 109 58 45 91 112 96 113 177 49 42 99 69
videos.hw01/08_frame/262.jpg 198 194 479 219 489 205 413 313 283 212 474 389 368 128 212 321
videos.hw01/08_frame/263.jpg 88 215 391 123 70 254 313 391 127 196 378 273 163 234 231 190
videos.hw01/08_frame/264.jpg 48 194 321 184 59 166 391 215 151 159 190 273 167 145 170 323
videos.hw01/08_frame/265.jpg 64 95 359 63 66 80 267 259 184 106 209 203 186 56 123 252
videos.hw01/08_frame/266.jpg 60 64 155 87 163 36 117 150 229 47 89 112 254 47 61 105
videos.hw01/08_frame/267.jpg 102 200 187 341 98 53 192 253 104 194 218 344 197 164 241 120
videos.hw01/08_frame/268.jpg 50 142 103 130 30 67 134 272 137 180 136 232 117 142 183 207
videos.hw01/08_frame/269.jpg 76 236 102 132 114 175 234 391 146 142 171 312 111 143 180 180
videos.hw01/08_frame/270.jpg 74 134 123 247 219 115 279 169 261 157 136 334 195 168 158 283
videos.hw01/08_frame/271.jpg 74 90 142 75 39 45 125 92 40 71 87 152 24 79 80 105
videos.hw01/08_frame/272.jpg 98 102 254 98 112 148 164 163 143 90 174 189 178 188 155 132
videos.hw01/08_frame/273.jpg 154 117 158 47 74 123 190 83 265 97 212 102 158 176 181 125
videos.hw01/08_frame/274.jpg 44 169 170 100 47 130 181 74 164 202 206 261 204 149 166 110
videos.hw01/08_frame/275.jpg 2074 2012 5193 5628 3853 3279 1152 2760 3600 1909 3327 3814 4777 2908 3100 1834
videos.hw01/08_frame/276.jpg 0 56 127 86 2 70 96 130 73 107 67 166 25 87 92 153
videos.hw01/08_frame/277.jpg 8 289 124 138 120 446 251 255 974 659 391 134 200 204 132 224
videos.hw01/08_frame/278.jpg 2 120 66 98 2 265 243 87 439 459 121 92 210 179 89 120
videos.hw01/08_frame/279.jpg 156 153 163 179 72 1698 453 78 253 946 441 86 430 371 111 157
videos.hw01/08_frame/280.jpg 0 143 76 40 52 944 234 58 511 419 115 93 180 144 43 33
videos.hw01/08_frame/281.jpg 0 53 66 31 6 158 75 52 44 101 141 37 23 57 43 13
videos.hw01/08_frame/282.jpg 35 140 223 92 1168 570 126 121 1593 675 299 63 272 427 145 74
videos.hw01/08_frame/283.jpg 19 177 103 82 907 485 102 35 854 316 164 97 249 332 76 79
videos.hw01/08_frame/284.jpg 423 236 277 120 1301 478 301 166 796 599 354 140 146 173 105 220
videos.hw01/08_frame/285.jpg 207 175 88 54 251 336 200 141 441 260 164 246 157 335 81 89
videos.hw01/08_frame/286.jpg 21 116 149 97 67 130 99 62 115 186 97 79 57 42 134 142
videos.hw01/08_frame/287.jpg 78 172 253 248 381 471 307 328 436 875 342 315 244 588 128 203
videos.hw01/08_frame/288.jpg 3239 4309 5145 6074 4684 3716 4561 5023 3993 3061 4871 5874 3652 1050 1800 3708
videos.hw01/08_frame/289.jpg 2732 3002 722 560 1435 3167 709 1318 2220 3752 834 1084 1776 518 526 489
videos.hw01/08_frame/290.jpg 2051 807 272 230 1389 1773 320 1112 2659 1118 550 1816 1193 417 664 1394
videos.hw01/08_frame/291.jpg 56 157 300 300 72 22 48 38 100 72 210 102 104 48 12 50
videos.hw01/08_frame/292.jpg 2521 2120 1536 740 1788 1843 1254 1198 1318 2146 1444 2476 1162 2722 499 3750
videos.hw01/08_frame/293.jpg 1101 1950 266 200 532 1215 1202 603 1025 861 899 480 401 900 804 890
videos.hw01/08_frame/294.jpg 4621 2576 2655 430 2519 1884 3713 1429 2689 1172 1299 518 4538 3525 606 636
videos.hw01/08_frame/295.jpg 3314 1715 2234 1498 2443 1111 1083 942 1040 1255 772 306 6143 2480 2528 725
videos.hw01/08_frame/296.jpg 80 68 67 50 95 43 62 96 93 94 57 135 144 47 51 108
videos.hw01/08_frame/297.jpg 5070 2742 2161 2923 3152 1408 825 1148 1816 1452 1172 996 3607 1440 1896 1791
videos.hw01/08_frame/298.jpg 487 928 514 581 415 330 294 559 416 730 191 427 347 815 275 505
videos.hw01/08_frame/299.jpg 637 1455 594 800 245 399 211 632 415 791 735 673 114 593 1015 1064
videos.hw01/08_frame/300.jpg 217 769 388 158 219 234 210 376 171 370 137 276 171 229 341 449
videos.hw01/08_frame/301.jpg 21 70 125 103 26 98 72 101 31 165 571 226 9 92 207 138
videos.hw01/08_frame/302.jpg 444 718 514 287 178 145 344 228 175 406 308 315 205 275 409 356
videos.hw01/08_frame/303.jpg 188 3058 1932 4354 2585 2795 1835 2315 3608 3771 2310 2200 442 1536 1771 1523
videos.hw01/08_frame/304.jpg 28 228 154 124 122 145 199 137 88 101 187 325 111 87 142 262
videos.hw01/08_frame/305.jpg 41 453 161 186 204 453 269 237 137 301 226 373 80 221 457 415
videos.hw01/08_frame/306.jpg 22 119 65 46 48 213 80 128 0 134 55 97 28 186 128 128
videos.hw01/08_frame/307.jpg 73 455 209 104 116 900 201 245 114 610 424 984 59 443 458 514
videos.hw01/08_frame/308.jpg 97 259 194 152 272 582 177 140 137 701 488 1707 70 686 721 391
videos.hw01/08_frame/309.jpg 132 585 290 198 193 625 280 212 168 515 1085 1537 69 198 682 265
videos.hw01/08_frame/310.jpg 139 1561 524 417 331 741 264 343 128 891 840 295 131 1516 847 425
videos.hw01/08_frame/311.jpg 26 110 119 127 52 130 105 109 10 138 64 39 35 146 119 75
videos.hw01/08_frame/312.jpg 212 124 185 285 415 301 195 309 136 541 133 294 66 369 433 203
videos.hw01/08_frame/313.jpg 110 312 110 57 189 233 177 202 146 190 137 155 131 300 279 92
videos.hw01/08_frame/314.jpg 62 436 255 150 213 317 208 266 134 106 218 177 169 420 234 214
videos.hw01/08_frame/315.jpg 40 166 168 265 65 259 134 283 153 148 69 440 129 182 232 303
videos.hw01/08_frame/316.jpg 32 46 54 41 48 122 109 132 20 115 47 48 35 96 215 62
videos.hw01/08_frame/317.jpg 55 259 201 126 71 178 137 319 149 94 177 289 109 184 334 314
videos.hw01/08_frame/318.jpg 2343 5384 4109 5428 2429 2766 2731 1438 7434 2396 1726 2994 3680 6427 2870 2971
videos.hw01/08_frame/319.jpg 10 301 486 331 374 217 280 203 286 429 344 327 908 384 281 324
videos.hw01/08_frame/320.jpg 80 452 470 268 319 284 1020 209 1388 936 1555 439 1120 499 1001 534
videos.hw01/08_frame/321.jpg 22 197 334 186 78 56 162 72 125 149 156 88 178 198 94 100
videos.hw01/08_frame/322.jpg 52 463 670 416 331 146 686 474 503 525 1199 508 2178 1049 1739 415
videos.hw01/08_frame/323.jpg 10 443 334 413 171 231 211 217 173 330 600 420 926 177 685 252
videos.hw01/08_frame/324.jpg 134 521 409 356 274 232 269 245 223 269 598 672 701 174 725 354
videos.hw01/08_frame/325.jpg 100 452 289 348 259 170 466 293 208 415 461 356 281 191 426 311
videos.hw01/08_frame/326.jpg 14 85 157 75 66 102 80 92 79 128 116 111 216 310 94 98
videos.hw01/08_frame/327.jpg 26 414 271 301 234 243 459 397 393 480 662 252 361 505 581 317
videos.hw01/08_frame/328.jpg 60 417 442 299 257 281 336 475 410 463 354 531 512 455 484 333
videos.hw01/08_frame/329.jpg 74 409 217 336 208 222 600 416 284 407 419 335 746 238 666 241
videos.hw01/08_frame/330.jpg 60 401 370 349 241 239 365 354 170 297 275 287 502 411 505 267
videos.hw01/08_frame/331.jpg 18 106 162 80 39 149 113 72 99 216 154 55 119 194 142 110
videos.hw01/08_frame/332.jpg 82 491 337 446 283 263 225 368 397 366 459 445 695 405 612 339
videos.hw01/08_frame/333.jpg 2519 4666 6232 4583 5523 2198 2522 3409 4872 2242 930 2613 3623 6106 2779 4644
videos.hw01/08_frame/334.jpg 23 155 142 86 9 56 247 379 59 132 300 1088 18 97 129 753
videos.hw01/08_frame/335.jpg 32 239 241 90 9 105 236 290 25 147 184 951 0 113 202 1147
videos.hw01/08_frame/336.jpg 0 37 69 56 0 52 69 139 4 20 95 112 4 33 94 110
videos.hw01/08_frame/337.jpg 58 226 314 141 18 117 250 340 87 222 256 468 110 139 365 409
videos.hw01/08_frame/338.jpg 23 123 137 120 20 196 65 105 61 188 251 308 11 65 121 215
videos.hw01/08_frame/339.jpg 37 224 281 323 34 223 173 249 12 308 261 417 55 243 352 222
videos.hw01/08_frame/340.jpg 34 186 145 106 16 156 165 166 26 145 198 197 30 170 195 167
videos.hw01/08_frame/341.jpg 2 73 76 56 12 106 140 67 4 55 121 187 14 70 119 104
videos.hw01/08_frame/342.jpg 44 221 271 80 21 187 409 345 25 188 867 382 14 203 611 404
videos.hw01/08_frame/343.jpg 0 35 260 70 0 55 287 197 0 58 320 499 0 39 551 288
videos.hw01/08_frame/344.jpg 35 370 315 72 19 72 354 295 38 130 161 479 0 232 431 428
videos.hw01/08_frame/345.jpg 30 187 303 60 14 544 220 147 18 370 99 1255 0 216 274 478
videos.hw01/08_frame/346.jpg 20 105 67 26 6 130 123 46 16 108 89 154 0 50 87 211
videos.hw01/08_frame/347.jpg 35 217 134 60 16 484 234 126 27 210 173 1700 6 314 357 760
videos.hw01/08_frame/348.jpg 17 342 162 129 12 292 163 85 100 244 181 827 129 392 233 1786
videos.hw01/08_frame/349.jpg 53 493 240 110 20 467 216 128 95 306 395 49 136 435 413 1221
videos.hw01/08_frame/350.jpg 60 602 334 151 30 443 520 225 80 243 559 154 237 633 282 229
videos.hw01/08_frame/351.jpg 8 91 97 39 15 106 125 50 17 93 86 96 11 115 70 52
videos.hw01/08_frame/352.jpg 69 276 340 115 37 235 159 264 140 191 175 116 245 382 371 267
videos.hw01/08_frame/353.jpg 88 314 305 135 40 231 219 216 155 198 164 132 214 263 214 278
videos.hw01/08_frame/354.jpg 96 338 314 102 59 250 101 277 146 228 123 199 249 237 252 172
videos.hw01/08_frame/355.jpg 48 216 233 140 42 188 154 193 138 197 196 98 246 333 216 119
videos.hw01/08_frame/356.jpg 30 82 62 22 28 63 44 42 33 108 86 38 34 63 73 36
videos.hw01/08_frame/357.jpg 37 123 121 58 39 127 98 97 100 231 65 123 53 172 136 141
videos.hw01/08_frame/358.jpg 66 123 170 43 41 195 347 100 220 174 483 173 129 234 199 102
videos.hw01/08_frame/359.jpg 20 134 136 12 18 143 329 92 26 162 463 124 103 174 126 70
videos.hw01/08_frame/360.jpg 49 134 167 86 17 137 273 75 53 92 173 132 60 195 192 98
videos.hw01/08_frame/361.jpg 47 93 72 41 16 130 290 101 53 98 123 99 60 148 76 104
videos.hw01/08_frame/362.jpg 43 136 145 45 20 157 125 100 74 99 112 64 76 140 112 47
videos.hw01/08_frame/363.jpg 4885 6502 3087 4122 5952 4963 2863 3053 4646 2387 2260 1127 951 2586 2693 2012
videos.hw01/08_frame/364.jpg 4034 4826 5006 8160 2024 2182 1643 2253 2528 2841 4064 3913 4344 4016 3000 4533
videos.hw01/08_frame/365.jpg 4596 5139 3352 2084 2056 2970 2104 3894 1441 1360 5325 4801 2324 4287 6177 4756
videos.hw01/08_frame/366.jpg 20 80 48 105 68 64 30 31 39 74 48 32 288 294 172 324
videos.hw01/08_frame/367.jpg 391 4562 4670 4690 3027 2409 1922 3913 4291 2218 2828 2615 4575 5673 4289 940
videos.hw01/08_frame/368.jpg 3947 4570 4625 3500 2751 776 1250 1495 153 775 714 773 93 4130 4481 4719
videos.hw01/08_frame/369.jpg 754 900 779 442 852 768 1622 1124 4264 1504 2429 2584 1435 1455 1155 1884
videos.hw01/08_frame/370.jpg 2744 3964 1697 1417 1031 580 460 770 225 665 562 651 3895 3468 3476 3493
videos.hw01/08_frame/371.jpg 149 122 158 161 71 61 78 41 25 58 84 156 196 211 125 75
videos.hw01/08_frame/372.jpg 2551 2260 3971 1736 1633 230 1791 923 541 600 530 814 954 1697 1459 2094
videos.hw01/08_frame/373.jpg 1573 758 842 725 431 390 1671 695 506 408 550 506 928 375 497 451
videos.hw01/08_frame/374.jpg 882 1097 759 625 307 162 978 337 514 457 256 323 368 720 834 257
videos.hw01/08_frame/375.jpg 920 1226 1404 1852 608 241 1444 1048 398 268 348 1357 522 1035 1171 177
videos.hw01/08_frame/376.jpg 125 52 256 244 184 145 133 196 54 158 191 145 240 79 76 44
videos.hw01/08_frame/377.jpg 1306 1241 1145 2795 950 423 1179 1571 433 430 623 2161 868 1303 528 559
videos.hw01/08_frame/378.jpg 1080 1207 1126 1684 1020 286 1057 1098 393 247 312 1958 428 490 321 179
videos.hw01/08_frame/379.jpg 918 632 909 1370 1330 272 666 1102 737 428 751 1741 370 613 959 271
videos.hw01/08_frame/380.jpg 1005 596 756 566 929 255 826 676 1090 477 511 300 1050 721 1023 276
videos.hw01/08_frame/381.jpg 82 150 121 170 174 152 245 175 85 106 101 104 118 72 103 222
videos.hw01/08_frame/382.jpg 771 523 526 653 771 202 933 315 453 498 623 489 1252 1079 556 333
videos.hw01/08_frame/383.jpg 544 547 592 483 618 148 545 324 891 392 490 830 440 337 634 288
videos.hw01/08_frame/384.jpg 488 1234 797 540 693 270 692 366 820 334 856 437 744 958 597 223
videos.hw01/08_frame/385.jpg 362 1378 1306 897 881 277 532 431 1069 443 499 1151 862 948 193 293
videos.hw01/08_frame/386.jpg 93 120 218 135 114 167 137 131 58 188 103 123 90 149 169 82
videos.hw01/08_frame/387.jpg 327 1419 1388 967 1156 246 514 518 1121 785 1192 397 660 212 453 743
videos.hw01/08_frame/388.jpg 438 1312 1282 757 1112 271 654 324 1188 415 1349 851 1547 936 626 327
videos.hw01/08_frame/389.jpg 524 979 922 754 982 217 386 514 883 490 768 906 616 833 752 516
videos.hw01/08_frame/390.jpg 819 535 842 644 645 207 358 651 600 375 540 602 747 1135 428 866
videos.hw01/08_frame/391.jpg 232 216 120 35 82 132 163 109 133 332 237 139 74 110 81 119
videos.hw01/08_frame/392.jpg 676 500 828 670 573 204 456 476 571 175 476 565 2301 2840 1985 954
videos.hw01/08_frame/393.jpg 618 554 241 223 488 151 1040 593 609 171 381 317 1255 598 543 1219
videos.hw01/08_frame/394.jpg 710 933 730 353 359 293 1295 854 809 202 666 324 1788 1463 1848 2022
videos.hw01/08_frame/395.jpg 685 1106 477 170 249 273 1190 330 848 381 598 325 2387 2423 2650 2156
videos.hw01/08_frame/396.jpg 142 132 117 16 29 199 166 67 48 102 112 161 164 142 138 182
videos.hw01/08_frame/397.jpg 675 745 430 158 351 337 782 346 996 213 593 300 1036 740 2029 1992
videos.hw01/08_frame/398.jpg 530 455 254 39 424 243 219 222 937 284 644 691 315 625 974 352
videos.hw01/08_frame/399.jpg 573 110 374 78 710 147 257 417 835 182 779 739 922 1500 332 691
videos.hw01/08_frame/400.jpg 586 393 83 30 719 211 490 519 525 225 474 283 945 676 1269 1012
videos.hw01/08_frame/401.jpg 98 214 48 46 56 95 348 120 74 113 118 182 279 154 47 444
videos.hw01/08_frame/402.jpg 534 286 215 36 691 196 699 273 520 286 382 647 614 818 737 1104
videos.hw01/08_frame/403.jpg 474 112 159 22 826 205 447 207 361 264 238 481 1104 409 1165 1310
videos.hw01/08_frame/404.jpg 599 152 212 94 707 451 518 201 251 241 340 663 1731 1693 1248 2051
videos.hw01/08_frame/405.jpg 638 106 376 32 594 202 387 187 550 407 438 343 1738 1435 1239 1722
videos.hw01/08_frame/406.jpg 138 122 249 60 112 188 100 83 122 96 116 78 123 34 92 126
videos.hw01/08_frame/407.jpg 549 213 452 218 565 249 403 174 456 545 884 345 1281 716 729 770
videos.hw01/08_frame/408.jpg 347 227 290 54 478 191 214 106 511 358 894 449 1126 1403 1551 1704
videos.hw01/08_frame/409.jpg 947 724 303 77 824 212 472 327 1081 234 1102 1055 1329 1361 808 1903
videos.hw01/08_frame/410.jpg 2819 1716 2251 1293 2663 616 836 486 2773 378 2065 407 3057 4759 8571 8124
videos.hw01/08_frame/411.jpg 27 29 77 79 52 74 88 109 74 63 54 172 35 19 147 52
videos.hw01/08_frame/412.jpg 1527 5046 3407 3019 3245 1070 2668 1669 2718 439 1006 688 4368 3524 1311 240
videos.hw01/08_frame/413.jpg 6403 6791 4518 4142 2044 1602 1509 1449 1880 849 2076 1974 2850 2318 4326 4746
videos.hw01/08_frame/414.jpg 4708 4735 4411 3476 3234 4045 2902 2189 2751 3749 2878 1383 2656 4163 3180 4612
videos.hw01/08_frame/415.jpg 2445 459 969 2153 2087 266 793 3286 1517 2943 1015 3227 2341 3401 1651 3053
videos.hw01/08_frame/416.jpg 54 153 27 68 86 42 34 44 41 200 85 47 81 78 69 103
videos.hw01/08_frame/417.jpg 902 87 155 616 1330 780 1959 1344 678 745 1232 1894 963 1363 1048 1042
videos.hw01/08_frame/418.jpg 1462 388 317 1032 1310 1437 2985 2715 1038 754 1796 3450 1875 2414 1861 1157
videos.hw01/08_frame/419.jpg 2307 2858 737 2141 1737 2412 5002 3590 1252 1518 2987 3711 2661 4836 3002 1618
videos.hw01/08_frame/420.jpg 1270 3141 2912 2654 876 1617 3360 2326 1164 908 1859 1951 1791 1654 986 1337
videos.hw01/08_frame/421.jpg 154 110 65 182 211 138 99 70 164 246 162 110 153 128 142 165
videos.hw01/08_frame/422.jpg 210 346 309 415 260 336 259 416 107 344 317 152 226 96 106 626
videos.hw01/08_frame/423.jpg 276 255 436 438 189 256 108 408 250 267 281 97 84 110 137 224
videos.hw01/08_frame/424.jpg 214 308 413 506 224 258 219 82 127 335 188 167 90 124 214 465
videos.hw01/08_frame/425.jpg 150 265 533 468 159 295 97 118 181 456 198 293 107 256 351 426
videos.hw01/08_frame/426.jpg 86 94 53 124 107 94 101 32 112 135 122 59 82 107 158 107
videos.hw01/08_frame/427.jpg 182 369 342 383 268 347 283 326 193 299 402 419 86 308 246 449
videos.hw01/08_frame/428.jpg 98 260 380 383 156 490 396 216 214 281 318 154 155 310 208 378
videos.hw01/08_frame/429.jpg 176 306 576 342 201 277 443 356 280 335 516 501 133 314 233 219
videos.hw01/08_frame/430.jpg 190 339 200 314 187 306 261 198 179 247 254 201 166 292 189 359
videos.hw01/08_frame/431.jpg 178 127 109 90 166 130 112 198 119 196 138 187 58 101 185 129
videos.hw01/08_frame/432.jpg 304 411 140 202 184 184 227 416 172 285 401 209 93 92 207 267
videos.hw01/08_frame/433.jpg 192 349 173 258 169 191 236 238 189 452 308 175 140 182 186 306
videos.hw01/08_frame/434.jpg 102 275 336 236 159 235 144 162 143 260 538 397 59 146 221 449
videos.hw01/08_frame/435.jpg 100 438 182 278 300 298 198 212 193 264 446 276 82 156 264 740
videos.hw01/08_frame/436.jpg 112 271 109 178 238 127 59 84 213 209 134 105 124 59 86 158
videos.hw01/08_frame/437.jpg 266 390 447 210 172 298 170 138 233 374 487 250 218 512 196 461
videos.hw01/08_frame/438.jpg 150 160 209 410 175 356 138 220 228 210 357 308 182 143 175 427
videos.hw01/08_frame/439.jpg 2628 4969 3285 3034 5039 4786 5660 6812 3515 1983 3238 1420 2805 2871 1691 5242
videos.hw01/08_frame/440.jpg 80 489 292 382 70 364 346 322 233 375 273 398 366 328 237 658
videos.hw01/08_frame/441.jpg 42 50 118 78 18 77 111 223 71 185 117 162 153 116 60 54
videos.hw01/08_frame/442.jpg 194 281 150 393 42 355 241 259 308 223 200 1016 126 471 323 266
videos.hw01/08_frame/443.jpg 163 357 364 317 64 211 481 307 160 220 173 954 156 269 271 722
videos.hw01/08_frame/444.jpg 122 246 166 364 46 385 422 349 205 343 232 140 155 287 402 956
videos.hw01/08_frame/445.jpg 304 536 481 644 38 281 524 329 164 269 338 316 88 381 385 998
videos.hw01/08_frame/446.jpg 74 73 117 334 14 73 130 217 166 128 115 83 59 121 143 152
videos.hw01/08_frame/447.jpg 262 522 429 574 78 189 459 284 163 306 265 658 230 286 168 1450
videos.hw01/08_frame/448.jpg 146 209 272 371 78 277 345 469 92 242 327 938 87 283 282 1068
videos.hw01/08_frame/449.jpg 555 769 434 982 60 225 618 553 125 299 316 537 194 341 225 916
videos.hw01/08_frame/450.jpg 198 521 286 617 98 543 390 358 182 435 394 193 185 327 292 1246
videos.hw01/08_frame/451.jpg 64 97 89 68 29 160 80 138 77 273 73 80 83 296 107 158
videos.hw01/08_frame/452.jpg 270 709 387 348 102 486 428 323 127 322 424 550 269 360 107 954
videos.hw01/08_frame/453.jpg 106 708 539 310 127 541 395 717 150 311 343 527 218 219 247 784
videos.hw01/08_frame/454.jpg 260 745 420 586 78 377 220 824 133 311 317 347 225 260 181 690
videos.hw01/08_frame/455.jpg 390 433 296 285 67 426 307 776 211 381 323 2672 284 363 184 412
videos.hw01/08_frame/456.jpg 92 228 162 40 18 141 54 100 177 167 199 125 103 87 103 80
videos.hw01/08_frame/457.jpg 292 748 597 458 85 421 370 865 170 503 358 1756 213 348 281 1392
videos.hw01/08_frame/458.jpg 398 496 449 345 81 546 265 485 295 653 354 1545 209 466 257 2774
videos.hw01/08_frame/459.jpg 284 608 738 683 65 382 272 363 286 717 313 1824 157 514 187 926
videos.hw01/08_frame/460.jpg 350 750 785 557 122 447 460 810 108 752 342 966 194 469 223 1446
videos.hw01/08_frame/461.jpg 70 56 63 89 36 115 69 49 199 217 123 40 52 78 111 204
videos.hw01/08_frame/462.jpg 4243 7872 7042 5995 7988 5454 5955 5228 4122 3275 4193 7091 2880 3070 2839 4394
videos.hw01/08_frame/463.jpg 197 218 265 260 183 185 456 351 198 243 175 190 116 268 372 695
videos.hw01/08_frame/464.jpg 333 570 231 258 458 316 525 936 242 227 202 301 265 409 434 540
videos.hw01/08_frame/465.jpg 348 175 245 388 76 306 574 1054 171 344 316 435 152 361 696 894
videos.hw01/08_frame/466.jpg 110 324 75 108 112 240 157 160 110 131 93 97 95 136 152 177
videos.hw01/08_frame/467.jpg 160 118 350 198 99 279 773 858 153 359 462 443 223 341 766 295
videos.hw01/08_frame/468.jpg 179 688 115 262 281 446 815 1117 150 561 301 330 239 420 580 126
videos.hw01/08_frame/469.jpg 266 590 179 237 154 550 649 1452 205 422 285 335 212 319 496 391
videos.hw01/08_frame/470.jpg 273 829 279 308 170 426 694 1490 195 349 276 186 145 215 241 418
videos.hw01/08_frame/471.jpg 69 87 28 68 114 128 119 193 161 78 112 87 70 77 41 101
videos.hw01/08_frame/472.jpg 367 732 193 314 308 358 651 1767 300 494 640 199 310 118 220 375
videos.hw01/08_frame/473.jpg 326 422 484 283 210 199 913 2091 195 384 249 278 160 336 328 718
videos.hw01/08_frame/474.jpg 706 508 515 298 166 284 366 1376 248 565 338 137 276 389 309 375
videos.hw01/08_frame/475.jpg 407 264 486 125 439 257 394 1334 223 369 307 570 155 210 642 701
videos.hw01/08_frame/476.jpg 219 164 84 54 521 198 145 158 187 45 137 67 107 69 161 77
videos.hw01/08_frame/477.jpg 251 332 273 535 517 403 519 891 339 289 289 496 150 298 717 660
videos.hw01/08_frame/478.jpg 197 204 166 195 649 522 975 1314 268 487 416 180 156 349 617 238
videos.hw01/08_frame/479.jpg 269 573 329 331 319 313 942 723 251 264 680 273 184 403 608 462
videos.hw01/08_frame/480.jpg 357 413 375 435 319 188 782 1405 164 329 544 679 439 747 842 223
videos.hw01/08_frame/481.jpg 166 106 243 92 261 94 347 78 163 108 98 146 108 203 294 76
videos.hw01/08_frame/482.jpg 422 397 261 150 453 325 478 1115 331 350 560 631 465 470 592 519
videos.hw01/08_frame/483.jpg 230 353 239 702 480 311 616 1778 442 463 998 454 287 850 298 309
videos.hw01/08_frame/484.jpg 173 93 497 522 271 533 1070 999 317 505 318 696 389 514 802 716
videos.hw01/08_frame/485.jpg 335 179 383 362 242 351 466 1190 395 430 627 884 543 687 661 1298
videos.hw01/08_frame/486.jpg 99 211 114 98 149 152 102 108 113 53 48 94 68 121 210 162
videos.hw01/08_frame/487.jpg 211 230 385 412 431 426 304 1057 409 368 720 1010 325 391 576 885
videos.hw01/08_frame/488.jpg 242 221 359 377 155 297 381 1437 297 447 565 779 535 156 404 877
videos.hw01/08_frame/489.jpg 290 171 391 198 319 365 725 1422 382 385 734 626 457 300 412 850
videos.hw01/08_frame/490.jpg 211 414 525 242 351 262 363 690 312 515 636 519 439 670 548 421
videos.hw01/08_frame/491.jpg 59 54 52 164 80 212 104 142 136 109 112 45 155 82 112 87
videos.hw01/08_frame/492.jpg 3137 5970 6055 6604 5623 6127 7063 5761 2674 1167 4930 6214 5546 4543 3521 4235
videos.hw01/08_frame/493.jpg 241 139 86 276 398 436 446 450 245 307 527 165 180 302 192 288
videos.hw01/08_frame/494.jpg 335 346 239 534 384 662 1241 667 314 462 807 432 290 403 254 281
videos.hw01/08_frame/495.jpg 283 197 300 308 350 617 930 324 374 327 481 347 168 347 235 258
videos.hw01/08_frame/496.jpg 41 90 86 137 72 92 90 191 81 105 194 114 38 196 90 67
videos.hw01/08_frame/497.jpg 260 140 811 628 232 396 829 492 235 366 338 282 140 380 304 392
videos.hw01/08_frame/498.jpg 243 688 704 2047 388 1142 1338 1808 349 755 630 524 248 744 686 556
videos.hw01/08_frame/499.jpg 134 230 477 1434 357 752 451 1056 212 372 479 400 195 742 279 526
videos.hw01/08_frame/500.jpg 150 319 396 1241 236 497 352 721 212 252 330 193 154 364 253 405
videos.hw01/08_frame/501.jpg 58 29 135 213 61 97 151 215 68 149 98 86 36 199 132 112
videos.hw01/08_frame/502.jpg 233 216 237 980 160 379 297 632 190 250 401 318 127 437 364 214
videos.hw01/08_frame/503.jpg 208 180 131 548 258 372 134 759 165 194 269 291 75 254 214 153
videos.hw01/08_frame/504.jpg 189 335 146 294 346 298 344 330 175 207 262 372 261 418 195 159
videos.hw01/08_frame/505.jpg 155 133 123 275 157 280 431 313 178 201 205 268 65 308 181 239
videos.hw01/08_frame/506.jpg 74 72 73 131 119 133 155 110 128 128 118 125 90 80 81 186
videos.hw01/08_frame/507.jpg 175 139 147 371 223 308 491 225 202 387 288 225 63 293 279 335
videos.hw01/08_frame/508.jpg 134 232 155 290 190 317 500 358 142 277 299 243 82 221 169 228
videos.hw01/08_frame/509.jpg 100 205 122 388 215 413 403 404 165 244 311 264 93 251 126 256
videos.hw01/08_frame/510.jpg 135 86 280 218 99 393 350 146 179 286 330 177 94 106 224 390
videos.hw01/08_frame/511.jpg 58 79 188 109 60 67 121 74 137 142 140 49 40 136 93 139
videos.hw01/08_frame/512.jpg 133 170 166 242 240 177 293 366 173 150 269 226 104 109 150 203
videos.hw01/08_frame/513.jpg 6063 6319 6431 4551 6918 4757 5975 3280 2809 4610 6296 5558 7833 7467 2763 4164
videos.hw01/08_frame/514.jpg 440 392 96 38 2557 731 111 110 314 109 143 115 81 154 166 73
videos.hw01/08_frame/515.jpg 624 570 136 56 1240 2548 300 109 536 146 68 139 44 59 119 184
videos.hw01/08_frame/516.jpg 68 40 138 198 116 116 150 60 106 112 71 193 72 79 130 135
videos.hw01/08_frame/517.jpg 324 266 368 168 1156 1449 386 272 1000 606 397 296 130 188 272 295
videos.hw01/08_frame/518.jpg 126 118 223 150 375 327 552 225 329 181 254 75 79 99 203 136
videos.hw01/08_frame/519.jpg 222 146 265 87 597 378 376 383 598 351 180 200 70 147 220 272
videos.hw01/08_frame/520.jpg 214 1280 828 226 607 2277 2350 427 669 1833 773 217 111 255 473 326
videos.hw01/08_frame/521.jpg 56 70 154 194 323 49 104 102 404 179 122 122 46 142 201 131
videos.hw01/08_frame/522.jpg 66 1360 691 188 1646 860 1816 236 1382 772 307 303 158 267 192 187
videos.hw01/08_frame/523.jpg 34 250 94 54 687 468 86 34 369 226 105 85 122 297 152 207
videos.hw01/08_frame/524.jpg 10 576 491 248 511 476 237 117 313 314 199 197 144 205 226 247
videos.hw01/08_frame/525.jpg 48 164 302 191 980 372 211 184 676 341 159 162 90 122 193 233
videos.hw01/08_frame/526.jpg 126 52 100 90 146 194 153 117 164 163 102 104 81 85 167 214
videos.hw01/08_frame/527.jpg 44 166 190 216 1012 375 235 230 626 446 160 212 107 154 155 213
videos.hw01/08_frame/528.jpg 50 320 344 386 910 398 316 314 393 471 467 299 106 284 379 449
videos.hw01/08_frame/529.jpg 56 388 311 176 636 874 552 209 431 1010 443 268 109 277 309 390
videos.hw01/08_frame/530.jpg 400 306 131 161 987 1867 840 176 285 904 174 162 104 141 120 166
videos.hw01/08_frame/531.jpg 146 112 50 113 123 83 108 138 197 92 94 105 75 72 98 171
videos.hw01/08_frame/532.jpg 7654 3352 4795 7469 4360 4335 3825 3247 3439 3622 7498 5990 1093 2111 6318 7003
videos.hw01/08_frame/533.jpg 6447 3383 553 128 1638 1774 1461 162 1183 1156 1091 120 1002 1240 423 158
videos.hw01/08_frame/534.jpg 1981 1587 732 254 1522 2460 1520 234 2038 2100 885 108 920 936 179 124
videos.hw01/08_frame/535.jpg 2359 4210 2680 282 1774 1327 4489 64 2894 1187 2887 108 715 66 166 40
videos.hw01/08_frame/536.jpg 117 50 46 58 104 34 29 4 185 62 109 44 116 36 128 46
videos.hw01/08_frame/537.jpg 4630 7256 4603 6081 4111 4781 1746 5081 3511 4006 1916 2358 1387 124 116 140
videos.hw01/08_frame/538.jpg 189 282 4753 3366 1087 1218 2329 2414 1128 496 928 886 60 40 32 88
videos.hw01/08_frame/539.jpg 151 136 1009 1211 432 413 590 1083 598 616 477 801 92 36 70 60
videos.hw01/08_frame/540.jpg 206 248 389 4743 756 729 505 2720 585 366 690 413 166 56 200 60
videos.hw01/08_frame/541.jpg 62 152 150 117 159 84 158 94 111 86 88 99 60 40 42 28
videos.hw01/08_frame/542.jpg 270 64 238 3312 294 394 390 1385 329 230 695 481 70 174 106 156
videos.hw01/08_frame/543.jpg 276 174 188 86 176 234 494 685 246 547 569 515 146 318 62 164
videos.hw01/08_frame/544.jpg 920 4416 2143 728 1205 3231 1569 2477 2207 4052 1834 2020 1244 2421 1932 2599
videos.hw01/08_frame/545.jpg 133 1719 1081 62 296 686 462 196 325 331 238 155 112 1110 645 330
videos.hw01/08_frame/546.jpg 48 43 103 38 57 137 90 135 109 165 153 135 94 142 128 108
videos.hw01/08_frame/547.jpg 561 817 395 152 324 1015 217 188 520 1675 367 137 166 2360 1302 257
videos.hw01/08_frame/548.jpg 207 408 311 110 173 568 261 206 567 486 190 214 186 532 403 129
videos.hw01/08_frame/549.jpg 131 1021 1198 64 390 752 343 240 350 560 209 116 250 428 482 143
videos.hw01/08_frame/550.jpg 258 1095 1034 56 273 1048 1245 283 279 425 443 255 307 543 428 139
videos.hw01/08_frame/551.jpg 22 87 31 60 51 138 190 137 118 131 86 120 137 184 85 82
videos.hw01/08_frame/552.jpg 786 446 251 131 706 518 335 269 371 850 553 448 266 292 367 266
videos.hw01/08_frame/553.jpg 360 398 81 42 347 224 287 159 275 279 209 204 139 149 138 138
videos.hw01/08_frame/554.jpg 185 532 245 97 116 280 513 225 214 737 473 404 223 226 335 271
videos.hw01/08_frame/555.jpg 193 821 361 100 406 621 448 399 549 359 672 371 300 355 230 196
videos.hw01/08_frame/556.jpg 65 97 143 50 17 101 131 242 80 130 110 192 114 203 163 98
videos.hw01/08_frame/557.jpg 3543 1486 130 74 3321 317 218 174 679 347 335 319 90 288 194 132
videos.hw01/08_frame/558.jpg 3129 4160 4059 5006 3904 1719 2392 2756 4164 3223 2799 1609 5024 2425 4438 5317
videos.hw01/08_frame/559.jpg 190 198 157 12 266 404 925 42 459 585 1675 1926 642 378 1336 2341
videos.hw01/08_frame/560.jpg 98 107 65 2 147 269 790 32 244 466 897 550 270 312 1263 956
videos.hw01/08_frame/561.jpg 128 70 42 0 133 54 90 4 220 99 100 188 129 189 132 175
videos.hw01/08_frame/562.jpg 77 141 63 0 110 279 599 4 226 227 781 523 242 276 825 688
videos.hw01/08_frame/563.jpg 111 115 57 0 287 268 282 38 453 191 486 643 426 192 205 816
videos.hw01/08_frame/564.jpg 236 159 56 0 347 190 447 18 412 243 648 1250 327 302 590 1502
videos.hw01/08_frame/565.jpg 158 205 33 24 191 222 192 52 522 228 232 1026 534 359 189 547
videos.hw01/08_frame/566.jpg 45 101 18 8 94 128 126 28 119 58 137 278 186 57 130 149
videos.hw01/08_frame/567.jpg 80 118 48 4 238 192 251 22 330 239 274 666 273 310 264 753
videos.hw01/08_frame/568.jpg 150 118 90 20 202 150 188 10 217 183 175 289 273 302 121 573
videos.hw01/08_frame/569.jpg 6528 4080 1889 3274 4551 3004 3617 5285 3869 2711 3989 3218 5249 3375 1673 2839
videos.hw01/08_frame/570.jpg 88 227 235 106 285 775 899 284 194 1202 675 874 212 501 216 1962
videos.hw01/08_frame/571.jpg 34 142 162 74 153 136 244 172 116 204 48 193 97 211 159 144
videos.hw01/08_frame/572.jpg 87 231 145 118 209 452 416 240 191 316 345 416 178 739 408 366
videos.hw01/08_frame/573.jpg 66 289 254 60 193 484 463 428 433 662 661 323 88 534 455 552
videos.hw01/08_frame/574.jpg 75 346 229 216 238 549 834 692 370 589 1070 360 118 477 390 599
videos.hw01/08_frame/575.jpg 160 266 443 136 457 318 340 657 371 353 548 836 158 409 153 598
videos.hw01/08_frame/576.jpg 74 116 94 66 196 157 150 189 142 133 182 151 68 113 51 135
videos.hw01/08_frame/577.jpg 92 259 172 120 368 209 348 689 752 435 328 1071 294 244 152 388
videos.hw01/08_frame/578.jpg 38 219 299 122 348 270 273 203 542 310 408 304 53 193 112 835
videos.hw01/08_frame/579.jpg 105 186 224 118 402 141 199 188 718 469 328 947 230 209 128 973
videos.hw01/08_frame/580.jpg 271 301 239 152 466 269 210 389 394 385 500 447 159 312 174 2411
videos.hw01/08_frame/581.jpg 56 158 126 124 237 137 239 172 299 103 294 172 185 195 102 80
videos.hw01/08_frame/582.jpg 101 219 121 44 200 291 339 230 188 396 319 377 199 253 150 785
videos.hw01/08_frame/583.jpg 99 234 137 78 265 766 1140 193 271 1068 1468 294 124 237 156 96
videos.hw01/08_frame/584.jpg 71 231 328 96 395 362 211 239 589 646 259 236 213 340 122 68
videos.hw01/08_frame/585.jpg 341 333 205 180 308 435 221 377 206 203 267 230 180 391 190 116
videos.hw01/08_frame/586.jpg 74 91 77 44 131 124 123 206 120 201 194 164 119 166 216 72
videos.hw01/08_frame/587.jpg 72 332 214 152 344 311 196 313 242 245 303 227 156 252 196 142
videos.hw01/08_frame/588.jpg 151 300 291 318 247 308 203 351 199 236 324 248 418 247 214 36
videos.hw01/08_frame/589.jpg 234 309 307 197 199 296 218 248 236 276 318 299 173 278 142 148
videos.hw01/08_frame/590.jpg 127 253 261 104 180 236 196 205 315 306 207 207 177 261 172 62
videos.hw01/08_frame/591.jpg 86 127 92 68 102 114 124 141 176 157 235 193 47 126 108 36
videos.hw01/08_frame/592.jpg 126 229 210 125 179 356 179 295 265 236 253 252 201 301 182 56
videos.hw01/08_frame/593.jpg 118 258 178 112 149 339 1742 341 224 349 2025 397 132 214 202 50
videos.hw01/08_frame/594.jpg 110 277 210 120 101 349 282 334 230 263 255 251 178 225 309 44
videos.hw01/08_frame/595.jpg 174 246 136 204 196 327 277 284 270 311 285 211 212 283 95 104
videos.hw01/08_frame/596.jpg 60 142 124 112 102 180 121 275 98 176 167 123 44 247 100 54
videos.hw01/08_frame/597.jpg 110 249 208 131 175 241 220 237 126 253 292 195 109 211 156 62
videos.hw01/08_frame/598.jpg 110 290 155 119 72 321 214 218 117 286 210 206 105 210 128 73
videos.hw01/08_frame/599.jpg 274 206 234 163 364 361 1639 184 157 430 1737 224 276 211 156 101
videos.hw01/08_frame/600.jpg 102 211 187 112 203 208 780 204 152 255 1180 201 116 211 184 129
videos.hw01/08_frame/601.jpg 146 214 145 75 70 215 372 210 109 158 219 158 150 118 84 41
videos.hw01/08_frame/602.jpg 80 196 166 169 165 161 310 312 127 222 290 130 97 262 164 48
videos.hw01/08_frame/603.jpg 30 147 175 111 93 146 356 189 106 240 283 144 43 124 152 32
videos.hw01/08_frame/604.jpg 130 126 193 77 119 180 274 231 288 315 181 179 66 179 172 70
videos.hw01/08_frame/605.jpg 64 105 236 112 211 233 221 182 145 256 237 293 84 264 170 54
videos.hw01/08_frame/606.jpg 184 66 75 71 154 121 171 155 112 98 126 166 474 56 94 32
videos.hw01/08_frame/607.jpg 6104 3498 4757 4138 3359 2939 3313 3035 5882 1743 2816 2943 6980 7482 7538 7888
videos.hw01/08_frame/608.jpg 3329 6782 4022 6456 3732 1864 2205 2549 3583 2009 1733 1451 4501 4744 4742 4546
videos.hw01/08_frame/609.jpg 4678 4653 4852 4775 1253 2574 1344 1807 1233 2081 2533 1584 2 90 40 0
videos.hw01/08_frame/610.jpg 322 260 162 171 1294 2124 1464 1925 2121 1806 2040 2726 4467 4620 4620 4538
videos.hw01/08_frame/611.jpg 0 12 4 99 181 83 59 27 130 92 124 171 104 172 56 30
videos.hw01/08_frame/612.jpg 43 233 259 465 2114 1546 960 1168 3586 1932 2170 3013 2400 2964 3054 2922
videos.hw01/08_frame/613.jpg 3289 3080 2997 2408 3837 1467 1461 1288 1981 1899 2445 1682 3134 3638 4318 4801
videos.hw01/08_frame/614.jpg 2901 3094 1787 1924 1895 950 1378 698 1139 306 1526 1760 946 978 756 1012
videos.hw01/08_frame/615.jpg 2150 2355 2774 1634 1264 602 1288 873 577 386 1296 1057 1424 1122 1250 2786
videos.hw01/08_frame/616.jpg 46 84 101 126 49 96 115 86 88 90 239 41 128 90 28 86
videos.hw01/08_frame/617.jpg 1908 1564 764 1196 1997 733 839 631 975 1108 1148 577 2584 2378 2192 1338
videos.hw01/08_frame/618.jpg 1510 1602 1059 862 1133 888 786 696 1419 1096 1095 577 2208 1884 1716 1567
videos.hw01/08_frame/619.jpg 914 1210 970 1217 573 839 848 809 664 913 1124 1553 930 562 1056 824
videos.hw01/08_frame/620.jpg 798 868 1133 1816 378 820 1174 907 1156 620 1020 2222 3130 2464 3344 1808
videos.hw01/08_frame/621.jpg 32 128 162 128 155 173 302 169 126 110 145 190 626 84 104 70
videos.hw01/08_frame/622.jpg 2186 2136 2780 2194 200 793 664 1201 757 294 1054 2333 1454 1474 1112 1288
videos.hw01/08_frame/623.jpg 1404 1816 784 1478 628 907 511 1390 1293 727 1560 1466 2146 2318 2584 2011
videos.hw01/08_frame/624.jpg 578 759 1123 562 515 619 429 547 1509 1014 2005 236 1310 1658 1978 2316
videos.hw01/08_frame/625.jpg 308 533 1448 458 1118 560 696 295 926 532 404 442 2044 2028 2156 2504
videos.hw01/08_frame/626.jpg 64 37 201 81 128 120 163 138 489 146 115 148 360 436 30 169
videos.hw01/08_frame/627.jpg 368 807 1041 351 1143 670 1119 171 483 681 1231 386 2366 1586 2024 1055
videos.hw01/08_frame/628.jpg 182 724 758 229 901 407 1387 295 983 883 1597 360 1144 122 1586 791
videos.hw01/08_frame/629.jpg 1792 1337 1165 356 1888 637 1131 240 476 483 949 537 118 344 390 144
videos.hw01/08_frame/630.jpg 1376 1226 838 200 1527 360 555 244 1306 451 623 442 88 342 330 198
videos.hw01/08_frame/631.jpg 108 150 130 109 97 132 174 127 237 159 90 201 60 32 206 120
videos.hw01/08_frame/632.jpg 1400 1214 1624 168 965 301 1031 392 1429 686 1657 349 128 512 520 1031
videos.hw01/08_frame/633.jpg 1304 1282 1114 143 1278 282 1437 298 1167 557 412 277 72 384 448 357
videos.hw01/08_frame/634.jpg 1284 1687 2042 184 961 358 1306 583 821 264 605 207 1902 2156 1580 1120
videos.hw01/08_frame/635.jpg 846 554 1352 375 1002 216 1477 340 637 329 426 261 1340 2400 1392 2488
videos.hw01/08_frame/636.jpg 198 123 189 177 92 191 211 121 369 116 90 191 98 152 72 123
videos.hw01/08_frame/637.jpg 842 1909 980 601 1602 293 1013 460 646 353 810 543 1564 3010 4024 1668
videos.hw01/08_frame/638.jpg 652 567 1418 585 1177 196 547 161 550 590 966 300 781 4236 3138 2185
videos.hw01/08_frame/639.jpg 1416 1408 885 756 969 155 694 170 700 500 1187 300 1642 2198 2238 2515
videos.hw01/08_frame/640.jpg 452 1308 713 769 881 210 789 160 1849 752 1400 251 520 786 2216 929
videos.hw01/08_frame/641.jpg 400 64 118 102 187 152 222 136 51 163 140 116 344 288 280 72
videos.hw01/08_frame/642.jpg 1406 1211 1848 738 232 243 193 264 682 1269 1670 717 445 260 620 585
videos.hw01/08_frame/643.jpg 1050 1132 1070 779 404 242 316 271 712 716 1518 720 1096 596 556 233
videos.hw01/08_frame/644.jpg 1376 1616 932 229 1116 263 405 752 727 1051 954 308 416 1210 404 301
videos.hw01/08_frame/645.jpg 794 1016 1092 94 1092 309 621 498 50 160 456 753 2461 2148 2943 2057
videos.hw01/08_frame/646.jpg 114 66 252 29 142 97 163 137 127 106 106 162 79 87 124 390
videos.hw01/08_frame/647.jpg 252 389 158 416 486 332 733 402 858 132 843 495 1703 1615 1903 1968
videos.hw01/08_frame/648.jpg 176 431 626 319 1778 346 1009 445 493 730 319 240 1045 294 1297 1287
videos.hw01/08_frame/649.jpg 1190 1059 1114 578 1442 395 1311 347 1244 670 1148 536 283 115 413 243
videos.hw01/08_frame/650.jpg 1348 1752 1140 779 968 661 580 416 1467 675 842 278 25 106 0 74
videos.hw01/08_frame/651.jpg 38 166 106 53 317 92 131 102 70 84 198 242 18 88 0 29
videos.hw01/08_frame/652.jpg 1950 2113 1384 815 835 948 1306 268 984 584 603 321 15 112 0 50
videos.hw01/08_frame/653.jpg 1464 1126 2099 678 1066 694 431 379 1202 247 306 1263 10 308 0 62
videos.hw01/08_frame/654.jpg 2436 2335 2358 1445 3396 1457 1249 816 262 938 713 626 3072 2758 3137 3075
videos.hw01/08_frame/655.jpg 2602 2637 2481 1523 2964 1280 1265 1551 3395 1286 2700 1246 1921 1036 2069 2204
videos.hw01/08_frame/656.jpg 78 0 20 176 70 53 102 67 46 111 60 113 0 70 8 2
videos.hw01/08_frame/657.jpg 4796 4920 4268 3386 1452 1312 2781 1975 1288 1018 1477 738 30 997 96 10
videos.hw01/08_frame/658.jpg 3004 1712 189 254 6297 2327 2012 1271 5417 1607 2176 1365 8978 3846 2226 12
videos.hw01/08_frame/659.jpg 2687 5162 5217 3250 5923 1806 5879 4847 6417 1940 5162 3597 5393 6014 5954 7001
videos.hw01/08_frame/660.jpg 97 274 316 48 214 197 248 172 157 237 211 269 176 212 445 344
videos.hw01/08_frame/661.jpg 31 137 64 22 132 186 141 147 80 153 133 281 60 72 157 212
videos.hw01/08_frame/662.jpg 146 379 367 26 214 353 147 358 171 322 366 519 145 429 471 479
videos.hw01/08_frame/663.jpg 213 264 360 52 383 277 267 312 213 259 334 394 239 318 433 431
videos.hw01/08_frame/664.jpg 260 294 356 18 321 313 170 463 223 330 320 488 269 309 419 349
videos.hw01/08_frame/665.jpg 356 367 492 20 419 343 210 595 214 371 411 577 349 414 518 589
videos.hw01/08_frame/666.jpg 63 88 63 28 145 103 60 133 92 158 180 178 92 174 125 85
videos.hw01/08_frame/667.jpg 376 464 490 134 322 473 716 253 364 628 1805 968 554 845 574 784
videos.hw01/08_frame/668.jpg 936 557 658 260 968 541 448 429 596 764 634 797 849 972 826 668
videos.hw01/08_frame/669.jpg 749 497 637 978 749 358 666 439 493 648 827 854 394 614 489 857
videos.hw01/08_frame/670.jpg 367 314 463 412 326 351 510 256 342 699 925 484 353 373 505 227
videos.hw01/08_frame/671.jpg 99 112 60 98 197 65 100 253 161 134 317 212 165 107 145 184
videos.hw01/08_frame/672.jpg 218 172 237 370 338 232 223 287 227 274 337 436 253 293 270 250
videos.hw01/08_frame/673.jpg 127 263 161 154 151 196 183 114 230 194 180 228 118 219 121 99
videos.hw01/08_frame/674.jpg 138 185 152 252 169 185 285 158 167 235 276 295 207 275 193 147
videos.hw01/08_frame/675.jpg 177 221 72 120 173 80 150 122 124 162 180 198 235 155 84 46
videos.hw01/08_frame/676.jpg 69 51 44 58 78 78 149 60 62 95 166 299 143 102 65 40
videos.hw01/08_frame/677.jpg 27 90 124 146 149 100 137 172 95 152 141 282 95 165 190 138
videos.hw01/08_frame/678.jpg 2455 2847 4010 5883 2257 3162 4647 6574 3815 3296 5683 5591 3447 3474 7166 2428
videos.hw01/08_frame/679.jpg 1167 843 628 1225 202 417 536 674 115 195 300 194 292 534 76 291
videos.hw01/08_frame/680.jpg 2719 3022 1799 724 334 1266 1505 2168 108 114 127 645 184 112 98 245
videos.hw01/08_frame/681.jpg 71 88 60 172 90 73 115 86 57 154 86 32 132 56 100 152
videos.hw01/08_frame/682.jpg 4503 3940 1924 882 1427 4564 3070 2122 576 814 123 228 229 454 150 186
videos.hw01/08_frame/683.jpg 239 127 570 552 1377 1888 2277 692 658 1594 1242 268 88 348 72 172
videos.hw01/08_frame/684.jpg 166 132 171 537 216 190 345 520 99 267 179 94 186 299 176 116
videos.hw01/08_frame/685.jpg 248 106 392 186 237 159 156 294 213 116 164 54 307 566 174 180
videos.hw01/08_frame/686.jpg 187 301 153 152 75 133 68 86 124 124 89 76 234 198 106 162
videos.hw01/08_frame/687.jpg 137 202 505 326 154 127 143 394 101 209 232 140 658 290 136 242
videos.hw01/08_frame/688.jpg 171 114 190 278 238 89 103 166 121 211 125 54 86 176 34 76
videos.hw01/08_frame/689.jpg 158 142 86 191 136 72 99 167 154 176 99 58 329 241 222 78
videos.hw01/08_frame/690.jpg 132 236 102 157 175 139 107 136 76 97 79 20 186 424 112 100
videos.hw01/08_frame/691.jpg 47 78 71 184 171 57 82 196 32 76 88 34 68 122 64 80
videos.hw01/08_frame/692.jpg 127 105 87 174 186 124 88 146 92 114 118 60 74 111 100 60
videos.hw01/08_frame/693.jpg 75 78 47 116 95 76 72 93 56 50 63 6 110 106 52 72
videos.hw01/08_frame/694.jpg 150 113 167 186 245 150 84 213 41 134 141 66 47 153 72 176
videos.hw01/08_frame/695.jpg 4254 2941 1177 5732 2784 4129 2549 3352 1733 3003 5118 7704 4582 4682 3062 5266
videos.hw01/08_frame/696.jpg 20 118 56 66 25 54 100 66 80 169 74 70 54 30 49 53
videos.hw01/08_frame/697.jpg 72 205 479 407 51 311 234 595 121 212 186 470 180 180 508 445
videos.hw01/08_frame/698.jpg 76 278 293 569 51 103 75 759 81 199 229 295 234 430 311 349
videos.hw01/08_frame/699.jpg 96 309 387 290 54 171 253 763 120 122 212 488 212 532 663 577
videos.hw01/08_frame/700.jpg 152 253 726 634 77 150 166 904 117 117 266 443 114 284 714 1387
videos.hw01/08_frame/701.jpg 46 53 122 59 26 119 62 220 70 66 86 372 90 123 104 155
videos.hw01/08_frame/702.jpg 16 456 1039 562 111 161 232 753 120 66 344 492 244 367 440 1065
videos.hw01/08_frame/703.jpg 354 285 287 1187 64 204 291 520 73 208 331 581 306 170 438 1472
videos.hw01/08_frame/704.jpg 10 321 445 1041 44 275 332 461 75 186 175 606 400 382 511 830
videos.hw01/08_frame/705.jpg 548 326 473 996 39 209 263 615 108 161 277 321 232 290 438 1018
videos.hw01/08_frame/706.jpg 62 47 44 78 31 80 226 156 21 83 278 88 42 87 109 101
videos.hw01/08_frame/707.jpg 82 611 803 1574 75 121 284 1019 89 192 293 451 458 386 860 832
videos.hw01/08_frame/708.jpg 112 187 574 1516 67 188 335 264 75 136 377 308 284 741 914 789
videos.hw01/08_frame/709.jpg 76 732 519 1475 112 189 249 252 96 208 258 545 824 423 1414 590
videos.hw01/08_frame/710.jpg 276 510 453 627 65 148 202 140 81 107 334 428 778 591 755 803
videos.hw01/08_frame/711.jpg 70 83 84 190 37 235 100 269 59 97 49 164 148 64 133 108
videos.hw01/08_frame/712.jpg 338 298 339 579 78 239 454 246 84 327 260 540 502 555 782 826
videos.hw01/08_frame/713.jpg 632 279 439 1405 72 99 352 463 88 137 277 426 450 403 508 693
videos.hw01/08_frame/714.jpg 418 489 636 1304 59 138 210 454 75 220 265 347 426 624 382 930
videos.hw01/08_frame/715.jpg 524 577 822 663 72 235 164 547 98 178 360 540 422 452 580 969
videos.hw01/08_frame/716.jpg 26 26 50 95 67 91 195 132 58 91 80 152 70 128 112 177
videos.hw01/08_frame/717.jpg 318 1246 480 1003 71 144 275 525 102 244 323 415 526 488 492 656
videos.hw01/08_frame/718.jpg 298 524 771 765 135 69 233 360 73 155 213 281 152 424 475 666
videos.hw01/08_frame/719.jpg 420 453 915 888 126 197 224 380 141 154 371 163 132 298 551 1033
videos.hw01/08_frame/720.jpg 228 378 404 661 56 116 205 276 200 172 280 379 218 183 327 414
videos.hw01/08_frame/721.jpg 56 87 88 411 131 80 103 302 105 179 155 99 160 116 162 230
videos.hw01/08_frame/722.jpg 76 307 247 427 92 222 162 491 152 222 224 340 232 235 337 351
videos.hw01/08_frame/723.jpg 128 200 404 513 95 152 234 259 158 170 323 377 224 154 275 197
videos.hw01/08_frame/724.jpg 144 131 303 366 83 138 363 157 183 198 305 337 198 1031 218 209
videos.hw01/08_frame/725.jpg 214 47 217 191 80 240 228 318 227 249 297 267 667 1754 1030 492
videos.hw01/08_frame/726.jpg 52 87 74 117 20 92 58 57 185 71 116 58 100 32 130 79
videos.hw01/08_frame/727.jpg 352 142 111 199 35 137 132 171 89 482 311 236 870 1300 717 2321
videos.hw01/08_frame/728.jpg 1468 1241 214 251 21 97 116 107 104 652 674 169 416 1428 1894 4099
videos.hw01/08_frame/729.jpg 3002 2579 1403 707 715 1929 400 338 127 471 745 1843 690 865 1275 1678
videos.hw01/08_frame/730.jpg 1768 1843 2411 3583 513 1049 1243 1779 158 466 307 1838 484 460 445 574
videos.hw01/08_frame/731.jpg 144 184 76 142 17 55 124 171 82 77 143 154 129 119 90 46
videos.hw01/08_frame/732.jpg 1218 3275 1172 2319 815 1346 886 1783 167 252 223 269 136 308 428 251
videos.hw01/08_frame/733.jpg 706 1230 350 431 124 402 336 367 84 361 176 480 171 470 553 262
videos.hw01/08_frame/734.jpg 410 810 259 244 87 154 331 340 187 304 192 429 225 215 323 397
videos.hw01/08_frame/735.jpg 129 324 225 266 105 171 89 344 158 265 123 139 353 180 200 290
videos.hw01/08_frame/736.jpg 80 126 112 88 68 81 134 219 113 147 82 194 193 216 127 110
videos.hw01/08_frame/737.jpg 321 212 158 114 44 91 124 229 126 94 217 219 157 311 269 224
videos.hw01/08_frame/738.jpg 213 278 142 202 74 62 186 365 79 115 145 240 122 178 166 266
videos.hw01/08_frame/739.jpg 108 205 211 128 94 140 128 184 109 117 141 168 184 137 208 306
videos.hw01/08_frame/740.jpg 344 239 212 104 95 87 178 229 94 221 81 142 156 138 151 210
videos.hw01/08_frame/741.jpg 59 159 85 58 54 129 168 121 83 169 129 150 97 104 151 126
videos.hw01/08_frame/742.jpg 180 235 184 82 127 77 148 137 62 95 208 218 217 326 252 140
videos.hw01/08_frame/743.jpg 94 195 128 112 64 99 92 220 49 86 138 350 102 146 289 156
videos.hw01/08_frame/744.jpg 236 195 164 122 95 108 157 286 102 63 210 211 100 114 227 154
videos.hw01/08_frame/745.jpg 294 234 127 94 84 110 235 134 74 154 175 324 164 302 178 186
videos.hw01/08_frame/746.jpg 254 157 110 54 55 93 213 197 153 93 98 96 97 124 170 148
videos.hw01/08_frame/747.jpg 188 133 110 110 104 177 113 132 128 194 119 206 153 222 198 94
videos.hw01/08_frame/748.jpg 88 194 66 84 32 208 141 180 53 100 126 207 71 155 110 52
videos.hw01/08_frame/749.jpg 206 252 217 114 41 143 114 271 68 107 129 283 140 188 225 178
videos.hw01/08_frame/750.jpg 138 658 230 52 49 252 218 255 120 150 118 320 130 252 156 174
videos.hw01/08_frame/751.jpg 152 129 107 40 16 57 78 96 76 98 70 87 78 85 174 96
videos.hw01/08_frame/752.jpg 909 2643 837 606 265 697 879 582 91 269 331 848 120 553 871 326
videos.hw01/08_frame/753.jpg 1060 1349 1459 523 285 1284 872 886 73 678 617 1396 286 904 490 1194
videos.hw01/08_frame/754.jpg 517 625 229 461 412 477 395 345 88 656 546 947 166 483 1201 414
videos.hw01/08_frame/755.jpg 604 262 292 413 238 680 824 467 128 506 757 376 180 879 793 553
videos.hw01/08_frame/756.jpg 71 176 67 55 53 110 85 95 67 86 62 94 79 91 87 94
videos.hw01/08_frame/757.jpg 345 339 113 218 126 204 349 331 147 298 303 293 136 268 197 305
videos.hw01/08_frame/758.jpg 335 296 185 147 122 282 227 336 66 164 130 105 148 121 142 126
videos.hw01/08_frame/759.jpg 246 255 204 112 86 161 112 299 60 222 217 274 133 232 174 139
videos.hw01/08_frame/760.jpg 172 181 96 36 75 116 38 123 33 55 181 182 65 117 174 76
videos.hw01/08_frame/761.jpg 108 134 87 43 54 182 46 70 105 101 115 98 77 60 148 116
videos.hw01/08_frame/762.jpg 59 167 155 101 162 177 140 132 147 169 197 253 372 148 201 398
videos.hw01/08_frame/763.jpg 1658 1334 1607 6997 3925 334 55 3217 3254 178 100 398 1047 217 180 1453
videos.hw01/08_frame/764.jpg 4578 3248 2266 3002 3120 2608 1308 5277 4603 1814 2096 3032 7267 1786 2422 5057
videos.hw01/08_frame/765.jpg 3396 3013 3676 3151 2168 4512 3383 3673 5116 1926 3264 2107 6494 4390 4089 4749
videos.hw01/08_frame/766.jpg 160 104 74 176 56 46 16 119 256 16 78 82 110 46 38 68
videos.hw01/08_frame/767.jpg 2946 3659 3272 2917 2940 1172 2220 4305 2620 1566 2329 2875 4746 5001 6293 7404
videos.hw01/08_frame/768.jpg 4734 3675 3102 6766 3012 1628 2108 1262 1108 1776 2174 3857 1476 1906 2378 1690
videos.hw01/08_frame/769.jpg 4348 3970 4676 2230 4536 854 1227 4724 3102 1675 1998 3650 490 574 324 0
videos.hw01/08_frame/770.jpg 168 1384 738 0 1522 1795 1946 2234 1464 1343 1049 1040 0 0 0 0
videos.hw01/08_frame/771.jpg 0 0 0 0 18 87 170 20 54 184 137 16 0 0 0 0
videos.hw01/08_frame/772.jpg 34 0 0 0 648 1244 1382 598 410 600 590 348 0 0 0 0
videos.hw01/08_frame/773.jpg 0 0 0 0 64 209 344 92 72 105 253 66 0 0 0 0
videos.hw01/08_frame/774.jpg 0 0 0 0 18 95 154 26 26 111 182 22 0 0 0 0
videos.hw01/08_frame/775.jpg 0 0 0 0 10 89 567 26 26 67 116 18 0 0 0 0
videos.hw01/08_frame/776.jpg 0 0 0 0 18 43 134 6 18 45 229 2 0 0 0 0
videos.hw01/08_frame/777.jpg 0 0 0 0 32 140 408 18 20 55 142 6 0 0 0 0
videos.hw01/08_frame/778.jpg 0 0 0 0 6 55 210 10 2 62 75 12 34 0 0 0
videos.hw01/08_frame/779.jpg 0 0 0 1326 16 186 186 50 22 63 120 30 6 0 0 0
videos.hw01/08_frame/780.jpg 0 0 76 4466 2 328 255 20 14 165 242 30 742 0 0 0
videos.hw01/08_frame/781.jpg 0 0 62 70 12 198 84 42 34 371 235 22 122 0 0 0
videos.hw01/08_frame/782.jpg 0 0 4958 4337 76 1203 1542 900 52 1103 723 80 1292 0 0 0
videos.hw01/08_frame/783.jpg 0 0 2856 3846 6 1175 1766 2968 0 925 781 38 388 0 0 0
videos.hw01/08_frame/784.jpg 0 1722 3604 2543 20 1036 2188 2838 194 902 849 90 624 116 0 0
videos.hw01/08_frame/785.jpg 0 2002 1306 3578 74 1422 2077 2230 310 394 739 104 1280 84 0 0
videos.hw01/08_frame/786.jpg 0 506 394 189 10 548 324 424 36 36 258 468 10 32 0 0
videos.hw01/08_frame/787.jpg 0 364 1592 3873 92 2682 1509 1036 420 1236 2082 1754 218 188 0 0
videos.hw01/08_frame/788.jpg 32 224 2076 4504 500 2840 2221 1532 24 702 1394 688 40 0 0 0
videos.hw01/08_frame/789.jpg 158 1326 2986 3436 2310 1815 2997 3460 746 2883 2290 520 0 0 0 0
videos.hw01/08_frame/790.jpg 130 2242 3300 796 1192 1760 2885 3982 3174 3215 1606 404 0 1390 1226 0
videos.hw01/08_frame/791.jpg 60 314 176 0 54 155 280 128 228 150 174 192 0 18 30 0
videos.hw01/08_frame/792.jpg 0 428 700 0 3782 2508 3052 2990 3616 1711 2906 3010 0 1196 574 0
videos.hw01/08_frame/793.jpg 0 482 240 0 186 532 656 4 704 1494 732 0 0 1790 226 0
videos.hw01/08_frame/794.jpg 0 78 170 0 408 814 1308 2 1538 1595 630 0 526 2814 186 0
videos.hw01/08_frame/795.jpg 0 0 738 714 332 923 1297 292 1662 1332 721 10 2002 2024 762 0
videos.hw01/08_frame/796.jpg 0 0 32 100 56 310 220 6 562 103 478 0 274 246 358 0
videos.hw01/08_frame/797.jpg 0 0 754 1716 214 839 931 280 1462 1202 546 52 2756 1354 586 0
videos.hw01/08_frame/798.jpg 0 0 302 848 108 326 468 12 570 760 663 22 2042 730 170 0
videos.hw01/08_frame/799.jpg 0 0 344 564 428 491 540 120 812 1183 505 20 1810 751 0 0
videos.hw01/08_frame/800.jpg 0 0 280 460 418 210 587 46 648 1717 37 24 1867 1165 0 0
videos.hw01/08_frame/801.jpg 0 0 42 38 0 135 28 16 662 339 40 0 198 588 0 0
videos.hw01/08_frame/802.jpg 0 0 374 660 2 84 355 70 1504 1137 96 4 1231 1224 0 0
videos.hw01/08_frame/803.jpg 0 0 372 410 0 72 77 16 1088 844 64 4 791 1458 0 0
videos.hw01/08_frame/804.jpg 0 0 46 324 0 42 274 2 1588 1151 84 6 1958 1518 0 0
videos.hw01/08_frame/805.jpg 0 0 0 1780 0 72 76 4 2278 1630 119 6 3851 2712 0 0
videos.hw01/08_frame/806.jpg 0 0 0 166 2 48 137 0 12 784 45 0 308 20 0 0
videos.hw01/08_frame/807.jpg 0 0 0 88 2 100 253 12 36 554 121 14 3812 0 0 0
videos.hw01/08_frame/808.jpg 0 0 0 0 8 148 93 16 12 132 126 16 1890 0 0 0
videos.hw01/08_frame/809.jpg 0 0 0 0 106 604 505 196 42 437 445 118 164 0 0 0
videos.hw01/08_frame/810.jpg 0 0 0 0 552 1381 1252 736 352 894 651 474 84 0 0 0
videos.hw01/08_frame/811.jpg 0 0 0 0 46 110 100 54 36 104 100 10 56 0 0 0
videos.hw01/08_frame/812.jpg 994 850 108 0 1246 1348 1746 2130 1458 862 896 1284 96 0 0 0
videos.hw01/08_frame/813.jpg 2746 2978 3068 1532 2606 1192 1891 3408 2968 810 1382 2686 802 36 0 0
videos.hw01/08_frame/814.jpg 4112 3320 4813 6676 2715 850 2231 4732 2096 895 774 3622 2730 1942 1902 602
videos.hw01/08_frame/815.jpg 2105 2488 2577 6168 929 1014 951 4190 2441 765 499 3960 3888 4258 3655 4736
videos.hw01/08_frame/816.jpg 66 42 19 131 32 28 117 94 90 71 87 222 64 88 17 76
videos.hw01/08_frame/817.jpg 2294 2098 2390 3225 3135 2053 1671 2593 1611 2613 1834 3907 6040 2574 3736 4457
videos.hw01/08_frame/818.jpg 3622 2630 1464 2265 4275 801 4910 6123 4539 3769 3895 4859 4719 6960 2242 4201
videos.hw01/08_frame/819.jpg 6763 5504 5930 5476 5196 4333 3942 3301 4187 1853 2697 5820 4081 704 4126 8144
videos.hw01/08_frame/820.jpg 2254 868 3970 1580 360 71 73 946 19 11 635 4514 914 32 4876 5248
videos.hw01/08_frame/821.jpg 45 19 88 87 3 55 88 105 7 24 118 138 82 20 146 160
videos.hw01/08_frame/822.jpg 44 18 44 104 27 37 55 126 0 30 59 94 22 4 126 120
videos.hw01/08_frame/823.jpg 36 28 53 97 4 42 108 180 3 16 61 122 4 28 114 86
videos.hw01/08_frame/824.jpg 2 10 83 95 23 44 48 160 33 34 78 124 8 22 78 38
videos.hw01/08_frame/825.jpg 28 60 69 106 2 30 52 196 4 17 93 92 32 18 74 120
videos.hw01/08_frame/826.jpg 54 30 71 130 18 34 112 195 5 24 78 150 50 24 108 146
videos.hw01/08_frame/827.jpg 16 12 48 125 10 50 59 140 0 8 28 96 31 32 30 62
videos.hw01/08_frame/828.jpg 30 7 108 124 11 48 89 154 19 26 80 124 45 26 62 40
videos.hw01/08_frame/829.jpg 89 60 186 102 30 53 75 191 59 48 111 150 237 33 142 78
videos.hw01/08_frame/830.jpg 44 44 61 97 43 53 103 184 37 29 61 108 49 27 58 104
videos.hw01/08_frame/831.jpg 43 61 76 119 38 52 60 174 26 16 87 160 72 20 114 76
videos.hw01/08_frame/832.jpg 42 22 79 100 9 64 86 158 0 26 73 162 24 39 34 92
videos.hw01/08_frame/833.jpg 60 16 45 118 26 41 47 128 30 43 42 210 64 18 70 144
videos.hw01/08_frame/834.jpg 44 24 51 98 17 43 58 122 4 44 40 134 18 8 62 90
videos.hw01/08_frame/835.jpg 108 27 80 87 55 49 75 118 66 18 56 192 13 57 66 58
videos.hw01/08_frame/836.jpg 73 16 53 114 4 36 57 120 9 40 36 170 46 4 44 34
videos.hw01/08_frame/837.jpg 51 40 66 87 23 53 54 150 6 44 50 160 14 18 46 54
videos.hw01/08_frame/838.jpg 95 4 50 94 12 36 66 136 9 22 102 146 46 18 86 106
videos.hw01/08_frame/839.jpg 18 28 51 101 2 40 58 162 25 35 52 170 34 18 66 146
videos.hw01/08_frame/840.jpg 78 18 53 105 2 26 58 158 24 36 62 144 82 22 16 96
videos.hw01/08_frame/841.jpg 239 55 146 116 44 82 87 196 60 71 202 168 86 91 76 114
videos.hw01/08_frame/842.jpg 222 61 129 131 17 54 128 236 34 52 98 208 110 46 64 146
videos.hw01/08_frame/843.jpg 105 28 68 132 16 32 87 242 42 32 93 200 20 28 34 138
videos.hw01/08_frame/844.jpg 142 106 207 123 51 84 121 231 50 109 193 252 174 36 282 124
videos.hw01/08_frame/845.jpg 66 13 46 92 15 29 72 158 29 8 58 126 44 16 34 126
videos.hw01/08_frame/846.jpg 76 2 96 65 11 22 64 168 0 10 30 144 32 4 94 138
videos.hw01/08_frame/847.jpg 52 4 81 91 0 12 48 148 0 0 56 106 26 4 60 112
videos.hw01/08_frame/848.jpg 52 2 21 113 0 10 34 142 0 6 68 174 44 4 68 120
videos.hw01/08_frame/849.jpg 50 2 46 124 0 10 27 130 2 6 58 182 28 4 58 88
videos.hw01/08_frame/850.jpg 74 14 40 134 0 8 51 156 0 10 44 138 26 4 62 100
videos.hw01/08_frame/851.jpg 82 14 108 116 0 12 50 166 0 4 40 114 26 4 32 78
videos.hw01/08_frame/852.jpg 50 10 28 112 8 12 59 158 0 4 34 146 34 4 68 72
videos.hw01/08_frame/853.jpg 68 67 99 168 67 53 126 178 58 41 120 286 32 39 102 116
videos.hw01/08_frame/854.jpg 38 27 96 149 37 61 79 190 17 24 91 214 35 34 98 106
videos.hw01/08_frame/855.jpg 34 26 83 138 35 44 65 240 11 30 78 260 28 8 54 104
videos.hw01/08_frame/856.jpg 76 21 70 130 0 28 56 250 4 22 64 272 38 6 72 98
videos.hw01/08_frame/857.jpg 36 20 120 134 0 34 83 224 0 14 62 272 24 0 64 134
videos.hw01/08_frame/858.jpg 18 18 51 149 0 37 102 218 0 14 38 232 36 0 50 154
videos.hw01/08_frame/859.jpg 18 22 62 108 0 26 62 244 0 10 56 112 28 8 54 126
videos.hw01/08_frame/860.jpg 28 16 104 88 0 34 55 260 0 8 66 112 28 8 66 128
videos.hw01/08_frame/861.jpg 41 14 83 123 6 36 74 232 2 6 104 106 35 0 52 98
videos.hw01/08_frame/862.jpg 28 8 69 110 0 32 77 244 0 8 68 148 28 14 52 106
videos.hw01/08_frame/863.jpg 74 17 60 115 0 20 67 274 0 16 62 174 55 0 88 97
videos.hw01/08_frame/864.jpg 24 14 56 120 0 24 55 240 0 8 80 152 52 2 36 74
videos.hw01/08_frame/865.jpg 86 51 150 162 67 80 130 250 16 59 71 122 46 52 84 107
videos.hw01/08_frame/866.jpg 108 32 64 133 34 65 123 254 17 33 69 158 64 36 58 145
videos.hw01/08_frame/867.jpg 28 54 62 160 33 62 100 256 11 22 160 162 46 12 48 133
videos.hw01/08_frame/868.jpg 23 16 185 95 6 34 96 218 4 14 126 168 38 4 66 164
videos.hw01/08_frame/869.jpg 44 26 66 93 8 52 50 226 0 14 76 194 47 6 96 160
videos.hw01/08_frame/870.jpg 52 114 97 180 8 54 61 228 0 8 58 190 30 0 54 142
videos.hw01/08_frame/871.jpg 72 94 46 202 3 49 45 233 2 20 76 266 8 18 78 170
videos.hw01/08_frame/872.jpg 48 6 69 160 1 30 57 260 0 18 84 300 24 16 48 132
videos.hw01/08_frame/873.jpg 45 60 55 86 1 42 81 248 0 22 88 342 30 16 26 164
videos.hw01/08_frame/874.jpg 210 83 156 162 67 92 139 263 105 72 80 194 134 61 134 154
videos.hw01/08_frame/875.jpg 33 24 47 91 15 31 83 228 31 18 36 210 0 14 82 124
videos.hw01/08_frame/876.jpg 18 12 74 85 0 29 35 210 14 18 24 176 0 18 60 106
videos.hw01/08_frame/877.jpg 137 64 197 127 47 84 95 230 87 47 98 240 195 33 104 120
videos.hw01/08_frame/878.jpg 98 35 68 123 23 55 85 200 31 20 66 218 51 18 28 74
videos.hw01/08_frame/879.jpg 6 33 67 106 9 31 38 182 24 19 78 148 17 16 60 104
videos.hw01/08_frame/880.jpg 32 6 75 94 0 20 28 174 0 20 62 168 8 4 66 132
videos.hw01/08_frame/881.jpg 8 2 52 111 0 22 54 170 0 16 70 154 0 4 72 130
videos.hw01/08_frame/882.jpg 10 4 75 110 8 22 72 200 0 14 50 220 0 4 70 114
videos.hw01/08_frame/883.jpg 36 2 63 98 10 22 58 188 0 12 82 226 40 4 22 102
videos.hw01/08_frame/884.jpg 36 2 62 144 0 26 48 182 9 14 52 258 0 4 70 100
videos.hw01/08_frame/885.jpg 134 14 62 90 0 20 50 196 8 16 44 242 15 4 78 144
videos.hw01/08_frame/886.jpg 118 22 63 41 2 28 49 188 0 16 64 128 12 4 78 150
videos.hw01/08_frame/887.jpg 20 14 61 81 2 34 42 216 2 18 98 122 0 18 38 134
videos.hw01/08_frame/888.jpg 4 18 29 128 2 18 77 190 2 14 54 172 2 6 34 114
videos.hw01/08_frame/889.jpg 134 42 64 273 26 85 125 230 36 62 96 152 70 30 74 164
videos.hw01/08_frame/890.jpg 82 34 62 200 29 80 74 264 38 22 82 136 69 20 76 186
videos.hw01/08_frame/891.jpg 52 40 76 115 3 26 50 250 18 22 96 58 17 10 48 134
videos.hw01/08_frame/892.jpg 64 8 157 112 0 32 57 210 0 16 66 102 8 4 26 166
videos.hw01/08_frame/893.jpg 46 14 121 113 0 26 78 206 0 6 52 186 30 4 44 166
videos.hw01/08_frame/894.jpg 74 16 88 171 8 24 90 228 0 12 70 74 46 4 76 178
videos.hw01/08_frame/895.jpg 32 40 104 137 8 62 42 262 7 12 44 174 12 4 48 168
videos.hw01/08_frame/896.jpg 38 4 80 126 0 48 61 226 0 10 73 134 12 22 36 184
videos.hw01/08_frame/897.jpg 54 8 99 107 0 46 98 280 0 18 80 184 20 10 44 118
videos.hw01/08_frame/898.jpg 26 12 78 72 0 28 94 226 0 12 46 182 20 2 68 126
videos.hw01/08_frame/899.jpg 28 22 104 101 0 24 56 236 0 14 72 144 22 4 102 168
videos.hw01/08_frame/900.jpg 38 16 52 69 0 34 80 240 0 14 66 136 0 4 114 150
videos.hw01/08_frame/901.jpg 80 44 130 131 30 53 186 206 34 41 60 158 35 20 84 54
videos.hw01/08_frame/902.jpg 66 48 107 150 26 67 105 246 35 23 58 152 33 26 62 112
videos.hw01/08_frame/903.jpg 30 60 104 129 3 46 77 238 23 22 66 162 30 12 56 140
videos.hw01/08_frame/904.jpg 114 125 189 228 46 75 213 142 74 64 82 244 94 46 58 164
videos.hw01/08_frame/905.jpg 8 48 101 109 29 49 64 174 13 25 52 252 10 8 74 214
videos.hw01/08_frame/906.jpg 4 8 42 71 2 24 16 179 5 14 28 256 7 0 56 200
videos.hw01/08_frame/907.jpg 6 8 76 102 2 6 34 160 0 10 34 288 0 0 34 48
videos.hw01/08_frame/908.jpg 20 8 90 82 3 16 32 118 0 20 76 296 94 4 50 76
videos.hw01/08_frame/909.jpg 4485 3090 7596 5442 2519 4310 8238 5580 2794 3980 7707 5536 3734 2160 6670 5186
videos.hw01/08_frame/910.jpg 152 0 0 0 72 0 0 0 48 0 0 0 52 0 0 0
videos.hw01/08_frame/911.jpg 2 0 0 0 0 0 0 0 0 0 0 0 0 0 0 0
videos.hw01/08_frame/912.jpg 4 0 0 0 0 0 0 0 0 0 0 0 0 0 0 0
videos.hw01/08_frame/913.jpg 6 0 0 0 0 0 0 0 0 0 0 0 0 0 0 0
