1 0
2 1292
3 1526
4 1878
5 1332
6 2674
7 1194
8 1326
9 1394
10 1654
11 1536
12 1474
13 1214
14 1144
15 708
16 3776
17 1194
18 668
19 958
20 1772
21 1028
22 1066
23 1518
24 1240
25 1398
26 920
27 312
28 790
29 322
30 614
31 1592
32 650
33 1006
34 506
35 1034
36 350
37 342
38 734
39 754
40 1572
41 562
42 566
43 928
44 440
45 378
46 1210
47 758
48 426
49 1056
50 1912
51 1928
52 1390
53 252
54 802
55 1570
56 866
57 634
58 426
59 1016
60 536
61 2704
62 500
63 392
64 762
65 220
66 412
67 200
68 434
69 494
70 142
71 268
72 224
73 1998
74 772
75 318
76 2258
77 1226
78 488
79 2256
80 1438
81 1060
82 628
83 1856
84 1612
85 1806
86 654
87 304
88 2088
89 776
90 484
91 4370
92 1792
93 716
94 778
95 2046
96 896
97 2644
98 608
99 252
100 3400
101 214
102 604
103 138216
104 17350
105 2748
106 4132
107 19514
108 3732
109 13164
110 1116
111 2730
112 15048
113 3300
114 2380
115 11872
116 1458
117 1610
118 7120
119 127458
120 49620
121 2300
122 25008
123 1504
124 1568
125 21658
126 2710
127 1952
128 5718
129 3148
130 11264
131 12442
132 5822
133 23464
134 5166
135 12536
136 6952
137 8210
138 5952
139 2644
140 8878
141 3840
142 102176
143 6794
144 21622
145 4568
146 9660
147 8058
148 12946
149 5440
150 9574
151 10320
152 5938
153 22562
154 9030
155 24378
156 7260
157 12842
158 5828
159 31526
160 41816
161 61822
162 4728
163 101862
164 3878
165 22390
166 7456
167 2774
168 12186
169 25196
170 56072
171 6092
172 50624
173 5400
174 32070
175 9228
176 4764
177 3640
178 5412
179 4884
180 1232
181 3556
182 1378
183 6168
184 2270
185 1598
186 1144
187 4988
188 9668
189 4160
190 2632
191 5744
192 5148
193 1266
194 2014
195 18676
196 12474
197 2204
198 1726
199 11546
200 2200
201 12412
202 6554
203 12072
204 2064
205 7656
206 1680
207 2794
208 7658
209 70534
210 2306
211 5362
212 5510
213 5896
214 1852
215 4572
216 1700
217 1176
218 1374
219 934
220 1456
221 1142
222 1072
223 1894
224 3182
225 1404
226 3266
227 822
228 3018
229 1416
230 1324
231 2600
232 954
233 1136
234 1164
235 2198
236 1616
237 2086
238 1514
239 648
240 1060
241 2046
242 1304
243 774
244 652
245 1302
246 970
247 722
248 840
249 1166
250 948
251 850
252 774
253 832
254 1302
255 856
256 1874
257 808
258 568
259 1336
260 742
261 1064
262 4152
263 920
264 444
265 486
266 3598
267 5332
268 1582
269 3270
270 1160
271 2164
272 3382
273 586
274 2380
275 2882
276 1438
277 1234
278 1296
279 1572
280 1158
281 780
282 1348
283 746
284 1244
285 1318
286 1962
287 1710
288 438
289 966
290 658
291 888
292 766
293 566
294 638
295 908
296 532
297 940
298 884
299 1018
300 472
301 2380
302 1296
303 1136
304 584
305 1562
306 534
307 758
308 862
309 1336
310 870
311 1420
312 810
313 1808
314 638
315 812
316 1620
317 1498
318 806
319 1094
320 444
321 960
322 3884
323 1228
324 1176
325 910
326 608
327 352
328 644
329 1032
330 1182
331 2070
332 360
333 1122
334 774
335 1098
336 506
337 904
338 1234
339 472
340 804
341 578
342 864
343 252
344 1066
345 1262
346 1308
347 846
348 872
349 1276
350 792
351 180
352 934
353 5206
354 572
355 1024
356 2838
357 548
358 644
359 2002
360 570
361 5332
362 2146
363 746
364 1178
365 1648
366 1242
367 1294
368 1338
369 1014
370 1104
371 1110
372 722
373 924
374 1078
375 784
376 1842
377 942
378 1856
379 1952
380 848
381 702
382 1950
383 1488
384 1526
385 1988
386 1116
387 1620
388 1390
389 1890
390 932
391 1672
392 1224
393 1604
394 890
395 1464
396 884
397 1744
398 910
399 1188
400 880
401 1250
402 990
403 826
404 958
405 1170
406 2578
407 1694
408 738
409 826
410 1020
411 860
412 716
413 1362
414 688
415 342
416 708
417 1416
418 1032
419 1104
420 1272
421 3658
422 1046
423 1636
424 876
425 1124
426 564
427 462
428 1072
429 908
430 1068
431 2686
432 1138
433 1544
434 2488
435 1500
436 1506
437 1714
438 2248
439 1196
440 788
441 2860
442 85866
443 18716
444 16322
445 15118
446 16530
447 18144
448 13594
449 4650
450 4268
451 4060
452 2952
453 3072
454 4756
455 3972
456 3486
457 4322
458 4108
459 2214
460 3442
461 4576
462 3072
463 2826
464 3838
465 2900
466 2460
467 1372
468 1144
469 854
470 886
471 1422
472 1482
473 998
474 1520
475 1914
476 976
477 1324
478 1044
479 510
480 952
481 3916
482 974
483 940
484 1002
485 584
486 746
487 296
488 192
489 584
490 840
491 376
492 4
493 1812
