1 0
2 1280
3 0
4 0
5 0
6 1280
7 0
8 0
9 0
10 0
11 0
12 153600
13 756
14 474
15 1808
16 1048
17 716
18 70
19 904
20 854
21 1118
22 866
23 118
24 1160
25 1344
26 1276
27 778
28 18
29 1078
30 932
31 1042
32 1126
33 1126
34 80
35 2596
36 1420
37 1782
38 1406
39 78
40 1116
41 914
42 646
43 948
44 74
45 1910
46 1764
47 1400
48 104
49 2404
50 2568
51 2138
52 2392
53 244
54 2834
55 2660
56 2996
57 2904
58 400
59 4344
60 3180
61 4936
62 6830
63 7444
64 420
65 8464
66 8162
67 8120
68 8776
69 402
70 9116
71 9760
72 11218
73 10026
74 1114
75 11170
76 11046
77 13612
78 378
79 14360
80 13312
81 14656
82 15318
83 676
84 14624
85 14940
86 13702
87 12736
88 598
89 12798
90 11356
91 13242
92 14584
93 15102
94 534
95 14434
96 13850
97 12742
98 11014
99 754
100 13826
101 13808
102 12872
103 11534
104 330
105 10644
106 11014
107 10594
108 346
109 10926
110 5974
111 3606
112 3948
113 504
114 2750
115 1524
116 2482
117 4988
118 798
119 1394
120 1988
121 4066
122 1782
123 1508
124 264
125 1602
126 1540
127 1482
128 1512
129 250
130 3164
131 5786
132 4518
133 3570
134 938
135 3084
136 3028
137 4108
138 314
139 4414
140 5622
141 5712
142 5838
143 684
144 5938
145 7700
146 5352
147 3970
148 268
149 5094
150 5538
151 6524
152 7326
153 5246
154 412
155 7670
156 5676
157 7962
158 10034
159 350
160 9522
161 9720
162 7592
163 7980
164 330
165 6926
166 7150
167 7942
168 610
169 8834
170 8898
171 9468
172 8988
173 542
174 8254
175 7130
176 9440
177 7636
178 466
179 7076
180 8488
181 9838
182 8430
183 7024
184 658
185 8170
186 8090
187 7004
188 7320
189 576
190 7966
191 9640
192 7688
193 10478
194 1306
195 8568
196 9200
197 7376
198 630
199 7396
200 5864
201 7188
202 6270
203 606
204 6714
205 7208
206 4518
207 3830
208 194
209 3772
210 3622
211 4456
212 4370
213 4726
214 330
215 4852
216 5022
217 4572
218 4856
219 510
220 4646
221 4356
222 4482
223 3430
224 374
225 4568
226 3276
227 3378
228 540
229 5376
230 3528
231 3216
232 3266
233 340
234 3702
235 6510
236 3186
237 2490
238 292
239 3328
240 3000
241 4528
242 4032
243 3360
244 332
245 1962
246 2982
247 2170
248 2870
249 432
250 2686
251 2600
252 3066
253 3950
254 1116
255 2104
256 2814
257 2702
258 438
259 2514
260 3052
261 3452
262 4470
263 454
264 3330
265 4766
266 4934
267 3002
268 410
269 3512
270 3246
271 2686
272 1382
273 2508
274 376
275 1686
276 2124
277 3860
278 2434
279 566
280 2226
281 4020
282 2774
283 2370
284 162
285 2012
286 2238
287 2730
288 310
289 3582
290 2222
291 2210
292 1834
293 362
294 4128
295 2184
296 1322
297 1372
298 402
299 1804
300 3248
301 4724
302 2250
303 1802
304 366
305 2632
306 2100
307 2140
308 2062
309 392
310 2020
311 2046
312 4522
313 3966
314 1382
315 3434
316 3548
317 3426
318 558
319 5080
320 3758
321 3848
322 3180
323 350
324 4236
325 4802
326 4792
327 2758
328 462
329 3516
330 3574
331 4396
332 5432
333 4964
334 314
335 4598
336 5676
337 5826
338 5682
339 538
340 5446
341 4876
342 4322
343 3826
344 522
345 3864
346 3350
347 2774
348 702
349 3686
350 4534
351 4766
352 5732
353 534
354 4554
355 4752
356 5894
357 4530
358 386
359 4118
360 3774
361 5500
362 4408
363 4296
364 648
365 4004
366 4190
367 3478
368 4316
369 866
370 2746
371 2688
372 2818
373 4250
374 1668
375 3468
376 3064
377 4418
378 274
379 4098
380 4368
381 3926
382 3314
383 462
384 3888
385 4920
386 3744
387 4098
388 438
389 2740
390 3242
391 2610
392 1724
393 4266
394 482
395 2036
396 2210
397 4138
398 2322
399 790
400 5404
401 3970
402 3890
403 5464
404 840
405 5932
406 3558
407 4272
408 588
409 5016
410 4504
411 5036
412 4118
413 408
414 3692
415 3082
416 3298
417 3100
418 360
419 3062
420 2872
421 4758
422 2404
423 2516
424 548
425 3076
426 2532
427 67434
428 6416
429 166
430 5210
431 5974
432 7260
433 8582
434 1506
435 5132
436 5166
437 4874
438 778
439 4450
440 4324
441 4642
442 4344
443 216
444 4502
445 8256
446 4016
447 3004
448 294
449 3206
450 4996
451 3272
452 4040
453 4334
454 394
455 6632
456 8372
457 9602
458 7508
459 846
460 8748
461 6614
462 6396
463 7258
464 754
465 7584
466 6818
467 4378
468 642
469 9686
470 7048
471 5174
472 6870
473 592
474 5930
475 6498
476 6634
477 5892
478 454
479 6058
480 5600
481 7082
482 7962
483 6596
484 248
485 7684
486 7560
487 9654
488 6282
489 616
490 4862
491 5856
492 5838
493 7962
494 1420
495 8190
496 6026
497 4926
498 354
499 3600
500 4340
501 3768
502 4080
503 444
504 73902
505 4814
506 3624
507 3760
508 332
509 3676
510 3780
511 4384
512 4656
513 4934
514 350
515 5244
516 4224
517 4630
518 3272
519 274
520 2430
521 3644
522 2858
523 3998
524 306
525 4570
526 4272
527 4790
528 320
529 6240
530 4194
531 4016
532 3248
533 732
534 6066
535 4262
536 4228
537 4462
538 612
539 3170
540 3006
541 6626
542 5518
543 5022
544 688
545 3940
546 4236
547 2730
548 2340
549 440
550 2922
551 2032
552 1974
553 3748
554 1274
555 3224
556 2280
557 2060
558 224
559 2782
560 1936
561 1818
562 6104
563 992
564 1092
565 4236
566 1322
567 1564
568 202
569 1018
570 1414
571 876
572 678
573 704
574 178
575 786
576 84908
577 2054
578 1442
579 544
580 340
581 806
582 512
583 252
584 138
585 786
586 1468
587 1482
588 240
589 2724
590 2288
591 1574
592 1836
593 442
594 1626
595 1724
596 1360
597 1804
598 212
599 1098
600 2918
601 3112
602 1282
603 772
604 448
605 1322
606 920
607 2402
608 3620
609 466
610 3898
611 3752
612 4354
613 5550
614 968
615 4250
616 6162
617 4814
618 564
619 6128
620 4912
621 6238
622 5124
623 460
624 4052
625 7896
626 5618
627 6216
628 532
629 5248
630 6526
631 5738
632 6572
633 4006
634 490
635 6382
636 6006
637 6458
638 5798
639 518
640 5402
641 5820
642 4652
643 6818
644 302
645 6428
646 4922
647 5896
648 524
649 7070
650 5616
651 7128
652 5944
653 350
654 6164
655 7268
656 7116
657 5436
658 652
659 5116
660 6294
661 7512
662 5910
663 6262
664 734
665 5914
666 5158
667 7002
668 5260
669 466
670 6116
671 7038
672 5414
673 6110
674 1150
675 5114
676 5238
677 6102
678 628
679 6184
680 6108
681 5016
682 6672
683 1164
684 5890
685 5158
686 4224
687 4310
688 558
689 4778
690 4172
691 3904
692 4758
693 5984
694 668
695 4040
696 3328
697 6020
698 2924
699 514
700 2512
701 1976
702 2676
703 2430
704 640
705 2608
706 2288
707 2426
708 586
709 3116
710 2754
711 2798
712 3750
713 812
714 1842
715 1822
716 2588
717 2004
718 424
719 1828
720 2382
721 4298
722 2444
723 2312
724 640
725 1992
726 3494
727 2528
728 2258
729 756
730 2104
731 3276
732 2266
733 3048
734 1102
735 2722
736 2758
737 3090
738 502
739 4976
740 1758
741 2140
742 2104
743 144
744 2008
745 5300
746 2196
747 2348
748 302
749 1654
750 2730
751 1622
752 1606
753 1142
754 244
755 77090
756 934
757 3226
758 1426
759 492
760 798
761 1422
762 1512
763 1100
764 260
765 790
766 1754
767 1754
768 322
769 3826
770 2452
771 1716
772 1822
773 666
774 2450
775 2242
776 2354
777 2048
778 862
779 2472
780 2908
781 2588
782 1990
783 2574
784 402
785 1916
786 2134
787 3790
788 2748
789 562
790 2490
791 5142
792 2816
793 4180
794 1188
795 2828
796 3398
797 5134
798 726
799 2836
800 2884
801 2460
802 2374
803 318
804 2542
805 5118
806 3994
807 2686
808 278
809 3000
810 2792
811 2464
812 2048
813 2338
814 250
815 1924
816 1982
817 3178
818 2848
819 340
820 1832
821 1680
822 55316
823 3440
824 306
825 3680
826 3484
827 3494
828 296
829 3666
830 2866
831 3450
832 3058
833 556
834 2842
835 2880
836 3228
837 2144
838 198
839 2726
840 3732
841 3486
842 3100
843 4190
844 448
845 2308
846 3604
847 2488
848 2246
849 576
850 2610
851 2784
852 2718
853 2574
854 1076
855 2650
856 3782
857 2784
858 466
859 2852
860 2346
861 2304
862 4330
863 212
864 2672
865 3076
866 2404
867 1838
868 880
869 2032
870 2294
871 2208
872 2156
873 2472
874 384
875 2164
876 2924
877 2930
878 2480
879 534
880 1872
881 4444
882 5624
883 2958
884 408
885 3322
886 2910
887 3942
888 704
889 4806
890 2744
891 2660
892 2604
893 414
894 2950
895 2260
896 3422
897 4612
898 462
899 3160
900 3320
901 3006
902 2478
903 3286
904 524
905 4628
906 3672
907 3446
908 3676
909 418
910 3866
911 2918
912 2254
913 3768
914 1196
915 3644
916 2906
917 3018
918 292
919 3416
920 2358
921 2694
922 3790
923 570
924 3416
925 3978
926 3354
927 2724
928 614
929 2542
930 2992
931 4218
932 4294
933 4178
934 342
935 2412
936 2612
937 4126
938 3208
939 446
940 2468
941 1904
942 56508
943 1312
944 492
945 532
946 2104
947 890
948 202
949 3920
950 2034
951 2176
952 1412
953 368
954 2358
955 1616
956 3782
957 2306
958 522
959 1550
960 1248
961 2484
962 1656
963 1900
964 412
965 1258
966 1890
967 1078
968 974
969 302
970 810
971 1144
972 906
973 4464
974 1360
975 1934
976 1330
977 1040
978 390
979 750
980 836
981 1462
982 1614
983 224
984 1610
985 2478
986 2530
987 1894
988 366
989 2332
990 1732
991 2326
992 1972
993 3168
994 286
995 1588
996 1996
997 4286
998 2954
999 910
1000 2350
1001 2958
1002 2402
1003 2884
1004 850
1005 3036
1006 2536
1007 2272
1008 508
1009 3956
1010 2198
1011 2226
1012 4202
1013 400
1014 2204
1015 1932
1016 1670
1017 1574
1018 678
1019 1674
1020 1434
1021 2872
1022 1798
1023 1558
1024 582
1025 1364
1026 1934
1027 1012
1028 1482
1029 668
1030 1226
1031 3406
1032 7828
1033 56086
1034 1050
1035 3458
1036 3074
1037 3514
1038 206
1039 3008
1040 3172
1041 3422
1042 2714
1043 306
1044 2198
1045 3552
1046 2878
1047 3108
1048 382
1049 3444
1050 4472
1051 3438
1052 4068
1053 3272
1054 446
1055 4374
1056 2732
1057 3806
1058 3418
1059 616
1060 4068
1061 3222
1062 3872
1063 4048
1064 730
1065 4248
1066 2484
1067 3526
1068 354
1069 3926
1070 2326
1071 2038
1072 2980
1073 240
1074 3980
1075 4466
1076 3404
1077 3404
1078 290
1079 2762
1080 2936
1081 4368
1082 2650
1083 3074
1084 368
1085 2154
1086 2460
1087 2920
1088 2154
1089 408
1090 2250
1091 4314
1092 3452
1093 5316
1094 960
1095 4732
1096 6078
1097 4944
1098 290
1099 4634
1100 4454
1101 3344
1102 2672
1103 496
1104 3562
1105 4202
1106 5948
1107 6210
1108 512
1109 6236
1110 5868
1111 4620
1112 2948
1113 3088
1114 408
1115 3180
1116 3042
1117 3658
1118 2470
1119 522
1120 3024
1121 2198
1122 3638
1123 2458
1124 500
1125 4200
1126 2490
1127 2364
1128 442
1129 2252
1130 2028
1131 2464
1132 3674
1133 304
1134 2734
1135 2668
1136 3214
1137 3892
1138 374
1139 3830
1140 2984
1141 3718
1142 2982
1143 3466
1144 474
1145 3092
1146 2994
1147 3452
1148 3960
1149 406
1150 5470
1151 5728
1152 5420
1153 5586
1154 1084
1155 4134
1156 5550
1157 4292
1158 468
1159 5182
1160 3422
1161 3268
1162 3268
1163 598
1164 3288
1165 4334
1166 3902
1167 3214
1168 340
1169 3110
1170 4478
1171 2684
1172 2878
1173 3504
1174 510
1175 4784
1176 4624
1177 5224
1178 5404
1179 466
1180 5486
1181 6054
1182 5932
1183 5050
1184 670
1185 5916
1186 5028
1187 6242
1188 620
1189 7514
1190 6794
1191 5148
1192 6140
1193 452
1194 5598
1195 5182
1196 5280
1197 6244
1198 680
1199 4732
1200 6378
1201 5702
1202 7108
1203 6020
1204 528
1205 3520
1206 4618
1207 5056
1208 5232
1209 528
1210 2580
1211 1844
1212 58160
1213 3602
1214 1258
1215 2180
1216 2110
1217 1818
1218 298
1219 2454
1220 1860
1221 2194
1222 1894
1223 300
1224 2492
1225 4674
1226 2676
1227 2284
1228 672
1229 3040
1230 2874
1231 3108
1232 2040
1233 3192
1234 432
1235 2618
1236 3218
1237 5086
1238 3844
1239 464
1240 3278
1241 3230
1242 2556
1243 3422
1244 382
1245 2722
1246 2966
1247 3986
1248 458
1249 4308
1250 4560
1251 4152
1252 3524
1253 492
1254 3164
1255 3042
1256 4188
1257 3000
1258 562
1259 2862
1260 2960
1261 5006
1262 2530
1263 2418
1264 548
1265 2372
1266 2108
1267 5402
1268 2168
1269 330
1270 1534
1271 1852
1272 2062
1273 5168
1274 1500
1275 3690
1276 1714
1277 2074
1278 116
1279 1652
1280 1568
1281 1242
1282 790
1283 150
1284 1292
1285 2690
1286 1982
1287 1498
1288 344
1289 1348
1290 1208
1291 1366
1292 56650
1293 3128
1294 134
1295 2272
1296 1992
1297 3394
1298 2276
1299 572
1300 1168
1301 1748
1302 2678
1303 5892
1304 332
1305 2568
1306 2592
1307 2220
1308 298
1309 3026
1310 1800
1311 2934
1312 4382
1313 456
1314 3124
1315 3308
1316 3000
1317 2868
1318 300
1319 3364
1320 3216
1321 3928
1322 3392
1323 4510
1324 586
1325 3366
1326 6200
1327 5064
1328 3256
1329 258
1330 2510
1331 2800
1332 3700
1333 5126
1334 1006
1335 3250
1336 3572
1337 2718
1338 640
1339 2728
1340 1572
1341 2198
1342 2852
1343 576
1344 3004
1345 3560
1346 4324
1347 4546
1348 578
1349 5706
1350 4880
1351 4192
1352 3558
1353 2324
1354 328
1355 2124
1356 1736
1357 3270
1358 2536
1359 468
1360 1794
1361 1460
1362 47696
1363 2044
1364 368
1365 3334
1366 4118
1367 3998
1368 610
1369 5518
1370 3770
1371 3104
1372 2880
1373 284
1374 3560
1375 4070
1376 7170
1377 5860
1378 790
1379 6624
1380 5882
1381 8616
1382 7980
1383 6426
1384 504
1385 6232
1386 7398
1387 7282
1388 5906
1389 604
1390 8794
1391 8874
1392 8348
1393 10140
1394 1694
1395 10628
1396 10710
1397 8360
1398 380
1399 10260
1400 9900
1401 8880
1402 8776
1403 342
1404 9440
1405 9652
1406 9420
1407 9144
1408 398
1409 9410
1410 8516
1411 7894
1412 7240
1413 7198
1414 674
1415 6820
1416 8248
1417 10990
1418 8988
1419 594
1420 7180
1421 9698
1422 8548
1423 7856
1424 540
1425 7018
1426 7704
1427 8284
1428 572
1429 10966
1430 8270
1431 7954
1432 6554
1433 296
1434 6660
1435 6052
1436 4706
1437 4312
1438 624
1439 3262
1440 2826
1441 5888
1442 2176
1443 3890
1444 496
1445 4262
1446 4044
1447 4380
1448 4346
1449 690
1450 2880
1451 2976
1452 2694
1453 3602
1454 1194
1455 4908
1456 6254
1457 4096
1458 868
1459 3142
1460 2902
1461 4676
1462 4532
1463 712
1464 4048
1465 4810
1466 3902
1467 3532
1468 556
1469 4178
1470 3808
1471 4110
1472 4304
1473 3828
1474 790
1475 4246
1476 4258
1477 6762
1478 5678
1479 920
1480 7134
1481 6810
1482 6672
1483 6270
1484 780
1485 6246
1486 6844
1487 7002
1488 446
1489 7818
1490 6410
1491 7236
1492 7454
1493 634
1494 7376
1495 7630
1496 7140
1497 6260
1498 782
1499 7552
1500 9728
1501 11030
1502 7616
1503 7890
1504 438
1505 7638
1506 9310
1507 9120
1508 9498
1509 666
1510 7618
1511 7242
1512 8864
1513 9284
1514 2362
1515 8522
1516 8590
1517 8066
1518 462
1519 9812
1520 6696
1521 7532
1522 8038
1523 768
1524 7460
1525 9958
1526 8462
1527 7608
1528 700
1529 7098
1530 7874
1531 7554
1532 5452
1533 6392
1534 542
1535 6756
1536 5996
1537 10504
1538 6806
1539 648
1540 4380
1541 6354
1542 6246
1543 5582
1544 808
1545 4892
1546 5286
1547 4444
1548 564
1549 8056
1550 6260
1551 5068
1552 4376
1553 598
1554 5130
1555 4828
1556 4900
1557 3416
1558 492
1559 4034
1560 4834
1561 5000
1562 3906
1563 4428
1564 572
1565 5052
1566 4964
1567 4726
1568 4184
1569 526
1570 3568
1571 3498
1572 3266
1573 48582
1574 1190
1575 3442
1576 3104
1577 2990
1578 232
1579 4144
1580 3012
1581 3996
1582 3774
1583 656
1584 3132
1585 6164
1586 4632
1587 3852
1588 334
1589 3174
1590 4012
1591 4530
1592 3964
1593 4174
1594 278
1595 4036
1596 4476
1597 6910
1598 10986
1599 354
1600 8804
1601 11614
1602 10252
1603 9700
1604 472
1605 6674
1606 6126
1607 5646
1608 682
1609 7166
1610 6090
1611 4478
1612 6262
1613 554
1614 5372
1615 3432
1616 3168
1617 3920
1618 318
1619 2928
1620 3222
1621 7248
1622 3342
1623 5282
1624 956
1625 6744
1626 4628
1627 4342
1628 4074
1629 402
1630 3340
1631 4154
1632 5362
1633 4210
1634 868
1635 2468
1636 1428
1637 2194
1638 316
1639 2058
1640 1514
1641 1064
1642 1458
1643 186
1644 1206
1645 136808
1646 1428
1647 582
1648 58
1649 536
1650 964
1651 776
1652 634
1653 1092
1654 278
1655 598
1656 1048
1657 1556
1658 1306
1659 308
1660 690
1661 920
1662 830
1663 990
1664 30
1665 346
1666 514
1667 872
1668 38
1669 2056
1670 1016
1671 900
1672 804
1673 42
1674 1170
1675 1334
1676 1420
1677 930
1678 52
1679 954
1680 1350
1681 1660
1682 1278
1683 1484
1684 142
1685 614
1686 1104
1687 1552
1688 1494
1689 56
1690 932
1691 2244
1692 1526
1693 3052
1694 606
1695 926
1696 1014
1697 814
1698 116
1699 696
1700 940
1701 1142
1702 732
1703 70
1704 560
1705 1166
1706 1826
1707 764
1708 60
1709 594
1710 634
1711 106616
1712 10392
1713 23200
1714 42
1715 23664
1716 27214
1717 4162
1718 1418
1719 302
1720 954
1721 946
1722 868
1723 1002
1724 132
1725 1138
1726 1072
1727 1008
1728 212
1729 1418
1730 1046
1731 1124
1732 496
1733 230
1734 908
1735 742
1736 890
1737 632
1738 94
1739 720
1740 798
1741 1270
1742 854
1743 1074
1744 228
1745 738
1746 986
1747 638
1748 508
1749 124
1750 1008
1751 21674
1752 5064
1753 7094
1754 350
1755 11676
1756 5454
1757 17182
1758 258
1759 286
1760 342
1761 584
1762 1292
1763 112
1764 376
1765 1000
1766 760
1767 458
1768 220
1769 590
1770 920
1771 624
1772 542
1773 678
1774 208
1775 812
1776 328
1777 1656
1778 1376
1779 212
1780 642
1781 658
1782 664
1783 456
1784 158
1785 522
1786 698
1787 442
1788 168
1789 1342
1790 670
1791 586
1792 516
1793 234
1794 548
1795 514
1796 388
1797 664
1798 174
1799 566
1800 1004
1801 1402
1802 788
1803 374
1804 136
1805 632
1806 462
1807 352
1808 1992
1809 420
1810 404
1811 372
1812 634
1813 1386
1814 884
1815 562
1816 914
1817 854
1818 260
1819 1396
1820 922
1821 626
1822 470
1823 114
1824 402
1825 1742
1826 1120
1827 842
1828 216
1829 446
1830 1250
1831 494
1832 768
1833 830
1834 94
1835 884
1836 910
1837 1976
1838 1162
1839 234
1840 388
1841 612
1842 153600
1843 160
1844 0
1845 80
1846 0
1847 0
1848 0
1849 0
1850 0
1851 0
1852 0
1853 0
1854 0
1855 0
1856 0
1857 0
1858 0
1859 0
