1 0
2 1294
3 294
4 1114
5 144
6 28
7 718
8 1966
9 576
10 35598
11 1152
12 4894
13 11114
14 13452
15 8392
16 1254
17 5662
18 5944
19 13544
20 3980
21 926
22 4888
23 4026
24 3058
25 4440
26 1230
27 3524
28 2566
29 4376
30 2400
31 2142
32 1958
33 1552
34 2174
35 2624
36 916
37 3136
38 1850
39 2206
40 2394
41 1920
42 1416
43 1172
44 1540
45 1156
46 1062
47 1664
48 552
49 1620
50 1464
51 1092
52 1378
53 1568
54 882
55 1318
56 1194
57 764
58 890
59 1776
60 1944
61 3128
62 2156
63 2932
64 3950
65 3156
66 1378
67 3298
68 3658
69 4248
70 3732
71 2768
72 6314
73 8848
74 12620
75 13612
76 3904
77 31474
78 51478
79 56902
80 32228
81 5528
82 123964
83 98566
84 84316
85 4470
86 3744
87 5284
88 4300
89 6938
90 4090
91 4620
92 6874
93 4120
94 4510
95 5972
96 2320
97 5956
98 5182
99 30942
100 20250
101 2060
102 6184
103 9248
104 21238
105 23856
106 5158
107 14898
108 5716
109 57224
110 4168
111 1028
112 3762
113 3054
114 3808
115 5068
116 1656
117 4134
118 3196
119 4424
120 11266
121 5072
122 6804
123 5012
124 5304
125 5540
126 1462
127 5044
128 4784
129 7300
130 5932
131 1234
132 8138
133 8412
134 8736
135 14910
136 1534
137 29740
138 2614
139 3972
140 2134
141 1394
142 4144
143 3216
144 3090
145 7628
146 2100
147 8574
148 4558
149 3868
150 4074
151 2818
152 9420
153 7626
154 10442
155 10192
156 3550
157 10580
158 5268
159 4596
160 2168
161 220
162 117834
163 71936
164 7558
165 8850
166 3384
167 9968
168 14580
169 24896
170 46450
171 1356
172 28748
173 13824
174 4184
175 8852
176 4598
177 7608
178 9462
179 1248
180 62032
181 2712
182 5370
183 4566
184 5420
185 1240
186 2276
187 7714
188 6404
189 35074
190 742
191 3102
192 32042
193 10476
194 13574
195 15326
196 7504
197 26800
198 33112
199 56610
200 43634
201 12670
202 69156
203 40416
204 152746
205 10290
206 7792
207 28036
208 20878
209 9882
210 11246
211 4528
212 8080
213 7308
214 7048
215 7834
216 2910
217 7422
218 4614
219 4534
220 4370
221 2366
222 4962
223 4234
224 5828
225 7204
226 3948
227 13456
228 31210
229 68342
230 28594
231 2908
232 122508
233 3088
234 6334
235 5936
236 3182
237 6592
238 3282
239 6856
240 7496
241 3956
242 7414
243 6354
244 7608
245 7998
246 1304
247 6750
248 4982
249 7456
250 65668
251 1726
252 4314
253 4996
254 6788
255 5494
256 2210
257 6804
258 5828
259 7144
260 6644
261 1730
262 5810
263 4818
264 4594
265 4190
266 2754
267 3502
268 2956
269 4560
270 4330
271 2142
272 3818
273 3422
274 3446
275 64324
276 2380
277 4366
278 2122
279 8092
280 3738
281 1126
282 4858
283 3654
284 4916
285 2522
286 1822
287 6094
288 55490
289 17636
290 14096
291 1992
292 19784
293 12682
294 23200
295 20330
296 1620
297 26862
298 9598
299 8372
300 7028
301 5342
302 6122
303 56018
304 3230
305 4276
306 2378
307 6816
308 6138
309 8034
310 5664
311 1342
312 4952
313 5114
314 4970
315 5452
316 2708
317 5352
318 38592
319 6722
320 8838
321 3018
322 10930
323 6342
324 6038
325 6208
326 2378
327 6220
328 6962
329 6142
330 5774
331 3442
332 6596
333 72166
334 3476
335 4568
336 1718
337 5576
338 3416
339 4130
340 2510
341 1662
342 4134
343 2922
344 4172
345 5064
346 1596
347 7354
348 7220
349 6230
350 6078
351 2248
352 4574
353 3974
354 4588
355 3574
356 1694
357 3860
358 2916
359 2044
360 2378
361 2716
362 3706
363 94190
364 85280
365 68720
366 3866
367 86254
368 52566
369 31860
370 30070
371 3814
372 20268
373 11492
374 15518
375 17838
376 2682
377 17926
378 15754
379 11342
380 10526
381 3628
382 7760
383 7580
384 9106
385 7084
386 2932
387 5634
388 9220
389 7466
390 5468
391 2132
392 13150
393 8040
394 12972
395 10886
396 3158
397 12318
398 7438
399 6504
400 7872
401 2624
402 8176
403 8452
404 14160
405 11390
406 2260
407 8646
408 11812
409 10566
410 27448
411 1618
412 37618
413 45362
414 118318
415 100926
416 1982
417 29158
418 37570
419 47736
420 19106
421 4588
422 6166
423 3932
424 5768
425 4690
426 2558
427 5514
428 4998
429 5000
430 7592
431 2876
432 4376
433 6710
434 4286
435 7382
436 3466
437 5080
438 5872
439 55134
440 3562
441 1564
442 5466
443 5300
444 5002
445 6202
446 2766
447 6526
448 4560
449 6162
450 5826
451 3274
452 6006
453 5900
454 5256
455 6588
456 2888
457 8450
458 6830
459 6118
460 6346
461 1972
462 74700
463 4020
464 4944
465 6378
466 2512
467 5848
468 5846
469 5384
470 6356
471 2822
472 7108
473 6086
474 7262
475 5866
476 2994
477 6816
478 7368
479 8250
480 6786
481 4688
482 9190
483 7648
484 6876
485 6840
486 2166
487 7152
488 7082
489 6406
490 6572
491 3074
492 89880
493 4870
494 7562
495 5456
496 1886
497 5848
498 9088
499 7538
500 7658
501 2702
502 5250
503 4714
504 3536
505 6034
506 3196
507 5814
508 5296
509 5046
510 4134
511 2940
512 4424
513 84642
514 4588
515 5720
516 2358
517 6992
518 3880
519 4038
520 5382
521 2176
522 6172
523 2722
524 3022
525 4062
526 2276
527 3710
528 3352
529 4196
530 4780
531 2878
532 77290
533 25030
534 17770
535 17444
536 1976
537 22450
538 16596
539 7214
540 13870
541 4842
542 10558
543 5014
544 52042
545 6060
546 2680
547 10640
548 5226
549 8046
550 7790
551 2724
552 5790
553 6218
554 4874
555 5326
556 3056
557 8722
558 54574
559 8052
560 6978
561 2048
562 6686
563 5656
564 7770
565 4456
566 2014
567 4668
568 2750
569 45214
570 6960
571 1512
572 3886
573 4232
574 6366
575 5332
576 2600
577 5674
578 3922
579 4234
580 7398
581 3084
582 3426
583 7176
584 4178
585 4944
586 2654
587 4548
588 5476
589 5248
590 3760
591 2966
592 3760
593 7684
594 3716
595 4448
596 2660
597 3942
598 3854
599 7008
600 5298
601 4672
602 3820
603 3006
604 3232
605 2816
606 2918
607 64772
608 66308
609 51784
610 49412
611 1884
612 23658
613 40620
614 19412
615 19572
616 1886
617 15400
618 17148
619 17982
620 18610
621 2330
622 16044
623 12382
624 17202
625 16070
626 5058
627 16676
628 11478
629 11078
630 9760
631 4126
632 9462
633 10090
634 15722
635 12696
636 3568
637 18262
638 18068
639 16734
640 13990
641 5158
642 13092
643 12268
644 12002
645 22208
646 4954
647 22532
648 12902
649 14266
650 11548
651 2808
652 11386
653 14420
654 51668
655 33356
656 2476
657 47288
658 52842
659 68244
660 4740
661 4146
662 4736
663 4280
664 4374
665 6374
666 2066
667 5722
668 6654
669 7176
670 5628
671 2798
672 5168
673 3136
674 3072
675 2842
676 2460
677 3278
678 97990
679 8454
680 17438
681 1894
682 18554
683 12730
684 4030
685 4724
686 2618
687 5514
688 2940
689 3020
690 2946
691 1806
692 2066
693 1876
694 2692
695 90416
696 1520
697 8744
698 6838
699 7264
700 7372
701 2212
702 4616
703 6100
704 6146
705 6900
706 2236
707 7678
708 7554
709 7962
710 7078
711 2504
712 7102
713 7218
714 6844
715 7678
716 2932
717 7196
718 7352
719 7904
720 7428
721 7408
722 6586
723 6278
724 5936
725 14686
726 1964
727 7926
728 10680
729 13460
730 17502
731 3202
732 13724
733 8824
734 7304
735 5482
736 3424
737 5186
738 4216
739 4160
740 4368
741 4358
742 7006
743 5746
744 3628
745 7082
746 4236
747 5286
748 4244
749 4042
750 5550
751 3778
752 11780
753 10310
754 9018
755 9662
756 2470
757 7174
758 4174
759 4232
760 3710
761 3414
762 5182
763 43242
764 85660
765 27068
766 1190
767 41266
768 29956
769 42900
770 18898
771 2844
772 11256
773 3374
774 3032
775 3284
776 1414
777 3810
778 4182
779 10666
780 9070
781 4644
782 11810
783 10528
784 12568
785 7528
786 2956
787 10754
788 10832
789 15862
790 13070
791 23576
792 65658
793 11174
794 26006
795 26808
796 13236
797 34932
798 13130
799 16998
800 14300
801 6068
802 15962
803 9908
804 6894
805 15118
806 5932
807 8662
808 6146
809 6070
810 9500
811 1246
812 16118
813 30098
814 40796
815 26502
816 2278
817 29622
818 37908
819 105276
820 46778
821 1138
822 834
823 798
824 1226
825 836
826 1282
827 882
828 1340
829 2244
830 1308
831 1296
832 1726
833 1644
834 1364
835 1386
836 862
837 874
838 1236
839 1442
840 894
841 2018
842 1570
843 1284
844 3066
845 1022
846 1120
847 1158
848 828
849 954
850 980
851 848
852 1202
853 2804
854 1554
855 1110
856 1260
857 1298
858 1044
859 966
860 1110
861 1348
862 1238
863 1084
864 1264
865 1690
866 1762
867 1384
868 1350
869 1378
870 1484
871 1540
872 1368
873 1356
874 2308
875 1330
876 1132
877 2220
878 1096
879 1032
880 810
881 1210
882 1228
883 1220
884 1168
885 1150
886 1272
887 1832
888 1576
889 1826
890 1490
891 1868
892 1678
893 1434
894 1344
895 1340
896 1110
897 1154
898 1216
899 1330
900 1170
901 2212
902 1846
903 1182
904 3376
905 1388
906 1194
907 1020
908 1084
909 143284
910 1356
911 2146
912 904
913 2100
